Potential - Start 1.5 V, Stop -0.5 V, Step -0.005 V; Modulation - Amplitude -0.05 V, Time 0.025 s, Interval time 0.05 s
Index	Base.Time (s)	Potential applied (V)	WE(1).Base.Potential (V)	WE(1).Base.Current (A)	WE(1).Pulse.Current (A)	WE(1).δ.Current (A)	WE(1).Base.Power (W)	WE(1).Base.Resistance (Ω)	WE(1).Base.Charge (C)
1	183.920237535646	1.49993896484375	1.49871826171875	1.2127685546875E-06	7.5958251953125E-07	-4.5318603515625E-07	1.81759833139949E-06	1235782.625	0
2	183.97023753552	1.49490356445313	1.49322509765625	1.35345458984375E-06	7.843017578125E-07	-5.6915283203125E-07	2.02101227841922E-06	1103269.5	6.41555786273784E-08
3	184.020237535394	1.4898681640625	1.488037109375	1.3531494140625E-06	7.843017578125E-07	-5.6884765625E-07	2.01353645934432E-06	1099684.25	1.31820669935223E-07
4	184.070237535267	1.48483276367188	1.483154296875	1.33544921875E-06	7.7789306640625E-07	-5.5755615234375E-07	1.98067709789029E-06	1110603.375	1.99035639525391E-07
5	184.120237535141	1.47979736328125	1.478271484375	1.324462890625E-06	7.708740234375E-07	-5.535888671875E-07	1.95791562873637E-06	1116129.125	2.65533429910647E-07
6	184.170237535015	1.47476196289063	1.47369384765625	1.31134033203125E-06	7.6141357421875E-07	-5.49926757812499E-07	1.93251412383688E-06	1123807.375	3.31428509525722E-07
7	184.220237534889	1.4697265625	1.46820068359375	1.29608154296875E-06	7.5225830078125E-07	-5.438232421875E-07	1.90290779755742E-06	1132799.625	3.96614069586576E-07
8	184.270237534762	1.46469116210938	1.46270751953125	1.28448486328125E-06	7.4493408203125E-07	-5.39550781250001E-07	1.87882562840969E-06	1138750.375	4.61128223605556E-07
9	184.320237534636	1.45965576171875	1.458740234375	1.27166748046875E-06	7.366943359375E-07	-5.34973144531249E-07	1.85503245120344E-06	1147108.25	5.25032021414518E-07
10	184.37023753451	1.45462036132813	1.45294189453125	1.2603759765625E-06	7.2662353515625E-07	-5.3375244140625E-07	1.83125303010456E-06	1152784.5	5.88333136875008E-07
11	184.420237534384	1.4495849609375	1.44805908203125	1.25E-06	7.1990966796875E-07	-5.30090332031249E-07	1.81007385435805E-06	1158447.25	6.51092534553754E-07
12	184.470237534257	1.44454956054688	1.4434814453125	1.24053955078125E-06	7.10144042968749E-07	-5.30395507812501E-07	1.79069581918156E-06	1163591.625	7.1335597340294E-07
13	184.520237534131	1.43951416015625	1.43798828125	1.23046875E-06	7.0159912109375E-07	-5.28869628906249E-07	1.7693995459922E-06	1168650.875	7.75131184127531E-07
14	184.570237534005	1.43447875976563	1.43310546875	1.2225341796875E-06	6.9427490234375E-07	-5.2825927734375E-07	1.75202035279654E-06	1172241.625	8.36456251818163E-07
15	184.620237533879	1.429443359375	1.4276123046875	1.2139892578125E-06	6.8634033203125E-07	-5.2764892578125E-07	1.73310593254428E-06	1175967.875	8.9736937525231E-07
16	184.670237533752	1.42440795898438	1.4227294921875	1.20849609375E-06	6.77490234375E-07	-5.31005859375E-07	1.71936301285314E-06	1177272.75	9.57931433731574E-07
17	184.720237533626	1.41937255859375	1.4178466796875	1.201171875E-06	6.695556640625E-07	-5.31616210937499E-07	1.70307748703635E-06	1180386.25	1.01817317954556E-06
18	184.7702375335	1.41433715820313	1.41326904296875	1.1956787109375E-06	6.622314453125E-07	-5.33447265625001E-07	1.68981569004245E-06	1181980.625	1.078094442164E-06
19	184.820237533374	1.4093017578125	1.40716552734375	1.1883544921875E-06	6.53076171875E-07	-5.352783203125E-07	1.6722113969081E-06	1184129.5	1.13769522158691E-06
20	184.870237533248	1.40426635742188	1.402587890625	1.18377685546875E-06	6.4544677734375E-07	-5.38330078125E-07	1.66035101756279E-06	1184841.5	1.19699859624234E-06
21	184.920237533121	1.39923095703125	1.397705078125	1.1767578125E-06	6.36901855468749E-07	-5.3985595703125E-07	1.64476034569816E-06	1187759.375	1.25601195577474E-06
22	184.970237532995	1.39419555664063	1.3922119140625	1.1737060546875E-06	6.2835693359375E-07	-5.45349121093749E-07	1.63404740760598E-06	1186167.5	1.31477349896159E-06
23	185.020237532869	1.38916015625	1.38763427734375	1.16912841796875E-06	6.1981201171875E-07	-5.4931640625E-07	1.62232265665807E-06	1186896.375	1.37334438932157E-06
24	185.070237532743	1.38412475585938	1.38275146484375	1.165771484375E-06	6.121826171875E-07	-5.535888671875E-07	1.61197215220454E-06	1186125.75	1.43171689614974E-06
25	185.120237532616	1.37908935546875	1.378173828125	1.16180419921875E-06	6.03332519531249E-07	-5.584716796875E-07	1.60116815095535E-06	1186235.875	1.48990625348233E-06
26	185.17023753249	1.37405395507813	1.37298583984375	1.15997314453125E-06	5.9539794921875E-07	-5.645751953125E-07	1.59262663146365E-06	1183636	1.54795066009683E-06
27	185.220237532364	1.3690185546875	1.36749267578125	1.1553955078125E-06	5.859375E-07	-5.694580078125E-07	1.5799948869244E-06	1183571.125	1.60583488195698E-06
28	185.270237532238	1.36398315429688	1.3623046875	1.1541748046875E-06	5.767822265625E-07	-5.77392578125E-07	1.57233773734333E-06	1180327.875	1.66357415309903E-06
29	185.320237532111	1.35894775390625	1.357421875	1.14990234375E-06	5.67626953125E-07	-5.82275390625001E-07	1.5609025467711E-06	1180467.125	1.72117609054112E-06
30	185.370237531985	1.35391235351563	1.35223388671875	1.1492919921875E-06	5.584716796875E-07	-5.908203125E-07	1.55411157720664E-06	1176580	1.77865592831949E-06
31	185.420237531859	1.348876953125	1.34735107421875	1.14776611328125E-06	5.50537109375E-07	-5.97229003906249E-07	1.54644385474967E-06	1173890	1.83608244697098E-06
32	185.470237531733	1.34384155273438	1.3421630859375	1.14532470703125E-06	5.40771484374999E-07	-6.04553222656251E-07	1.53721248352667E-06	1171862.625	1.89340971701313E-06
33	185.520237531606	1.33880615234375	1.33758544921875	1.142578125E-06	5.31921386718751E-07	-6.1065673828125E-07	1.52829579747049E-06	1170673.125	1.9506071566866E-06
34	185.57023753148	1.33377075195313	1.33270263671875	1.14227294921875E-06	5.22766113281251E-07	-6.195068359375E-07	1.52231018546445E-06	1166711.25	2.0077284261788E-06
35	185.620237531354	1.3287353515625	1.32659912109375	1.14105224609375E-06	5.126953125E-07	-6.2835693359375E-07	1.51371875745099E-06	1162610.375	2.0648117242672E-06
36	185.670237531228	1.32369995117188	1.3226318359375	1.1395263671875E-06	5.04150390624999E-07	-6.35375976562501E-07	1.50717380620335E-06	1160685.625	2.12182612813194E-06
37	185.720237531101	1.31866455078125	1.31744384765625	1.13800048828125E-06	4.9468994140625E-07	-6.43310546875001E-07	1.4992517662904E-06	1157683	2.17876436181541E-06
38	185.770237530975	1.31362915039063	1.312255859375	1.13616943359375E-06	4.852294921875E-07	-6.50939941406251E-07	1.49094501011859E-06	1154982.5	2.23561846723896E-06
39	185.820237530849	1.30859375	1.30706787109375	1.13555908203125E-06	4.7607421875E-07	-6.5948486328125E-07	1.48425272072927E-06	1151034.75	2.2924116365175E-06
40	185.870237530723	1.30355834960938	1.3018798828125	1.1346435546875E-06	4.67834472656251E-07	-6.6680908203125E-07	1.47716957599187E-06	1147391.125	2.34916683439224E-06
41	185.920237530597	1.29852294921875	1.2969970703125	1.13311767578125E-06	4.59899902343749E-07	-6.73217773437501E-07	1.46965021485812E-06	1144627	2.40586086874828E-06
42	185.97023753047	1.29348754882813	1.29241943359375	1.13250732421875E-06	4.5135498046875E-07	-6.81152343749999E-07	1.46367449360696E-06	1141201.75	2.46250147029059E-06
43	186.020237530344	1.2884521484375	1.28692626953125	1.13006591796875E-06	4.4219970703125E-07	-6.878662109375E-07	1.45431147302588E-06	1138806.375	2.51906567427795E-06
44	186.070237530218	1.28341674804688	1.28173828125	1.1285400390625E-06	4.33959960937499E-07	-6.94580078125001E-07	1.44649300182209E-06	1135749.125	2.5755309707165E-06
45	186.120237530092	1.27838134765625	1.27655029296875	1.12640380859375E-06	4.26330566406249E-07	-7.000732421875E-07	1.43791100981616E-06	1133297.25	2.63190463556384E-06
46	186.170237529965	1.27334594726563	1.27227783203125	1.12548828125E-06	4.1839599609375E-07	-7.07092285156251E-07	1.43193369694927E-06	1130423.125	2.68820190285624E-06
47	186.220237529839	1.268310546875	1.2664794921875	1.123046875E-06	4.09545898437499E-07	-7.13500976562501E-07	1.42231590416486E-06	1127717.375	2.74441526926239E-06
48	186.270237529713	1.26327514648438	1.2615966796875	1.12213134765625E-06	4.01916503906249E-07	-7.2021484375E-07	1.41567704758927E-06	1124286.125	2.80054473478231E-06
49	186.320237529587	1.25823974609375	1.25732421875	1.11907958984375E-06	3.94287109374999E-07	-7.2479248046875E-07	1.40704582918261E-06	1123534.25	2.85657483800605E-06
50	186.37023752946	1.25320434570313	1.25152587890625	1.1181640625E-06	3.8604736328125E-07	-7.3211669921875E-07	1.39941118959541E-06	1119268.625	2.91250603368098E-06
51	186.420237529334	1.2481689453125	1.2469482421875	1.1163330078125E-06	3.77807617187501E-07	-7.38525390625E-07	1.39200949433871E-06	1117003.875	2.96836833513225E-06
52	186.470237529208	1.24313354492188	1.241455078125	1.11572265625E-06	3.692626953125E-07	-7.464599609375E-07	1.38511950353859E-06	1112691.5	3.02416992781218E-06
53	186.520237529082	1.23809814453125	1.236572265625	1.11297607421875E-06	3.6163330078125E-07	-7.51342773437499E-07	1.37627534968487E-06	1111050.125	3.07988739223219E-06
54	186.570237528955	1.23306274414063	1.23138427734375	1.1114501953125E-06	3.5247802734375E-07	-7.58972167968749E-07	1.36862229282997E-06	1107907.75	3.13549799102475E-06
55	186.620237528829	1.22802734375	1.22650146484375	1.11083984375E-06	3.43933105468749E-07	-7.66906738281251E-07	1.36244659643125E-06	1104121	3.19105515700358E-06
56	186.670237528703	1.22299194335938	1.2213134765625	1.1102294921875E-06	3.36608886718751E-07	-7.7362060546875E-07	1.35593825234537E-06	1100055	3.24658185490989E-06
57	186.720237528577	1.21795654296875	1.21612548828125	1.10809326171875E-06	3.27148437499999E-07	-7.8094482421875E-07	1.34758045078343E-06	1097493.875	3.3020401133399E-06
58	186.77023752845	1.21292114257813	1.212158203125	1.10748291015625E-06	3.18298339843751E-07	-7.891845703125E-07	1.34244442051568E-06	1094516.5	3.35742947754625E-06
59	186.820237528324	1.2078857421875	1.2066650390625	1.1065673828125E-06	3.08837890624999E-07	-7.977294921875E-07	1.33525611545338E-06	1090457.875	3.41278064297512E-06
60	186.870237528198	1.20285034179688	1.20147705078125	1.10595703125E-06	3.009033203125E-07	-8.050537109375E-07	1.32878199110564E-06	1086368.625	3.4680938370002E-06
61	186.920237528072	1.19781494140625	1.19659423828125	1.1053466796875E-06	2.92053222656249E-07	-8.1329345703125E-07	1.32265142838151E-06	1082551.125	3.52337633557909E-06
62	186.970237527946	1.19277954101563	1.19140625	1.104736328125E-06	2.8228759765625E-07	-8.2244873046875E-07	1.31618969589908E-06	1078453.125	3.57862836608547E-06
63	187.020237527819	1.187744140625	1.18621826171875	1.10443115234375E-06	2.7435302734375E-07	-8.30078125E-07	1.31009642245772E-06	1074053.625	3.6338576592243E-06
64	187.070237527693	1.18270874023438	1.1810302734375	1.1041259765625E-06	2.63671875E-07	-8.404541015625E-07	1.30400621856097E-06	1069651.75	3.68907149095321E-06
65	187.120237527567	1.17767333984375	1.1761474609375	1.10198974609375E-06	2.54211425781251E-07	-8.47778320312499E-07	1.29610236854205E-06	1067294.375	3.7442243865371E-06
66	187.170237527441	1.17263793945313	1.1712646484375	1.10137939453125E-06	2.45056152343751E-07	-8.563232421875E-07	1.29000670767709E-06	1063452.5	3.799308615271E-06
67	187.220237527314	1.1676025390625	1.1663818359375	1.1016845703125E-06	2.3529052734375E-07	-8.6639404296875E-07	1.28498493268125E-06	1058725.75	3.85438534067362E-06
68	187.270237527188	1.16256713867188	1.16119384765625	1.10137939453125E-06	2.25830078125E-07	-8.7554931640625E-07	1.27891485135478E-06	1054308.75	3.90946206607623E-06
69	187.320237527062	1.15753173828125	1.15570068359375	1.099853515625E-06	2.17285156249999E-07	-8.82568359375001E-07	1.27110149605869E-06	1050776.875	3.9644928619964E-06
70	187.370237526936	1.15249633789063	1.1517333984375	1.10015869140625E-06	2.06909179687501E-07	-8.93249511718749E-07	1.2670894875555E-06	1046879.375	4.01949318984407E-06
71	187.420237526809	1.1474609375	1.146240234375	1.099853515625E-06	1.97448730468749E-07	-9.02404785156251E-07	1.26069642192306E-06	1042175.3125	4.07449351769174E-06
72	187.470237526683	1.14242553710938	1.14105224609375	1.1004638671875E-06	1.8798828125E-07	-9.124755859375E-07	1.25568669773202E-06	1036883	4.12950112149701E-06
73	187.520237526557	1.13739013671875	1.13616943359375	1.0992431640625E-06	1.79443359375001E-07	-9.19799804687499E-07	1.24892642361374E-06	1033592.4375	4.18449371863971E-06
74	187.570237526431	1.13235473632813	1.1309814453125	1.09832763671875E-06	1.690673828125E-07	-9.2926025390625E-07	1.24218820474198E-06	1029730.5	4.23943311034236E-06
75	187.620237526304	1.1273193359375	1.12579345703125	1.09771728515625E-06	1.59606933593751E-07	-9.38110351562499E-07	1.23580286981451E-06	1025576.9375	4.29433430326753E-06
76	187.670237526178	1.12228393554688	1.12091064453125	1.097412109375E-06	1.495361328125E-07	-9.478759765625E-07	1.23010090646858E-06	1021412.6875	4.34921230407781E-06
77	187.720237526052	1.11724853515625	1.11541748046875	1.0955810546875E-06	1.40991210937499E-07	-9.5458984375E-07	1.22203027785872E-06	1018105.8125	4.40403755419538E-06
78	187.770237525926	1.11221313476563	1.11114501953125	1.09619140625E-06	1.30310058593749E-07	-9.6588134765625E-07	1.21802759167622E-06	1013641.5	4.4588318814931E-06
79	187.820237525799	1.107177734375	1.10565185546875	1.09466552734375E-06	1.202392578125E-07	-9.74426269531249E-07	1.21031894195767E-06	1010036.25	4.51360301667592E-06
80	187.870237525673	1.10214233398438	1.10076904296875	1.0943603515625E-06	1.10778808593751E-07	-9.83581542968749E-07	1.20463789698988E-06	1005856.125	4.56832867712365E-06
81	187.920237525547	1.09710693359375	1.0955810546875	1.09405517578125E-06	1.00097656250001E-07	-9.93957519531249E-07	1.19862613701116E-06	1001394.6875	4.6230393309088E-06
82	187.970237525421	1.09207153320313	1.09130859375	1.09344482421875E-06	9.1552734375E-08	-1.00189208984375E-06	1.19328569780919E-06	998046.375	4.67772679257905E-06
83	188.020237525295	1.0870361328125	1.0858154296875	1.09222412109375E-06	8.14819335937494E-08	-1.0107421875E-06	1.18595380627085E-06	994132.4375	4.73236832476687E-06
84	188.070237525168	1.08200073242188	1.08062744140625	1.09283447265625E-06	7.11059570312506E-08	-1.021728515625E-06	1.18094681056391E-06	988830	4.7869948502921E-06
85	188.120237525042	1.07696533203125	1.07574462890625	1.09130859375E-06	6.19506835937506E-08	-1.02935791015625E-06	1.17396939458558E-06	985738.25	4.84159818370244E-06
86	188.170237524916	1.07192993164063	1.070556640625	1.09283447265625E-06	5.15747070312503E-08	-1.041259765625E-06	1.16994112886459E-06	979614.6875	4.89620197186014E-06
87	188.22023752479	1.06689453125	1.065673828125	1.09161376953125E-06	4.05883789062506E-08	-1.051025390625E-06	1.16330420496524E-06	976237.125	4.95081303597544E-06
88	188.270237524663	1.06185913085938	1.06048583984375	1.09283447265625E-06	2.92968749999997E-08	-1.06353759765625E-06	1.15893544716528E-06	970399.375	5.0054245548381E-06
89	188.320237524537	1.05682373046875	1.0552978515625	1.0919189453125E-06	1.8310546875E-08	-1.0736083984375E-06	1.1522996601343E-06	966461.75	5.06004334965837E-06
90	188.370237524411	1.05178833007813	1.05072021484375	1.09283447265625E-06	6.40869140624972E-09	-1.08642578125E-06	1.148263208961E-06	961463.375	5.11466214447864E-06
91	188.420237524285	1.0467529296875	1.0455322265625	1.0919189453125E-06	-5.18798828124945E-09	-1.09710693359375E-06	1.1416364031902E-06	957518.25	5.16928093929891E-06
92	188.470237524158	1.04171752929688	1.03973388671875	1.092529296875E-06	-1.73950195312494E-08	-1.10992431640625E-06	1.13593966943881E-06	951676	5.22389200341422E-06
93	188.520237524032	1.03668212890625	1.03546142578125	1.092529296875E-06	-3.17382812500003E-08	-1.124267578125E-06	1.13127191525564E-06	947765.375	5.27851852893946E-06
94	188.570237523906	1.03164672851563	1.0302734375	1.0943603515625E-06	-4.57763671875E-08	-1.14013671875E-06	1.1274903499725E-06	941439	5.33319098394713E-06
95	188.62023752378	1.026611328125	1.02508544921875	1.09619140625E-06	-6.256103515625E-08	-1.15875244140625E-06	1.12368979898747E-06	935133.6875	5.38795438842499E-06
96	188.670237523653	1.02157592773438	1.01959228515625	1.10015869140625E-06	-8.17871093750006E-08	-1.18194580078125E-06	1.12171323962684E-06	926768.375	5.44286331205512E-06
97	188.720237523527	1.01654052734375	1.01531982421875	1.10260009765625E-06	-9.97924804687495E-08	-1.202392578125E-06	1.11949168513092E-06	920841.4375	5.49793230675277E-06
98	188.770237523401	1.01150512695313	1.0101318359375	1.10626220703125E-06	-1.21459960937501E-07	-1.22772216796875E-06	1.11747067421675E-06	913103.5	5.55315364181297E-06
99	188.820237523275	1.0064697265625	1.0052490234375	1.1114501953125E-06	-1.4617919921875E-07	-1.25762939453125E-06	1.11728422780288E-06	904448.125	5.60859643883305E-06
100	188.870237523148	1.00143432617188	1.00006103515625	1.1181640625E-06	-1.7425537109375E-07	-1.29241943359375E-06	1.11823226234264E-06	894377.75	5.66433709536796E-06
101	188.920237523022	0.99639892578125	0.99395751953125	1.12396240234375E-06	-2.0599365234375E-07	-1.3299560546875E-06	1.11717088202568E-06	884333.4375	5.72039016333292E-06
102	188.970237522896	0.991363525390625	0.989990234375	1.13525390625E-06	-2.410888671875E-07	-1.3763427734375E-06	1.12389022888237E-06	872043	5.77687069380772E-06
103	189.02023752277	0.986328125	0.98480224609375	1.1444091796875E-06	-2.83203125000001E-07	-1.4276123046875E-06	1.12701661691972E-06	860533.375	5.83386236030492E-06
104	189.070237522644	0.981292724609375	0.9796142578125	1.16058349609375E-06	-3.30505371093751E-07	-1.4910888671875E-06	1.13692408376664E-06	844070.5	5.89148703511455E-06
105	189.120237522517	0.97625732421875	0.97503662109375	1.17584228515625E-06	-3.8299560546875E-07	-1.558837890625E-06	1.14648923954519E-06	829224	5.94989751334651E-06
106	189.170237522391	0.971221923828125	0.96923828125	1.19384765625E-06	-4.44641113281249E-07	-1.63848876953125E-06	1.15712282422464E-06	811860.9375	6.00913972448325E-06
107	189.220237522265	0.9661865234375	0.96466064453125	1.2164306640625E-06	-5.1300048828125E-07	-1.72943115234375E-06	1.17344279715326E-06	793025.625	6.06939693170716E-06
108	189.270237522139	0.961151123046875	0.9600830078125	1.2432861328125E-06	-5.9112548828125E-07	-1.83441162109375E-06	1.19365779482905E-06	772214.0625	6.13088968748343E-06
109	189.320237522012	0.95611572265625	0.95428466796875	1.27166748046875E-06	-6.7779541015625E-07	-1.949462890625E-06	1.21353275517322E-06	750420	6.19376351096435E-06
110	189.370237521886	0.951080322265625	0.94970703125	1.3037109375E-06	-7.7392578125E-07	-2.07763671875E-06	1.23814334074268E-06	728464.4375	6.2581480051449E-06
111	189.42023752176	0.946044921875	0.94451904296875	1.3409423828125E-06	-8.7921142578125E-07	-2.22015380859375E-06	1.26654560972383E-06	704369.5625	6.32426417723764E-06
112	189.470237521634	0.941009521484375	0.93994140625	1.3824462890625E-06	-9.9609375E-07	-2.3785400390625E-06	1.29941849991155E-06	679911.6875	6.39234895061236E-06
113	189.520237521507	0.93597412109375	0.93475341796875	1.42333984375E-06	-1.11785888671875E-06	-2.54119873046875E-06	1.3304717185747E-06	656732.4375	6.4624937294866E-06
114	189.570237521381	0.930938720703125	0.92987060546875	1.47125244140625E-06	-1.2481689453125E-06	-2.71942138671875E-06	1.36807432227215E-06	632026.5625	6.53485858492786E-06
115	189.620237521255	0.9259033203125	0.9246826171875	1.51885986328125E-06	-1.3818359375E-06	-2.90069580078125E-06	1.40446320529009E-06	608800.5	6.60961131870863E-06
116	189.670237521129	0.920867919921875	0.9197998046875	1.56890869140625E-06	-1.51947021484375E-06	-3.08837890625E-06	1.44308182825625E-06	586267.3125	6.68680559101631E-06
117	189.720237521002	0.91583251953125	0.91400146484375	1.61651611328125E-06	-1.6534423828125E-06	-3.26995849609375E-06	1.47749813095288E-06	565414.375	6.76644094710355E-06
118	189.770237520876	0.910797119140625	0.909423828125	1.65924072265625E-06	-1.78558349609375E-06	-3.44482421875E-06	1.5089530052137E-06	548096.375	6.84833503328264E-06
119	189.82023752075	0.90576171875	0.90423583984375	1.69769287109375E-06	-1.9110107421875E-06	-3.60870361328125E-06	1.53511473399703E-06	532626.3125	6.93225820214138E-06
120	189.870237520624	0.900726318359375	0.8990478515625	1.728515625E-06	-2.02392578125E-06	-3.75244140625E-06	1.55401824031287E-06	520127.125	7.01791350365966E-06
121	189.920237520497	0.89569091796875	0.8935546875	1.748046875E-06	-2.122802734375E-06	-3.870849609375E-06	1.56197552314552E-06	511173.1875	7.10482754584518E-06
122	189.970237520371	0.890655517578125	0.8892822265625	1.75689697265625E-06	-2.20550537109375E-06	-3.96240234375E-06	1.56237717874319E-06	506166.40625	7.19245144864544E-06
123	190.020237520245	0.8856201171875	0.88409423828125	1.75018310546875E-06	-2.26837158203125E-06	-4.0185546875E-06	1.54732674673141E-06	505143.875	7.28012810213841E-06
124	190.070237520119	0.880584716796875	0.87860107421875	1.73126220703125E-06	-2.310791015625E-06	-4.04205322265625E-06	1.52108884776681E-06	507491.65625	7.36716447136132E-06
125	190.120237519993	0.87554931640625	0.87432861328125	1.69708251953125E-06	-2.33154296875E-06	-4.02862548828125E-06	1.48380775044643E-06	515195.125	7.45287297831965E-06
126	190.170237519866	0.870513916015625	0.869140625	1.65008544921875E-06	-2.33245849609375E-06	-3.9825439453125E-06	1.43415627462673E-06	526724.625	7.53655240259832E-06
127	190.22023751974	0.865478515625	0.86395263671875	1.59332275390625E-06	-2.31414794921875E-06	-3.907470703125E-06	1.37655536036618E-06	542233.3125	7.61763749324018E-06
128	190.270237519614	0.860443115234375	0.8587646484375	1.52252197265625E-06	-2.28118896484375E-06	-3.8037109375E-06	1.30748810533987E-06	564040.875	7.69553389545763E-06
129	190.320237519488	0.85540771484375	0.85418701171875	1.4453125E-06	-2.23175048828125E-06	-3.67706298828125E-06	1.23456709388847E-06	591005.0625	7.76972956373356E-06
130	190.370237519361	0.850372314453125	0.84930419921875	1.36383056640625E-06	-2.1734619140625E-06	-3.53729248046875E-06	1.15830698632635E-06	622734.4375	7.83995801612036E-06
131	190.420237519235	0.8453369140625	0.8441162109375	1.27899169921875E-06	-2.108154296875E-06	-3.38714599609375E-06	1.0796176184158E-06	659985.6875	7.90602825873066E-06
132	190.470237519109	0.840301513671875	0.838623046875	1.19232177734375E-06	-2.0379638671875E-06	-3.23028564453125E-06	9.99908479570877E-07	703353	7.96781114331679E-06
133	190.520237518983	0.83526611328125	0.8343505859375	1.1065673828125E-06	-1.96685791015625E-06	-3.07342529296875E-06	9.23265076835378E-07	753998.9375	8.02528393251123E-06
134	190.570237518856	0.830230712890625	0.82916259765625	1.02783203125E-06	-1.89483642578125E-06	-2.92266845703125E-06	8.52239850246406E-07	806710.25	8.07864398666425E-06
135	190.62023751873	0.8251953125	0.8233642578125	9.5245361328125E-07	-1.826171875E-06	-2.77862548828125E-06	7.84216240390379E-07	864466.5	8.12815051176585E-06
136	190.670237518604	0.820159912109375	0.81878662109375	8.8470458984375E-07	-1.76055908203125E-06	-2.645263671875E-06	7.24384221939545E-07	925491.5625	8.17407999420539E-06
137	190.720237518478	0.81512451171875	0.81390380859375	8.221435546875E-07	-1.69952392578125E-06	-2.52166748046875E-06	6.69145777010272E-07	989977.75	8.21675075712847E-06
138	190.770237518351	0.810089111328125	0.80902099609375	7.66906738281251E-07	-1.64276123046875E-06	-2.40966796875E-06	6.20443643128965E-07	1054914.5	8.25647748570191E-06
139	190.820237518225	0.8050537109375	0.80322265625	7.171630859375E-07	-1.5899658203125E-06	-2.30712890625E-06	5.76041600197641E-07	1120000	8.29357850307133E-06
140	190.870237518099	0.800018310546875	0.79803466796875	6.75354003906251E-07	-1.54571533203125E-06	-2.2210693359375E-06	5.38955873707891E-07	1181653.875	8.32839214126579E-06
141	190.920237517973	0.79498291015625	0.79376220703125	6.33850097656249E-07	-1.5008544921875E-06	-2.13470458984375E-06	5.03126273088128E-07	1252286.875	8.3611221270985E-06
142	190.970237517847	0.789947509765625	0.78826904296875	6.0394287109375E-07	-1.45965576171875E-06	-2.0635986328125E-06	4.760694594097E-07	1305204.75	8.39206677483162E-06
143	191.02023751772	0.784912109375	0.78338623046875	5.71594238281251E-07	-1.4208984375E-06	-1.99249267578125E-06	4.47779058276865E-07	1370528.625	8.42145527713001E-06
144	191.070237517594	0.779876708984375	0.77880859375	5.46874999999999E-07	-1.38336181640625E-06	-1.93023681640625E-06	4.25910911872052E-07	1424107.25	8.44941678224131E-06
145	191.120237517468	0.77484130859375	0.77362060546875	5.22766113281251E-07	-1.34796142578125E-06	-1.8707275390625E-06	4.04422593192066E-07	1479860	8.47615774546284E-06
146	191.170237517342	0.769805908203125	0.7684326171875	5.01403808593751E-07	-1.31378173828125E-06	-1.815185546875E-06	3.85295038540789E-07	1532562.375	8.50176184030715E-06
147	191.220237517215	0.7647705078125	0.76263427734375	4.81262207031249E-07	-1.2799072265625E-06	-1.76116943359375E-06	3.67027041647816E-07	1584654.5	8.52632911119144E-06
148	191.270237517089	0.759735107421875	0.7586669921875	4.62951660156249E-07	-1.2457275390625E-06	-1.70867919921875E-06	3.5122613439853E-07	1638760.75	8.54993413668126E-06
149	191.320237516963	0.75469970703125	0.75286865234375	4.46472167968751E-07	-1.21124267578125E-06	-1.65771484375E-06	3.36134888812012E-07	1686261.25	8.57266968523618E-06
150	191.370237516837	0.749664306640625	0.74853515625	4.315185546875E-07	-1.1785888671875E-06	-1.610107421875E-06	3.23006787539271E-07	1734653.5	8.59461943036877E-06
151	191.42023751671	0.74462890625	0.743438720703125	4.132080078125E-07	-1.1444091796875E-06	-1.5576171875E-06	3.07194824245016E-07	1799187.625	8.61573789734393E-06
152	191.470237516584	0.739593505859375	0.738372802734375	3.985595703125E-07	-1.11175537109375E-06	-1.51031494140625E-06	2.9428554171318E-07	1852603.375	8.63603145262459E-06
153	191.520237516458	0.73455810546875	0.733551025390625	3.814697265625E-07	-1.07940673828125E-06	-1.46087646484375E-06	2.79827503391061E-07	1922960.125	8.65553283802001E-06
154	191.570237516332	0.729522705078125	0.728485107421875	3.6956787109375E-07	-1.04736328125E-06	-1.41693115234375E-06	2.69224671001211E-07	1971180.875	8.67430844664341E-06
155	191.620237516205	0.7244873046875	0.723297119140625	3.55224609375E-07	-1.016845703125E-06	-1.3720703125E-06	2.56932935371879E-07	2036168.375	8.69242830958683E-06
156	191.670237516079	0.719451904296875	0.718353271484375	3.43933105468749E-07	-9.857177734375E-07	-1.32965087890625E-06	2.47065457870121E-07	2088642.5	8.7099069787655E-06
157	191.720237515953	0.71441650390625	0.713226318359375	3.3111572265625E-07	-9.5703125E-07	-1.28814697265625E-06	2.36160431654753E-07	2154009.25	8.7267835624516E-06
158	191.770237515827	0.709381103515625	0.708343505859375	3.192138671875E-07	-9.2926025390625E-07	-1.24847412109375E-06	2.26113058943156E-07	2219025	8.74304168974049E-06
159	191.8202375157	0.704345703125	0.703155517578125	3.0853271484375E-07	-9.0301513671875E-07	-1.2115478515625E-06	2.16946489217662E-07	2279030.75	8.75873502081959E-06
160	191.870237515574	0.699310302734375	0.698028564453125	3.01208496093749E-07	-8.7738037109375E-07	-1.1785888671875E-06	2.10252139254408E-07	2317426.5	8.773979061516E-06
161	191.920237515448	0.69427490234375	0.693328857421875	2.9144287109375E-07	-8.5296630859375E-07	-1.1444091796875E-06	2.0206574902204E-07	2378953	8.78879563970258E-06
162	191.970237515322	0.689239501953125	0.68804931640625	2.8411865234375E-07	-8.30078125E-07	-1.11419677734375E-06	1.95487643850356E-07	2421697.25	8.80318384588463E-06
163	192.020237515196	0.6842041015625	0.6829833984375	2.77099609375001E-07	-8.07800292968749E-07	-1.08489990234375E-06	1.8925443612261E-07	2464757.75	8.81721462064888E-06
164	192.070237515069	0.679168701171875	0.6778564453125	2.7191162109375E-07	-7.87353515625E-07	-1.05926513671875E-06	1.84317030971215E-07	2492929.5	8.83093980519334E-06
165	192.120237514943	0.67413330078125	0.673065185546875	2.64892578125001E-07	-7.659912109375E-07	-1.0308837890625E-06	1.78289965901968E-07	2540898.75	8.8443603090127E-06
166	192.170237514817	0.669097900390625	0.668121337890625	2.6123046875E-07	-7.48596191406251E-07	-1.00982666015625E-06	1.74533653307662E-07	2557593.5	8.85751342138974E-06
167	192.220237514691	0.6640625	0.662933349609375	2.57568359375E-07	-7.305908203125E-07	-9.88159179687501E-07	1.70750652728202E-07	2573815.25	8.87048281583702E-06
168	192.270237514564	0.659027099609375	0.657928466796875	2.5360107421875E-07	-7.1380615234375E-07	-9.674072265625E-07	1.66851350513753E-07	2594344.25	8.88326212589163E-06
169	192.320237514438	0.65399169921875	0.65301513671875	2.49328613281249E-07	-6.96716308593751E-07	-9.46044921875E-07	1.62815339876943E-07	2619094.5	8.89583589014364E-06
170	192.370237514312	0.648956298828125	0.647918701171875	2.47802734374999E-07	-6.8206787109375E-07	-9.29870605468749E-07	1.60556012929192E-07	2614655.25	8.90826413524337E-06
171	192.420237514186	0.6439208984375	0.642730712890625	2.45056152343751E-07	-6.671142578125E-07	-9.1217041015625E-07	1.57505112952094E-07	2622789.5	8.92058505996829E-06
172	192.470237514059	0.638885498046875	0.6376953125	2.43225097656249E-07	-6.53991699218751E-07	-8.97216796875E-07	1.5510349271608E-07	2621832	8.93279229785549E-06
173	192.520237513933	0.63385009765625	0.632781982421875	2.410888671875E-07	-6.3934326171875E-07	-8.8043212890625E-07	1.5255668017744E-07	2624683.75	8.94490040082019E-06
174	192.570237513807	0.628814697265625	0.627777099609375	2.40173339843749E-07	-6.2774658203125E-07	-8.67919921874999E-07	1.5077532111718E-07	2613850	8.95693210622994E-06
175	192.620237513681	0.623779296875	0.62249755859375	2.3956298828125E-07	-6.146240234375E-07	-8.5418701171875E-07	1.49127373560987E-07	2598471.5	8.96892561286222E-06
176	192.670237513554	0.618743896484375	0.6175537109375	2.38037109375E-07	-6.03332519531249E-07	-8.41369628906249E-07	1.47000690731147E-07	2594359	8.9808654593071E-06
177	192.720237513428	0.61370849609375	0.612701416015625	2.3651123046875E-07	-5.9173583984375E-07	-8.282470703125E-07	1.44910757171601E-07	2590580.75	8.99272890819702E-06
178	192.770237513302	0.608673095703125	0.607574462890625	2.37426757812501E-07	-5.81970214843749E-07	-8.1939697265625E-07	1.4425442884658E-07	2558997.5	9.00457780517172E-06
179	192.820237513176	0.6036376953125	0.602386474609375	2.3651123046875E-07	-5.718994140625E-07	-8.0841064453125E-07	1.42471165531788E-07	2546967.75	9.01642579265172E-06
180	192.870237513049	0.598602294921875	0.597625732421875	2.35900878906251E-07	-5.62133789062499E-07	-7.9803466796875E-07	1.40980432661308E-07	2533376.5	9.02823649084894E-06
181	192.920237512923	0.59356689453125	0.5924072265625	2.3529052734375E-07	-5.535888671875E-07	-7.8887939453125E-07	1.39387807962521E-07	2517769	9.0400162662263E-06
182	192.970237512797	0.588531494140625	0.587432861328125	2.35900878906251E-07	-5.45349121093749E-07	-7.8125E-07	1.38575927621787E-07	2490168.25	9.05179604160367E-06
183	193.020237512671	0.58349609375	0.582611083984375	2.3468017578125E-07	-5.3741455078125E-07	-7.720947265625E-07	1.36727265953596E-07	2482574.75	9.0635603555711E-06
184	193.070237512545	0.578460693359375	0.5772705078125	2.362060546875E-07	-5.2825927734375E-07	-7.6446533203125E-07	1.36354785240655E-07	2443927.75	9.07533194549615E-06
185	193.120237512418	0.57342529296875	0.572296142578125	2.3468017578125E-07	-5.2001953125E-07	-7.54699707031251E-07	1.34306560539699E-07	2438621.5	9.08710444491589E-06
186	193.170237512292	0.568389892578125	0.5675048828125	2.35595703124999E-07	-5.13610839843751E-07	-7.4920654296875E-07	1.33701703930456E-07	2408808.5	9.09886148292571E-06
187	193.220237512166	0.5633544921875	0.56231689453125	2.3529052734375E-07	-5.0567626953125E-07	-7.40966796874999E-07	1.32307832245715E-07	2389883.25	9.11063398234546E-06
188	193.27023751204	0.558319091796875	0.557098388671875	2.362060546875E-07	-4.99877929687501E-07	-7.36083984375001E-07	1.31590013552341E-07	2358527.25	9.12242103368044E-06
189	193.320237511913	0.55328369140625	0.55242919921875	2.35595703124999E-07	-4.92248535156251E-07	-7.2784423828125E-07	1.30149942378921E-07	2344818.75	9.13421627046773E-06
190	193.370237511787	0.548248291015625	0.54730224609375	2.362060546875E-07	-4.864501953125E-07	-7.22656250000001E-07	1.29276102711628E-07	2317054.25	9.14601150725503E-06
191	193.420237511661	0.543212890625	0.542205810546875	2.37121582031249E-07	-4.8065185546875E-07	-7.17773437499999E-07	1.2856870057476E-07	2286615.25	9.15784403332509E-06
192	193.470237511535	0.538177490234375	0.53704833984375	2.37426757812501E-07	-4.75158691406249E-07	-7.1258544921875E-07	1.2750963662711E-07	2261953.75	9.16970839170972E-06
193	193.520237511408	0.53314208984375	0.53216552734375	2.37426757812501E-07	-4.6875E-07	-7.061767578125E-07	1.26350329310299E-07	2241388.25	9.18157911655726E-06
194	193.570237511282	0.528106689453125	0.52728271484375	2.37121582031249E-07	-4.65087890625E-07	-7.0220947265625E-07	1.25030112485547E-07	2223680.75	9.19344347494189E-06
195	193.620237511156	0.5230712890625	0.5220947265625	2.3773193359375E-07	-4.5928955078125E-07	-6.97021484375E-07	1.2411858563155E-07	2196149	9.20531419978943E-06
196	193.67023751103	0.518035888671875	0.51690673828125	2.38647460937499E-07	-4.5501708984375E-07	-6.93664550781249E-07	1.23358475434543E-07	2165984.75	9.21722403290914E-06
197	193.720237510903	0.51300048828125	0.51214599609375	2.38647460937499E-07	-4.498291015625E-07	-6.884765625E-07	1.22222346021772E-07	2146035.75	9.2291566033964E-06
198	193.770237510777	0.507965087890625	0.50701904296875	2.392578125E-07	-4.46166992187499E-07	-6.854248046875E-07	1.21308275424781E-07	2119132.75	9.24110372579889E-06
199	193.820237510651	0.5029296875	0.50189208984375	2.40173339843749E-07	-4.41894531250001E-07	-6.8206787109375E-07	1.20541102432981E-07	2089707.75	9.25308995647356E-06
200	193.870237510525	0.497894287109375	0.496978759765625	2.4139404296875E-07	-4.38537597656249E-07	-6.79931640624999E-07	1.19967708656077E-07	2058786.25	9.26512893784093E-06
201	193.920237510398	0.49285888671875	0.4920654296875	2.42004394531251E-07	-4.3487548828125E-07	-6.76879882812501E-07	1.19081988714242E-07	2033291.5	9.27721339394338E-06
202	193.970237510272	0.487823486328125	0.486968994140625	2.42919921875E-07	-4.32434082031249E-07	-6.75354003906249E-07	1.18294472883917E-07	2004648.25	9.28933695831802E-06
203	194.020237510146	0.4827880859375	0.481689453125	2.43225097656249E-07	-4.2877197265625E-07	-6.719970703125E-07	1.17158961643327E-07	1980426.625	9.30149053601781E-06
204	194.07023751002	0.477752685546875	0.476898193359375	2.44750976562499E-07	-4.26330566406249E-07	-6.71081542968749E-07	1.16721295739808E-07	1948503.875	9.31368958845269E-06
205	194.120237509894	0.47271728515625	0.471923828125	2.46276855468749E-07	-4.23583984375001E-07	-6.6986083984375E-07	1.16223908719348E-07	1916233.125	9.32596594793722E-06
206	194.170237509767	0.467681884765625	0.4666748046875	2.4749755859375E-07	-4.22058105468751E-07	-6.695556640625E-07	1.15500874642294E-07	1885573.375	9.33830961002968E-06
207	194.220237509641	0.462646484375	0.461761474609375	2.4749755859375E-07	-4.20227050781249E-07	-6.67724609374999E-07	1.14284837593459E-07	1865721.375	9.35068510443671E-06
208	194.270237509515	0.457611083984375	0.45684814453125	2.4993896484375E-07	-4.1778564453125E-07	-6.67724609375001E-07	1.14184146582375E-07	1827839	9.36312062549405E-06
209	194.320237509389	0.45257568359375	0.451904296875	2.5054931640625E-07	-4.15954589843751E-07	-6.6650390625E-07	1.13224309927773E-07	1803654.125	9.37563254410634E-06
210	194.370237509262	0.447540283203125	0.4464111328125	2.52380371093749E-07	-4.1473388671875E-07	-6.671142578125E-07	1.12665411222679E-07	1768802.875	9.38820630835835E-06
211	194.420237509136	0.4425048828125	0.441680908203125	2.532958984375E-07	-4.1229248046875E-07	-6.6558837890625E-07	1.11875962716113E-07	1743735	9.40084828471299E-06
212	194.47023750901	0.437469482421875	0.436798095703125	2.5482177734375E-07	-4.11071777343749E-07	-6.65893554687499E-07	1.11305666905537E-07	1714131.75	9.41355119721266E-06
213	194.520237508884	0.43243408203125	0.43157958984375	2.5634765625E-07	-4.08325195312501E-07	-6.64672851562501E-07	1.10634410077637E-07	1683571.5	9.42633050726727E-06
214	194.570237508757	0.427398681640625	0.426422119140625	2.581787109375E-07	-4.071044921875E-07	-6.65283203125E-07	1.10093118621535E-07	1651654.875	9.43919349083444E-06
215	194.620237508631	0.42236328125	0.421539306640625	2.57568359375E-07	-4.0557861328125E-07	-6.63146972656251E-07	1.08575186175131E-07	1636611.375	9.45208739722148E-06
216	194.670237508505	0.417327880859375	0.416656494140625	2.5787353515625E-07	-4.046630859375E-07	-6.6253662109375E-07	1.07444677155399E-07	1615739.75	9.46497311815619E-06
217	194.720237508379	0.41229248046875	0.411346435546875	2.61535644531249E-07	-4.0313720703125E-07	-6.64672851562499E-07	1.07581747954555E-07	1572812.25	9.47795797401341E-06
218	194.770237508252	0.407257080078125	0.406463623046875	2.61840820312501E-07	-4.0008544921875E-07	-6.6192626953125E-07	1.06428771573519E-07	1552331	9.49104287428781E-06
219	194.820237508126	0.4022216796875	0.401580810546875	2.606201171875E-07	-3.99169921875001E-07	-6.59790039062501E-07	1.04660038857674E-07	1540866.5	9.50410412769997E-06
220	194.870237508	0.397186279296875	0.396484375	2.6397705078125E-07	-3.9825439453125E-07	-6.622314453125E-07	1.04662781552634E-07	1501965.25	9.51721904129954E-06
221	194.920237507874	0.39215087890625	0.391265869140625	2.64587402343749E-07	-3.9794921875E-07	-6.6253662109375E-07	1.03524016026313E-07	1478777.5	9.5304330898216E-06
222	194.970237507747	0.387115478515625	0.386383056640625	2.67333984375E-07	-3.9703369140625E-07	-6.6436767578125E-07	1.03293317010866E-07	1445319.75	9.54373172135092E-06
223	195.020237507621	0.382080078125	0.3814697265625	2.6702880859375E-07	-3.9703369140625E-07	-6.640625E-07	1.01863406598568E-07	1428571.375	9.55709037953056E-06
224	195.070237507495	0.377044677734375	0.376190185546875	2.642822265625E-07	-3.98864746093749E-07	-6.63146972656249E-07	9.94203759319134E-08	1423441.125	9.57037354964996E-06
225	195.120237507369	0.37200927734375	0.371368408203125	2.70996093750001E-07	-3.97338867187499E-07	-6.683349609375E-07	1.00639383049383E-07	1370383	9.58375494519714E-06
226	195.170237507243	0.366973876953125	0.36639404296875	2.72216796874999E-07	-3.985595703125E-07	-6.70776367187499E-07	9.97386138124057E-08	1345964.125	9.59733552008402E-06
227	195.220237507116	0.3619384765625	0.361175537109375	2.74658203125E-07	-3.985595703125E-07	-6.732177734375E-07	9.91998163613061E-08	1315000	9.61100704444107E-06
228	195.27023750699	0.356903076171875	0.356109619140625	2.73742675781249E-07	-4.00695800781251E-07	-6.744384765625E-07	9.74823990418372E-08	1300891.875	9.62471767707029E-06
229	195.320237506864	0.35186767578125	0.351226806640625	2.78625488281251E-07	-4.00390624999999E-07	-6.7901611328125E-07	9.78607417323474E-08	1260569.5	9.63852653512731E-06
230	195.370237506738	0.346832275390625	0.346282958984375	2.82897949218749E-07	-4.01916503906249E-07	-6.84814453124999E-07	9.79627330366384E-08	1224056.125	9.65256458584918E-06
231	195.420237506611	0.341796875	0.341033935546875	2.8533935546875E-07	-4.03442382812499E-07	-6.88781738281249E-07	9.73104050672191E-08	1195187.125	9.66677089309087E-06
232	195.470237506485	0.336761474609375	0.3359375	2.880859375E-07	-4.06494140624999E-07	-6.94580078125E-07	9.67788693628791E-08	1166101.625	9.68110634858022E-06
233	195.520237506359	0.33172607421875	0.3310546875	2.90527343749999E-07	-4.0771484375E-07	-6.98242187499999E-07	9.61804360599672E-08	1139495.875	9.69557186181191E-06
234	195.570237506233	0.326690673828125	0.326141357421875	2.94189453125E-07	-4.119873046875E-07	-7.061767578125E-07	9.59473425155011E-08	1108610	9.71018926065881E-06
235	195.620237506106	0.3216552734375	0.3209228515625	2.960205078125E-07	-4.12902832031251E-07	-7.08923339843751E-07	9.49997414068093E-08	1084123.75	9.72494490270037E-06
236	195.67023750598	0.316619873046875	0.315948486328125	2.99682617187499E-07	-4.1839599609375E-07	-7.18078613281249E-07	9.46842604321319E-08	1054277	9.7398369689472E-06
237	195.720237505854	0.31158447265625	0.311065673828125	3.03039550781251E-07	-4.22058105468751E-07	-7.25097656250001E-07	9.42651965374353E-08	1026485.4375	9.75490547716618E-06
238	195.770237505728	0.306549072265625	0.3060302734375	3.07312011718749E-07	-4.26330566406249E-07	-7.33642578124999E-07	9.40467757004626E-08	995829.1875	9.77016406977782E-06
239	195.820237505601	0.301513671875	0.300689697265625	3.1097412109375E-07	-4.3182373046875E-07	-7.427978515625E-07	9.35067134832934E-08	966928.375	9.78562093223445E-06
240	195.870237505475	0.296478271484375	0.29595947265625	3.1402587890625E-07	-4.3670654296875E-07	-7.50732421875E-07	9.29389329940022E-08	942468.4375	9.80124605121091E-06
241	195.920237505349	0.29144287109375	0.29083251953125	3.18298339843751E-07	-4.43420410156251E-07	-7.61718750000001E-07	9.25715042399133E-08	913710.5	9.81705488811713E-06
242	195.970237505223	0.286407470703125	0.2857666015625	3.2470703125E-07	-4.50744628906249E-07	-7.7545166015625E-07	9.2790422456801E-08	880075.1875	9.83312929747626E-06
243	196.020237505096	0.2813720703125	0.28070068359375	3.265380859375E-07	-4.5806884765625E-07	-7.8460693359375E-07	9.1659458689719E-08	859626.1875	9.8494110716274E-06
244	196.07023750497	0.276336669921875	0.27581787109375	3.33557128906251E-07	-4.66308593750001E-07	-7.99865722656251E-07	9.20010165827989E-08	826898.4375	9.86591294349637E-06
245	196.120237504844	0.27130126953125	0.270843505859375	3.375244140625E-07	-4.74853515625E-07	-8.123779296875E-07	9.14162896492599E-08	802441.25	9.88269039225997E-06
246	196.170237504718	0.266265869140625	0.26556396484375	3.4332275390625E-07	-4.840087890625E-07	-8.2733154296875E-07	9.11741508957675E-08	773511.125	9.89971158560365E-06
247	196.220237504592	0.26123046875	0.260711669921875	3.47290039062501E-07	-4.925537109375E-07	-8.39843750000001E-07	9.05425636688051E-08	750703	9.91697652352741E-06
248	196.270237504465	0.256195068359375	0.255706787109375	3.53393554687501E-07	-5.047607421875E-07	-8.58154296875001E-07	9.03651269368311E-08	723575.125	9.93449339148356E-06
249	196.320237504339	0.25115966796875	0.250701904296875	3.5888671875E-07	-5.15136718750001E-07	-8.740234375E-07	8.99735823622905E-08	698554.4375	9.95230038824957E-06
250	196.370237504213	0.246124267578125	0.245391845703125	3.65295410156249E-07	-5.26123046875E-07	-8.9141845703125E-07	8.96405083494756E-08	671762.75	9.97040569927776E-06
251	196.420237504087	0.2410888671875	0.240509033203125	3.6895751953125E-07	-5.37109375E-07	-9.0606689453125E-07	8.87376145897179E-08	651861.0625	9.98876203084365E-06
252	196.47023750396	0.236053466796875	0.2357177734375	3.74450683593749E-07	-5.4779052734375E-07	-9.22241210937499E-07	8.82646773447959E-08	629502.875	1.00073466455797E-05
253	196.520237503834	0.23101806640625	0.23046875	3.7872314453125E-07	-5.615234375E-07	-9.4024658203125E-07	8.728385125778E-08	608541.5	1.00261759143905E-05
254	196.570237503708	0.225982666015625	0.225372314453125	3.85437011718751E-07	-5.7586669921875E-07	-9.613037109375E-07	8.68668266207351E-08	584718.9375	1.00452798506012E-05
255	196.620237503582	0.220947265625	0.220550537109375	3.8909912109375E-07	-5.9173583984375E-07	-9.808349609375E-07	8.58160191796742E-08	566823.5625	1.00646439022967E-05
256	196.670237503455	0.215911865234375	0.2154541015625	3.955078125E-07	-6.103515625E-07	-1.005859375E-06	8.52137773676986E-08	544753.0625	1.00842589745298E-05
257	196.720237503329	0.21087646484375	0.2103271484375	4.02221679687501E-07	-6.3018798828125E-07	-1.03240966796875E-06	8.45981347197267E-08	522913.5	1.01042023743503E-05
258	196.770237503203	0.205841064453125	0.205322265625	4.1046142578125E-07	-6.53991699218751E-07	-1.064453125E-06	8.42768699271801E-08	500223.0625	1.01245186669985E-05
259	196.820237503077	0.2008056640625	0.20050048828125	4.18701171874999E-07	-6.817626953125E-07	-1.1004638671875E-06	8.39497857896276E-08	478863	1.01452478702413E-05
260	196.87023750295	0.195770263671875	0.195404052734375	4.28466796875E-07	-7.15026855468751E-07	-1.14349365234375E-06	8.37241458384597E-08	456054.125	1.01664272733615E-05
261	196.920237502824	0.19073486328125	0.190155029296875	4.40368652343751E-07	-7.4981689453125E-07	-1.190185546875E-06	8.37383140606107E-08	431808.75	1.01881478258292E-05
262	196.970237502698	0.185699462890625	0.185333251953125	4.56848144531249E-07	-7.9376220703125E-07	-1.2506103515625E-06	8.46691534661659E-08	405678.03125	1.0210578693659E-05
263	197.020237502572	0.1806640625	0.180267333984375	4.73632812499999E-07	-8.4503173828125E-07	-1.31866455078125E-06	8.53805204314995E-08	380605.6875	1.02338408396463E-05
264	197.070237502445	0.175628662109375	0.175201416015625	4.94995117187499E-07	-9.05761718750001E-07	-1.4007568359375E-06	8.67238441060181E-08	353945.75	1.0258056136081E-05
265	197.120237502319	0.17059326171875	0.169952392578125	5.17578125E-07	-9.75952148437501E-07	-1.4935302734375E-06	8.79636345985091E-08	328360.875	1.02833710116101E-05
266	197.170237502193	0.165557861328125	0.165283203125	5.474853515625E-07	-1.0577392578125E-06	-1.605224609375E-06	9.04901327203333E-08	301895.21875	1.03099973784992E-05
267	197.220237502067	0.1605224609375	0.160186767578125	5.816650390625E-07	-1.15203857421875E-06	-1.73370361328125E-06	9.3175039239668E-08	275393.5	1.03382262750529E-05
268	197.270237501941	0.155487060546875	0.154998779296875	6.207275390625E-07	-1.26190185546875E-06	-1.88262939453125E-06	9.6212005473717E-08	249705.015625	1.03682859844412E-05
269	197.320237501814	0.15045166015625	0.15008544921875	6.66198730468751E-07	-1.38916015625E-06	-2.05535888671875E-06	9.99867353357331E-08	225286.296875	1.04004593595164E-05
270	197.370237501688	0.145416259765625	0.14508056640625	7.20825195312499E-07	-1.53411865234375E-06	-2.25494384765625E-06	1.04577729587163E-07	201270.109375	1.04351347545162E-05
271	197.420237501562	0.140380859375	0.140167236328125	7.8125E-07	-1.69647216796875E-06	-2.47772216796875E-06	1.09505648993036E-07	179414.0625	1.04726868812577E-05
272	197.470237501436	0.135345458984375	0.13494873046875	8.5113525390625E-07	-1.88018798828125E-06	-2.7313232421875E-06	1.14859616928698E-07	158551.453125	1.05134959085262E-05
273	197.520237501309	0.13031005859375	0.1300048828125	9.26513671875E-07	-2.08587646484375E-06	-3.01239013671875E-06	1.2045128983118E-07	140316.21875	1.05579374576337E-05
274	197.570237501183	0.125274658203125	0.125030517578125	1.0113525390625E-06	-2.31231689453125E-06	-3.32366943359375E-06	1.26449933190997E-07	123627.0390625	1.06063844214077E-05
275	197.620237501057	0.1202392578125	0.119903564453125	1.10595703125E-06	-2.55706787109375E-06	-3.66302490234375E-06	1.32608192870975E-07	108416.1171875	1.06593170130509E-05
276	197.670237500931	0.115203857421875	0.114837646484375	1.2054443359375E-06	-2.821044921875E-06	-4.0264892578125E-06	1.38430380047794E-07	95265.828125	1.0717101758928E-05
277	197.720237500804	0.11016845703125	0.109893798828125	1.30889892578125E-06	-3.0999755859375E-06	-4.40887451171875E-06	1.43839869792828E-07	83958.96875	1.07799605757464E-05
278	197.770237500678	0.105133056640625	0.104949951171875	1.4141845703125E-06	-3.39385986328125E-06	-4.80804443359375E-06	1.48418607182066E-07	74212.34375	1.08480371636688E-05
279	197.820237500552	0.10009765625	0.0997314453125	1.51824951171875E-06	-3.69598388671875E-06	-5.2142333984375E-06	1.51417225424666E-07	65688.4453125	1.09213478935999E-05
280	197.870237500426	0.095062255859375	0.09466552734375	1.6204833984375E-06	-3.9886474609375E-06	-5.609130859375E-06	1.53403902913851E-07	58418.08203125	1.09998163679847E-05
281	197.920237500299	0.09002685546875	0.08978271484375	1.7169189453125E-06	-4.290771484375E-06	-6.0076904296875E-06	1.54149631725886E-07	52292.9296875	1.1083251592936E-05
282	197.970237500173	0.084991455078125	0.084930419921875	1.7974853515625E-06	-4.583740234375E-06	-6.3812255859375E-06	1.52661186803016E-07	47249.578125	1.11711115096114E-05
283	198.020237500047	0.0799560546875	0.07958984375	1.854248046875E-06	-4.864501953125E-06	-6.71875E-06	1.47579314102586E-07	42922.9765625	1.12624047687859E-05
284	198.070237499921	0.074920654296875	0.074554443359375	1.8902587890625E-06	-5.1239013671875E-06	-7.01416015625E-06	1.40927184588691E-07	39441.39453125	1.13560181489447E-05
285	198.120237499794	0.06988525390625	0.069671630859375	1.9012451171875E-06	-5.352783203125E-06	-7.2540283203125E-06	1.32462844248948E-07	36645.265625	1.14508056867635E-05
286	198.170237499668	0.064849853515625	0.06475830078125	1.88873291015625E-06	-5.5511474609375E-06	-7.43988037109375E-06	1.22311135442033E-07	34286.63671875	1.15455550258048E-05
287	198.220237499542	0.059814453125	0.059478759765625	1.842041015625E-06	-5.706787109375E-06	-7.548828125E-06	1.09562314776213E-07	32289.595703125	1.16388237074716E-05
288	198.270237499416	0.054779052734375	0.054534912109375	1.7742919921875E-06	-5.82275390625E-06	-7.5970458984375E-06	9.67608571045275E-08	30736.154296875	1.17292320283013E-05
289	198.32023749929	0.04974365234375	0.0497344970703125	1.66748046875E-06	-5.889892578125E-06	-7.557373046875E-06	8.29313009376165E-08	29826.134765625	1.1815276593552E-05
290	198.370237499163	0.044708251953125	0.04466552734375	1.5606689453125E-06	-5.9051513671875E-06	-7.4658203125E-06	6.9708100625121E-08	28619.4765625	1.18959806059138E-05
291	198.420237499037	0.0396728515625	0.0394378662109375	1.419677734375E-06	-5.8685302734375E-06	-7.2882080078125E-06	5.59890622753301E-08	27779.451171875	1.19704891403671E-05
292	198.470237498911	0.034637451171875	0.03447265625	1.26129150390625E-06	-5.7861328125E-06	-7.04742431640625E-06	4.34800675463975E-08	27331.236328125	1.20375134429196E-05
293	198.520237498785	0.02960205078125	0.0295654296875	1.08734130859375E-06	-5.6610107421875E-06	-6.74835205078125E-06	3.21477102716017E-08	27190.5703125	1.20962295113713E-05
294	198.570237498658	0.024566650390625	0.0244232177734375	9.0545654296875E-07	-5.499267578125E-06	-6.40472412109375E-06	2.21141611689291E-08	26973.373046875	1.21460489026504E-05
295	198.620237498532	0.01953125	0.0192596435546875	7.171630859375E-07	-5.3070068359375E-06	-6.024169921875E-06	1.38123041892868E-08	26855.318359375	1.21866150948335E-05
296	198.670237498406	0.014495849609375	0.0145538330078125	5.23681640625E-07	-5.096435546875E-06	-5.6201171875E-06	7.62157537081976E-09	27791.375	1.22176361401216E-05
297	198.72023749828	0.00946044921875	0.00933837890625	3.37829589843749E-07	-4.87060546875E-06	-5.20843505859375E-06	3.1547806589316E-09	27642.27734375	1.22391738841543E-05
298	198.770237498153	0.004425048828125	0.0042236328125	1.53503417968751E-07	-4.638671875E-06	-4.79217529296875E-06	6.48341991205115E-10	27514.912109375	1.22514566101017E-05
299	198.820237498027	-0.0006103515625	-0.0007476806640625	-1.89208984374994E-08	-4.4158935546875E-06	-4.39697265625E-06	1.41467896425107E-11	39516.12890625	1.22548217404983E-05
300	198.870237497901	-0.005645751953125	-0.0056610107421875	-1.8798828125E-07	-4.19921875E-06	-4.01123046875E-06	1.06420361412063E-09	30113.63671875	1.22496485346346E-05
301	198.920237497775	-0.01068115234375	-0.0107696533203125	-3.32031250000001E-07	-3.9886474609375E-06	-3.6566162109375E-06	3.57586138477473E-09	32435.662109375	1.22366482173675E-05
302	198.970237497648	-0.015716552734375	-0.015997314453125	-4.6051025390625E-07	-3.7994384765625E-06	-3.33892822265625E-06	7.36692751246437E-09	34738.23828125	1.22168348752894E-05
303	199.020237497522	-0.020751953125	-0.020672607421875	-5.7037353515625E-07	-3.616943359375E-06	-3.04656982421875E-06	1.17911085339983E-08	36243.984375	1.21910625239252E-05
304	199.070237497396	-0.025787353515625	-0.0258941650390625	-6.640625E-07	-3.45245361328125E-06	-2.78839111328125E-06	1.71953438155015E-08	38993.56640625	1.21602015497047E-05
305	199.12023749727	-0.03082275390625	-0.030987548828125	-7.4127197265625E-07	-3.3026123046875E-06	-2.56134033203125E-06	2.29702017406908E-08	41803.21484375	1.21250686788699E-05
306	199.170237497143	-0.035858154296875	-0.035968017578125	-8.038330078125E-07	-3.16802978515625E-06	-2.36419677734375E-06	2.8912277016957E-08	44745.63671875	1.20864406198962E-05
307	199.220237497017	-0.0408935546875	-0.0409088134765625	-8.52050781249999E-07	-3.04656982421875E-06	-2.19451904296875E-06	3.48563844454475E-08	48012.1796875	1.20450440590503E-05
308	199.270237496891	-0.045928955078125	-0.0460540771484375	-8.8836669921875E-07	-2.93914794921875E-06	-2.05078125E-06	4.09129086165194E-08	51841.29296875	1.20015329230228E-05
309	199.320237496765	-0.05096435546875	-0.0511474609375	-9.0911865234375E-07	-2.84393310546875E-06	-1.934814453125E-06	4.6499110339937E-08	56260.4921875	1.19565956993029E-05
310	199.370237496639	-0.055999755859375	-0.05596923828125	-9.27734375E-07	-2.75970458984375E-06	-1.83197021484375E-06	5.1924583743812E-08	60328.94921875	1.19106744023156E-05
311	199.420237496512	-0.06103515625	-0.06103515625	-9.3658447265625E-07	-2.6837158203125E-06	-1.74713134765625E-06	5.71645770719442E-08	65167.80859375	1.18640664368286E-05
312	199.470237496386	-0.066070556640625	-0.066314697265625	-9.3658447265625E-07	-2.6165771484375E-06	-1.67999267578125E-06	6.21093150243723E-08	70804.8203125	1.1817237464129E-05
313	199.52023749626	-0.07110595703125	-0.0711669921875	-9.34753417968751E-07	-2.55767822265625E-06	-1.6229248046875E-06	6.65235901919914E-08	76134.5078125	1.17704539661645E-05
314	199.570237496134	-0.076141357421875	-0.076080322265625	-9.25598144531251E-07	-2.50518798828125E-06	-1.57958984375E-06	7.04198015455404E-08	82195.8515625	1.17239451355999E-05
315	199.620237496007	-0.0811767578125	-0.081329345703125	-9.16748046875E-07	-2.46002197265625E-06	-1.54327392578125E-06	7.45585211348043E-08	88715.046875	1.16778865049127E-05
316	199.670237495881	-0.086212158203125	-0.086395263671875	-8.99658203125001E-07	-2.418212890625E-06	-1.5185546875E-06	7.77262059159511E-08	96031.2109375	1.16324763439479E-05
317	199.720237495755	-0.09124755859375	-0.091278076171875	-8.8653564453125E-07	-2.38037109375E-06	-1.49383544921875E-06	8.09212679087068E-08	102960.4140625	1.15878219730803E-05
318	199.770237495629	-0.096282958984375	-0.0963134765625	-8.697509765625E-07	-2.3480224609375E-06	-1.478271484375E-06	8.3768739500556E-08	110736.84375	1.15439142973628E-05
319	199.820237495502	-0.101318359375	-0.101531982421875	-8.5174560546875E-07	-2.3193359375E-06	-1.46759033203125E-06	8.64794174049166E-08	119204.5859375	1.15008770080749E-05
320	199.870237495376	-0.106353759765625	-0.106353759765625	-8.35571289062501E-07	-2.29461669921875E-06	-1.45904541015625E-06	8.88661446651895E-08	127282.6953125	1.1458693734312E-05
321	199.92023749525	-0.11138916015625	-0.111358642578125	-8.15734863281251E-07	-2.2705078125E-06	-1.45477294921875E-06	9.08391228904293E-08	136513.28125	1.14174117697985E-05
322	199.970237495124	-0.116424560546875	-0.116668701171875	-7.98645019531249E-07	-2.25067138671875E-06	-1.4520263671875E-06	9.31768724399262E-08	146083.3125	1.13770520329126E-05
323	200.020237494997	-0.1214599609375	-0.121490478515625	-7.81860351562499E-07	-2.23175048828125E-06	-1.44989013671875E-06	9.49885858858579E-08	155386.421875	1.13375390355941E-05
324	200.070237494871	-0.126495361328125	-0.1263427734375	-7.63854980468751E-07	-2.215576171875E-06	-1.45172119140625E-06	9.65075557246564E-08	165401.515625	1.12988964247052E-05
325	200.120237494745	-0.13153076171875	-0.131591796875	-7.45849609375E-07	-2.200927734375E-06	-1.455078125E-06	9.81476873107567E-08	176432.078125	1.1261154213571E-05
326	200.170237494619	-0.136566162109375	-0.136688232421875	-7.2906494140625E-07	-2.1875E-06	-1.45843505859375E-06	9.96545992393294E-08	187484.296875	1.1224280569877E-05
327	200.220237494492	-0.1416015625	-0.141510009765625	-7.1380615234375E-07	-2.17681884765625E-06	-1.4630126953125E-06	1.01010712683092E-07	198247.125	1.118820910051E-05
328	200.270237494366	-0.146636962890625	-0.146697998046875	-6.98242187500001E-07	-2.16705322265625E-06	-1.46881103515625E-06	1.02430725235081E-07	210096.15625	1.11529079731554E-05
329	200.32023749424	-0.15167236328125	-0.15185546875	-6.8359375E-07	-2.1588134765625E-06	-1.4752197265625E-06	1.0380744441818E-07	222142.859375	1.11183617264032E-05
330	200.370237494114	-0.156707763671875	-0.15673828125	-6.69250488281251E-07	-2.15118408203125E-06	-1.48193359375E-06	1.04897168284879E-07	234199.734375	1.10845412564231E-05
331	200.420237493988	-0.1617431640625	-0.1617431640625	-6.5582275390625E-07	-2.14569091796875E-06	-1.4898681640625E-06	1.06074850236837E-07	246626.328125	1.10514138214057E-05
332	200.470237493861	-0.166778564453125	-0.16693115234375	-6.43005371093749E-07	-2.14141845703125E-06	-1.4984130859375E-06	1.0733762678683E-07	259610.828125	1.1018943041563E-05
333	200.520237493735	-0.17181396484375	-0.171875	-6.3140869140625E-07	-2.13592529296875E-06	-1.5045166015625E-06	1.08523366293412E-07	272208.8125	1.09870834421599E-05
334	200.570237493609	-0.176849365234375	-0.176849365234375	-6.182861328125E-07	-2.13470458984375E-06	-1.51641845703125E-06	1.09343503140735E-07	286031.59375	1.09558404801646E-05
335	200.620237493483	-0.181884765625	-0.18194580078125	-6.0943603515625E-07	-2.13287353515625E-06	-1.5234375E-06	1.10884329274086E-07	298547.8125	1.09251477624639E-05
336	200.670237493356	-0.186920166015625	-0.1871337890625	-5.9844970703125E-07	-2.13165283203125E-06	-1.533203125E-06	1.11990154039177E-07	312697.625	1.08949507193756E-05
337	200.72023749323	-0.19195556640625	-0.19195556640625	-5.91430664062501E-07	-2.13226318359375E-06	-1.54083251953125E-06	1.13528408007824E-07	324561.40625	1.08652038761647E-05
338	200.770237493104	-0.196990966796875	-0.19696044921875	-5.81970214843749E-07	-2.1337890625E-06	-1.55181884765625E-06	1.14625109404187E-07	338437.34375	1.08358681245591E-05
339	200.820237492978	-0.2020263671875	-0.20220947265625	-5.7342529296875E-07	-2.13470458984375E-06	-1.561279296875E-06	1.1595201954151E-07	352634.40625	1.08069834823255E-05
340	200.870237492851	-0.207061767578125	-0.2071533203125	-5.657958984375E-07	-2.137451171875E-06	-1.5716552734375E-06	1.17206489846922E-07	366127.3125	1.07785035652341E-05
341	200.920237492725	-0.21209716796875	-0.21197509765625	-5.6060791015625E-07	-2.14080810546875E-06	-1.5802001953125E-06	1.18834911688737E-07	378116.53125	1.07503428807831E-05
342	200.970237492599	-0.217132568359375	-0.217254638671875	-5.53283691406251E-07	-2.14599609375E-06	-1.59271240234375E-06	1.20203438314093E-07	392664.125	1.07224959720043E-05
343	201.020237492473	-0.22216796875	-0.22235107421875	-5.474853515625E-07	-2.1502685546875E-06	-1.602783203125E-06	1.2173394736692E-07	406131.5625	1.0694976481318E-05
344	201.070237492346	-0.227203369140625	-0.227142333984375	-5.4351806640625E-07	-2.15667724609375E-06	-1.6131591796875E-06	1.23455961897889E-07	417911.28125	1.06677016447065E-05
345	201.12023749222	-0.23223876953125	-0.232177734375	-5.38330078125E-07	-2.1636962890625E-06	-1.6253662109375E-06	1.24988261518411E-07	431292.5	1.06406550912652E-05
346	201.170237492094	-0.237274169921875	-0.2374267578125	-5.35888671875E-07	-2.1710205078125E-06	-1.6351318359375E-06	1.27234301317003E-07	443052.40625	1.06137995317113E-05
347	201.220237491968	-0.2423095703125	-0.24249267578125	-5.3253173828125E-07	-2.17864990234375E-06	-1.6461181640625E-06	1.29135045767725E-07	455358.1875	1.05870894913096E-05
348	201.270237491842	-0.247344970703125	-0.247222900390625	-5.2978515625E-07	-2.18780517578125E-06	-1.65802001953125E-06	1.30975024603686E-07	466647.46875	1.05605313365231E-05
349	201.320237491715	-0.25238037109375	-0.2525634765625	-5.28869628906251E-07	-2.198486328125E-06	-1.66961669921875E-06	1.33573152538702E-07	477553.375	1.05340650407015E-05
350	201.370237491589	-0.257415771484375	-0.25750732421875	-5.267333984375E-07	-2.20855712890625E-06	-1.68182373046875E-06	1.35637705511726E-07	488876	1.05076751424349E-05
351	201.420237491463	-0.262451171875	-0.2623291015625	-5.28564453124999E-07	-2.2198486328125E-06	-1.6912841796875E-06	1.38657838988365E-07	496304.875	1.04812925201259E-05
352	201.470237491337	-0.267486572265625	-0.26763916015625	-5.2825927734375E-07	-2.235107421875E-06	-1.70684814453125E-06	1.41382855645134E-07	506643.59375	1.04548716990394E-05
353	201.52023749121	-0.27252197265625	-0.27264404296875	-5.2764892578125E-07	-2.24761962890625E-06	-1.719970703125E-06	1.43860333423618E-07	516714.875	1.04284745248151E-05
354	201.570237491084	-0.277557373046875	-0.277587890625	-5.328369140625E-07	-2.2607421875E-06	-1.7279052734375E-06	1.47909076986252E-07	520962.21875	1.04019618447637E-05
355	201.620237490958	-0.2825927734375	-0.282684326171875	-5.3375244140625E-07	-2.274169921875E-06	-1.74041748046875E-06	1.50883451510708E-07	529616.9375	1.03752972790971E-05
356	201.670237490832	-0.287628173828125	-0.287689208984375	-5.328369140625E-07	-2.29156494140625E-06	-1.75872802734375E-06	1.5329142399878E-07	539919.8125	1.03486327134306E-05
357	201.720237490705	-0.29266357421875	-0.292633056640625	-5.3924560546875E-07	-2.30682373046875E-06	-1.767578125E-06	1.57801096634103E-07	542671.1875	1.0321830814064E-05
358	201.770237490579	-0.297698974609375	-0.297637939453125	-5.43212890625E-07	-2.3236083984375E-06	-1.7803955078125E-06	1.61680759447336E-07	547921.375	1.02947687992128E-05
359	201.820237490453	-0.302734375	-0.302886962890625	-5.4779052734375E-07	-2.34100341796875E-06	-1.793212890625E-06	1.65918606853666E-07	552924.8125	1.02674939626013E-05
360	201.870237490327	-0.307769775390625	-0.307830810546875	-5.5389404296875E-07	-2.3583984375E-06	-1.80450439453125E-06	1.70505657592912E-07	555757.5625	1.02399517345475E-05
361	201.9202374902	-0.31280517578125	-0.312774658203125	-5.615234375E-07	-2.3760986328125E-06	-1.8145751953125E-06	1.75630304966035E-07	557010.875	1.02120666269911E-05
362	201.970237490074	-0.317840576171875	-0.318023681640625	-5.68542480468751E-07	-2.398681640625E-06	-1.83013916015625E-06	1.80809976768614E-07	559366.625	1.018381499307E-05
363	202.020237489948	-0.3228759765625	-0.3231201171875	-5.76171875000001E-07	-2.4169921875E-06	-1.8408203125E-06	1.8617272701249E-07	560805.0625	1.0155196832784E-05
364	202.070237489822	-0.327911376953125	-0.32781982421875	-5.85021972656249E-07	-2.43896484375E-06	-1.85394287109375E-06	1.91781794001145E-07	560354.75	1.01261666713981E-05
365	202.120237489695	-0.33294677734375	-0.333221435546875	-5.92041015625E-07	-2.4609375E-06	-1.868896484375E-06	1.97280741076611E-07	562835.0625	1.00967408798169E-05
366	202.170237489569	-0.337982177734375	-0.338104248046875	-5.999755859375E-07	-2.47955322265625E-06	-1.87957763671875E-06	2.02854295139332E-07	563530	1.00669403764186E-05
367	202.220237489443	-0.343017578125	-0.3428955078125	-6.11267089843751E-07	-2.50244140625E-06	-1.89117431640625E-06	2.09600727885118E-07	560958.5625	1.00366587503231E-05
368	202.270237489317	-0.348052978515625	-0.348297119140625	-6.207275390625E-07	-2.5262451171875E-06	-1.905517578125E-06	2.1619760559588E-07	561111.125	1.00058587122476E-05
369	202.320237489191	-0.35308837890625	-0.3531494140625	-6.31103515625001E-07	-2.547607421875E-06	-1.91650390625E-06	2.22873822508518E-07	559574.5	9.97456299955957E-06
370	202.370237489064	-0.358123779296875	-0.358123779296875	-6.396484375E-07	-2.572021484375E-06	-1.932373046875E-06	2.29073307878025E-07	559876	9.94279434962664E-06
371	202.420237488938	-0.3631591796875	-0.363250732421875	-6.5185546875E-07	-2.596435546875E-06	-1.944580078125E-06	2.36786959817437E-07	557256.5625	9.9105072877137E-06
372	202.470237488812	-0.368194580078125	-0.3682861328125	-6.62841796874999E-07	-2.62115478515625E-06	-1.95831298828125E-06	2.44115426539793E-07	555616.9375	9.87763905868633E-06
373	202.520237488686	-0.37322998046875	-0.373199462890625	-6.7626953125E-07	-2.64373779296875E-06	-1.96746826171875E-06	2.52383415499935E-07	551850.1875	9.84416146820877E-06
374	202.570237488559	-0.378265380859375	-0.378326416015625	-6.89086914062501E-07	-2.669677734375E-06	-1.9805908203125E-06	2.60699778209528E-07	549025.6875	9.81002813205123E-06
375	202.620237488433	-0.38330078125	-0.383453369140625	-7.0068359375E-07	-2.69256591796875E-06	-1.99188232421875E-06	2.68679485770917E-07	547256.125	9.7752836154541E-06
376	202.670237488307	-0.388336181640625	-0.38824462890625	-7.13500976562501E-07	-2.7178955078125E-06	-2.00439453125E-06	2.77012929927878E-07	544140.3125	9.73992882791208E-06
377	202.720237488181	-0.39337158203125	-0.39349365234375	-7.281494140625E-07	-2.7410888671875E-06	-2.012939453125E-06	2.86522180203974E-07	540402.375	9.70388737187022E-06
378	202.770237488054	-0.398406982421875	-0.398590087890625	-7.391357421875E-07	-2.76702880859375E-06	-2.02789306640625E-06	2.94612163997954E-07	539265.0625	9.66720563155832E-06
379	202.820237487928	-0.4034423828125	-0.403350830078125	-7.5347900390625E-07	-2.7880859375E-06	-2.03460693359375E-06	3.0391635164051E-07	535318	9.62988997343928E-06
380	202.870237487802	-0.408477783203125	-0.4085693359375	-7.65380859375001E-07	-2.81280517578125E-06	-2.04742431640625E-06	3.12711136984944E-07	533811.8125	9.59191856964026E-06
381	202.920237487676	-0.41351318359375	-0.41375732421875	-7.781982421875E-07	-2.8363037109375E-06	-2.05810546875E-06	3.21985226037214E-07	531686.3125	9.55332961893873E-06
382	202.970237487549	-0.418548583984375	-0.41864013671875	-7.91015625E-07	-2.8582763671875E-06	-2.0672607421875E-06	3.31150886268006E-07	529243.8125	9.51409856497776E-06
383	203.020237487423	-0.423583984375	-0.423614501953125	-8.0718994140625E-07	-2.8802490234375E-06	-2.07305908203125E-06	3.41937351322485E-07	524801.5625	9.47414355323417E-06
384	203.070237487297	-0.428619384765625	-0.42864990234375	-8.18786621093751E-07	-2.90130615234375E-06	-2.08251953125E-06	3.50972783280668E-07	523518.46875	9.43349459703313E-06
385	203.120237487171	-0.43365478515625	-0.433837890625	-8.29162597656249E-07	-2.92144775390625E-06	-2.09228515625E-06	3.59722122311723E-07	523224.15625	9.39229539653752E-06
386	203.170237487044	-0.438690185546875	-0.438720703125	-8.3831787109375E-07	-2.94097900390625E-06	-2.1026611328125E-06	3.67787407640208E-07	523334.53125	9.35060870688176E-06
387	203.220237486918	-0.4437255859375	-0.4437255859375	-8.514404296875E-07	-2.960205078125E-06	-2.1087646484375E-06	3.77805889684169E-07	521146.96875	9.30836449697381E-06
388	203.270237486792	-0.448760986328125	-0.448974609375	-8.612060546875E-07	-2.978515625E-06	-2.1173095703125E-06	3.86659650075671E-07	521332.40625	9.26554821489844E-06
389	203.320237486666	-0.45379638671875	-0.453887939453125	-8.709716796875E-07	-2.9949951171875E-06	-2.1240234375E-06	3.9532352502647E-07	521128.28125	9.22224444366293E-06
390	203.37023748654	-0.458831787109375	-0.458770751953125	-8.770751953125E-07	-3.01025390625E-06	-2.1331787109375E-06	4.02376457486753E-07	523068.90625	9.17854322324274E-06
391	203.420237486413	-0.4638671875	-0.4639892578125	-8.8623046875E-07	-3.02581787109375E-06	-2.13958740234375E-06	4.11201398264893E-07	523553.71875	9.13446001504781E-06
392	203.470237486287	-0.468902587890625	-0.469146728515625	-8.9111328125E-07	-3.03924560546875E-06	-2.14813232421875E-06	4.18062853668744E-07	526472.625	9.09002665139269E-06
393	203.520237486161	-0.47393798828125	-0.47393798828125	-8.96301269531249E-07	-3.05145263671875E-06	-2.1551513671875E-06	4.24791210207331E-07	528770.875	9.04534135770518E-06
394	203.570237486035	-0.478973388671875	-0.47894287109375	-8.984375E-07	-3.065185546875E-06	-2.166748046875E-06	4.30300218567936E-07	533084.25	9.00047234608792E-06
395	203.620237485908	-0.4840087890625	-0.4842529296875	-9.033203125E-07	-3.0780029296875E-06	-2.1746826171875E-06	4.37435517142148E-07	536081.0625	8.95542871148791E-06
396	203.670237485782	-0.489044189453125	-0.488983154296875	-9.02709960937501E-07	-3.08868408203125E-06	-2.18597412109375E-06	4.41409952145477E-07	541683.5625	8.9102777565131E-06
397	203.720237485656	-0.49407958984375	-0.493988037109375	-9.051513671875E-07	-3.10302734375E-06	-2.1978759765625E-06	4.47133942316214E-07	545751.875	8.86508132680319E-06
398	203.77023748553	-0.499114990234375	-0.4993896484375	-9.04541015625E-07	-3.116455078125E-06	-2.2119140625E-06	4.51718392469047E-07	552091.8125	8.8198394223582E-06
