Potential - Start -0.5 V, Stop 1.5 V, Step 0.005 V; Modulation - Amplitude 0.05 V, Time 0.025 s, Interval time 0.05 s
Index	Base.Time (s)	Potential applied (V)	WE(1).Base.Potential (V)	WE(1).Base.Current (A)	WE(1).Pulse.Current (A)	WE(1).δ.Current (A)	WE(1).Base.Power (W)	WE(1).Base.Resistance (Ω)	WE(1).Base.Charge (C)
1	156.592712604641	-0.500030517578125		-6.9793701171875E-07	3.64074707031251E-07	1.06201171875E-06	3.48968484331635E-07	716397.0625	0
2	156.642712604515	-0.4949951171875		-1.1663818359375E-06	3.30200195312499E-07	1.49658203125E-06	5.77317734951066E-07	424358.96875	-4.66079690397692E-08
3	156.692712604389	-0.489959716796875		-1.16729736328125E-06	3.40881347656249E-07	1.5081787109375E-06	5.72213650684716E-07	419947.71875	-1.04949947399291E-07
4	156.742712604263	-0.48492431640625		-1.1444091796875E-06	3.570556640625E-07	1.50146484375E-06	5.551962658501E-07	423920.03125	-1.6274260872251E-07
5	156.792712604136	-0.479888916015625		-1.119384765625E-06	3.741455078125E-07	1.4935302734375E-06	5.36941172413208E-07	428516.9375	-2.1933745131264E-07
6	156.84271260401	-0.474853515625		-1.0980224609375E-06	3.9031982421875E-07	1.48834228515625E-06	5.21801894137752E-07	432796.03125	-2.74772645525445E-07
7	156.892712603884	-0.469818115234375		-1.0772705078125E-06	4.058837890625E-07	1.483154296875E-06	5.06285573464993E-07	436260.65625	-3.29154943301546E-07
8	156.942712603758	-0.46478271484375		-1.058349609375E-06	4.23583984375001E-07	1.48193359375E-06	4.92096376092377E-07	439331.0625	-3.82545465527073E-07
9	156.992712603632	-0.459747314453125		-1.04217529296875E-06	4.38842773437501E-07	1.48101806640625E-06	4.79105494832766E-07	441112.71875	-4.35058581160774E-07
10	157.042712603505	-0.4547119140625		-1.0247802734375E-06	4.54101562500001E-07	1.4788818359375E-06	4.66073601046446E-07	443805.875	-4.86732460558414E-07
11	157.092712603379	-0.449676513671875		-1.009521484375E-06	4.681396484375E-07	1.4776611328125E-06	4.54112154102404E-07	445586.4375	-5.37589983196085E-07
12	157.142712603253	-0.44464111328125		-9.9822998046875E-07	4.8248291015625E-07	1.480712890625E-06	4.43701793528817E-07	445276.65625	-5.87783802075137E-07
13	157.192712603127	-0.439605712890625		-9.85107421875001E-07	4.962158203125E-07	1.4813232421875E-06	4.33209152106429E-07	446406.46875	-6.37367236322461E-07
14	157.242712603	-0.4345703125		-9.7503662109375E-07	5.11474609375E-07	1.48651123046875E-06	4.2404928990436E-07	446040.6875	-6.86370810853987E-07
15	157.292712602874	-0.429534912109375		-9.63134765625E-07	5.22460937499999E-07	1.485595703125E-06	4.13670619536788E-07	445944.21875	-7.3482510742906E-07
16	157.342712602748	-0.42449951171875		-9.54589843750001E-07	5.36193847656249E-07	1.49078369140625E-06	4.05252052360083E-07	444725.0625	-7.82768211138318E-07
17	157.392712602622	-0.419464111328125		-9.442138671875E-07	5.4931640625E-07	1.4935302734375E-06	3.96236714550469E-07	444440.84375	-8.30238320759236E-07
18	157.442712602495	-0.4144287109375		-9.3658447265625E-07	5.62133789062499E-07	1.49871826171875E-06	3.88347558555324E-07	442717.5	-8.77258287346194E-07
19	157.492712602369	-0.409393310546875		-9.3048095703125E-07	5.72509765625E-07	1.50299072265625E-06	3.80904282337724E-07	439947.53125	-9.23934919683234E-07
20	157.542712602243	-0.40435791015625		-9.24072265625001E-07	5.85021972656249E-07	1.50909423828125E-06	3.73684116539152E-07	437615.59375	-9.70298742686282E-07
21	157.592712602117	-0.399322509765625		-9.17663574218749E-07	5.95703124999999E-07	1.51336669921875E-06	3.66639739013408E-07	435384.125	-1.01634213933721E-06
22	157.64271260199	-0.394287109375		-9.124755859375E-07	6.08215332031251E-07	1.52069091796875E-06	3.59777345693146E-07	432107.03125	-1.06209563455195E-06
23	157.692712601864	-0.389251708984375		-9.05761718750001E-07	6.1798095703125E-07	1.52374267578125E-06	3.52569287542792E-07	429750.6875	-1.10755149762554E-06
24	157.742712601738	-0.38421630859375		-8.9996337890625E-07	6.3018798828125E-07	1.5301513671875E-06	3.4600031995069E-07	427195.65625	-1.15269472189539E-06
25	157.792712601612	-0.379180908203125		-8.9569091796875E-07	6.38427734375E-07	1.53411865234375E-06	3.39738221555308E-07	423475.3125	-1.19758601613285E-06
26	157.842712601485	-0.3741455078125		-8.929443359375E-07	6.49108886718749E-07	1.54205322265625E-06	3.33927602014228E-07	418797.03125	-1.2423018915797E-06
27	157.892712601359	-0.369110107421875		-8.87451171875001E-07	6.5765380859375E-07	1.54510498046875E-06	3.276213647041E-07	415990.375	-1.2868117664766E-06
28	157.942712601233	-0.36407470703125		-8.84094238281249E-07	6.69250488281251E-07	1.5533447265625E-06	3.22065204727551E-07	412046.96875	-1.3311004067873E-06
29	157.992712601107	-0.359039306640625		-8.807373046875E-07	6.7596435546875E-07	1.55670166015625E-06	3.16138653033704E-07	407553.71875	-1.37522124532552E-06
30	158.042712600981	-0.35400390625		-8.77990722656249E-07	6.8695068359375E-07	1.56494140625E-06	3.11214051862407E-07	403719.15625	-1.41918940244068E-06
31	158.092712600854	-0.348968505859375		-8.7554931640625E-07	6.939697265625E-07	1.56951904296875E-06	3.05458968341554E-07	398466.375	-1.46302795656084E-06
32	158.142712600728	-0.34393310546875		-8.746337890625E-07	7.02819824218751E-07	1.57745361328125E-06	3.00815514719943E-07	393231	-1.50678249610792E-06
33	158.192712600602	-0.338897705078125		-8.6883544921875E-07	7.110595703125E-07	1.57989501953125E-06	2.94631917086008E-07	390305.59375	-1.55036923388252E-06
34	158.242712600476	-0.3338623046875		-8.6669921875E-07	7.1990966796875E-07	1.58660888671875E-06	2.89543351073007E-07	385457.75	-1.5937575881253E-06
35	158.292712600349	-0.328826904296875		-8.642578125E-07	7.25402832031249E-07	1.58966064453125E-06	2.84270328165803E-07	380579.09375	-1.63703145972249E-06
36	158.342712600223	-0.32379150390625		-8.6212158203125E-07	7.33642578125E-07	1.59576416015625E-06	2.79226554766865E-07	375681.4375	-1.68019096236094E-06
37	158.392712600097	-0.318756103515625		-8.59375E-07	7.4127197265625E-07	1.60064697265625E-06	2.74193268978706E-07	371271.34375	-1.72322836533567E-06
38	158.442712599971	-0.313720703125		-8.59985351562501E-07	7.48291015624999E-07	1.6082763671875E-06	2.6987393653144E-07	364904.1875	-1.76621244918351E-06
39	158.492712599844	-0.308685302734375		-8.5357666015625E-07	7.525634765625E-07	1.60614013671875E-06	2.6346052095505E-07	361601.71875	-1.80905146862642E-06
40	158.542712599718	-0.30364990234375		-8.53881835937501E-07	7.6019287109375E-07	1.61407470703125E-06	2.59541707237076E-07	355968.5625	-1.85173792033311E-06
41	158.592712599592	-0.298614501953125		-8.50524902343749E-07	7.65380859375001E-07	1.61590576171875E-06	2.54212665140585E-07	351417.3125	-1.89434808817168E-06
42	158.642712599466	-0.2935791015625		-8.489990234375E-07	7.7178955078125E-07	1.62078857421875E-06	2.49170625465922E-07	345686.5625	-1.93683627003338E-06
43	158.692712599339	-0.288543701171875		-8.465576171875E-07	7.75146484375E-07	1.6217041015625E-06	2.44268875349007E-07	340843.5625	-1.97922508959891E-06
44	158.742712599213	-0.28350830078125		-8.4381103515625E-07	7.830810546875E-07	1.62689208984375E-06	2.39356182873962E-07	336166.375	-2.02148430616944E-06
45	158.792712599087	-0.278472900390625		-8.428955078125E-07	7.86743164062501E-07	1.629638671875E-06	2.35006496041024E-07	330774.8125	-2.06365189114877E-06
46	158.842712598961	-0.2734375		-8.41369628906249E-07	7.92541503906249E-07	1.6339111328125E-06	2.30139036716537E-07	325099.75	-2.10575853998307E-06
47	158.892712598834	-0.268402099609375		-8.3831787109375E-07	7.9498291015625E-07	1.63330078125E-06	2.24955115868397E-07	320094.65625	-2.14775081985863E-06
48	158.942712598708	-0.26336669921875		-8.3465576171875E-07	8.02001953125001E-07	1.63665771484375E-06	2.20151662233548E-07	316014.625	-2.18957507058803E-06
49	158.992712598582	-0.258331298828125		-8.349609375E-07	8.0413818359375E-07	1.63909912109375E-06	2.15823945381999E-07	309576.03125	-2.23131564780488E-06
50	159.042712598456	-0.2532958984375		-8.3282470703125E-07	8.099365234375E-07	1.64276123046875E-06	2.10849421478088E-07	303994.15625	-2.27301029553928E-06
51	159.09271259833	-0.248260498046875		-8.30078125E-07	8.12683105468751E-07	1.64276123046875E-06	2.06151597126336E-07	299191.1875	-2.31458284360997E-06
52	159.142712598203	-0.24322509765625		-8.2763671875E-07	8.16650390625E-07	1.644287109375E-06	2.01504079200276E-07	294174.03125	-2.35602556131198E-06
53	159.192712598077	-0.238189697265625		-8.2733154296875E-07	8.20312500000001E-07	1.64764404296875E-06	1.97061837070578E-07	287901.15625	-2.39739983953768E-06
54	159.242712597951	-0.233154296875		-8.23974609375E-07	8.23974609375E-07	1.64794921875E-06	1.92113205343958E-07	282962.96875	-2.43868248617218E-06
55	159.292712597825	-0.228118896484375		-8.2000732421875E-07	8.2763671875E-07	1.64764404296875E-06	1.87284385333442E-07	278526.25	-2.47978209699795E-06
56	159.342712597698	-0.22308349609375		-8.2122802734375E-07	8.3160400390625E-07	1.65283203125E-06	1.83302660161644E-07	271794.875	-2.52081281360006E-06
57	159.392712597572	-0.218048095703125		-8.16650390625E-07	8.32519531250001E-07	1.649169921875E-06	1.78019206487079E-07	266928.25	-2.5617598566896E-06
58	159.442712597446	-0.2130126953125		-8.14208984375001E-07	8.36791992187499E-07	1.6510009765625E-06	1.73585931406706E-07	261844.078125	-2.60253136730171E-06
59	159.49271259732	-0.207977294921875		-8.11767578125E-07	8.3892822265625E-07	1.65069580078125E-06	1.69126494142802E-07	256654.140625	-2.6431807782501E-06
60	159.542712597193	-0.20294189453125		-8.1207275390625E-07	8.4228515625E-07	1.65435791015625E-06	1.647540130989E-07	249830.890625	-2.68377675638476E-06
61	159.592712597067	-0.197906494140625		-8.087158203125E-07	8.4564208984375E-07	1.65435791015625E-06	1.60000752202905E-07	244641.515625	-2.72429656433815E-06
62	159.642712596941	-0.19287109375		-8.06884765625E-07	8.4991455078125E-07	1.65679931640625E-06	1.55797110323874E-07	239296.515625	-2.76468654192286E-06
63	159.692712596815	-0.187835693359375		-8.04443359375E-07	8.526611328125E-07	1.6571044921875E-06	1.51275017401531E-07	233763.28125	-2.80496965388011E-06
64	159.742712596688	-0.18280029296875		-8.03222656249999E-07	8.58154296874999E-07	1.661376953125E-06	1.46951890656055E-07	227773.5625	-2.84516136161983E-06
65	159.792712596562	-0.177764892578125		-8.0291748046875E-07	8.6181640625E-07	1.66473388671875E-06	1.42681528814137E-07	221322.703125	-2.88531487058208E-06
66	159.842712596436	-0.1727294921875		-7.9925537109375E-07	8.673095703125E-07	1.66656494140625E-06	1.38201315280639E-07	216342.125	-2.92536924462183E-06
67	159.89271259631	-0.167694091796875		-7.9925537109375E-07	8.740234375E-07	1.67327880859375E-06	1.34323101974587E-07	210271.09375	-2.96533198707039E-06
68	159.942712596183	-0.16265869140625		-7.9803466796875E-07	8.81042480468749E-07	1.6790771484375E-06	1.2975856122921E-07	203747.609375	-3.00526426144643E-06
69	159.992712596057	-0.157623291015625		-7.97424316406251E-07	8.8836669921875E-07	1.685791015625E-06	1.25643978776679E-07	197588.984375	-3.04515060634003E-06
70	160.042712595931	-0.152587890625		-7.95898437500001E-07	8.9996337890625E-07	1.69586181640625E-06	1.21735922675725E-07	192177.921875	-3.08498374579358E-06
71	160.092712595805	-0.147552490234375		-7.9681396484375E-07	9.11560058593749E-07	1.7083740234375E-06	1.17815048383818E-07	185561.09375	-3.12480165121087E-06
72	160.142712595679	-0.14251708984375		-7.98950195312501E-07	9.2681884765625E-07	1.72576904296875E-06	1.13790903810695E-07	178265.859375	-3.16469572680944E-06
73	160.192712595552	-0.137481689453125		-8.0078125E-07	9.42382812500001E-07	1.7431640625E-06	1.10190505608898E-07	171836.90625	-3.2046889373305E-06
74	160.242712595426	-0.1324462890625		-8.05053710937501E-07	9.63439941406249E-07	1.76849365234375E-06	1.06896621332453E-07	164935.5625	-3.24483471558779E-06
75	160.2927125953	-0.127410888671875		-8.10852050781249E-07	9.87854003906249E-07	1.7987060546875E-06	1.03509343318819E-07	157433.203125	-3.28523242387746E-06
76	160.342712595174	-0.12237548828125		-8.20312500000001E-07	1.01715087890625E-06	1.83746337890625E-06	1.00386138512931E-07	149181.546875	-3.32601166519453E-06
77	160.392712595047	-0.117340087890625		-8.2672119140625E-07	1.05255126953125E-06	1.8792724609375E-06	9.70075362261014E-08	141934.296875	-3.36718744620157E-06
78	160.442712594921	-0.1123046875		-8.404541015625E-07	1.09649658203125E-06	1.93695068359375E-06	9.47203702139632E-08	134095.859375	-3.40886685989972E-06
79	160.492712594795	-0.107269287109375		-8.544921875E-07	1.14715576171875E-06	2.00164794921875E-06	9.17911506803648E-08	125714.2890625	-3.45124044542899E-06
80	160.542712594669	-0.10223388671875		-8.740234375E-07	1.20819091796875E-06	2.08221435546875E-06	8.93281395519807E-08	116934.359375	-3.49445326719433E-06
81	160.592712594542	-0.097198486328125		-8.9752197265625E-07	1.27471923828125E-06	2.1722412109375E-06	8.740211399072E-08	108500.515625	-3.53874202119187E-06
82	160.642712594416	-0.0921630859375		-9.32922363281249E-07	1.3604736328125E-06	2.29339599609375E-06	8.62087645714382E-08	99051.359375	-3.58450301973789E-06
83	160.69271259429	-0.087127685546875		-9.68017578125E-07	1.4556884765625E-06	2.4237060546875E-06	8.44002059352533E-08	90069.3671875	-3.63202661901596E-06
84	160.742712594164	-0.08209228515625		-1.00860595703125E-06	1.572265625E-06	2.58087158203125E-06	8.27679897952294E-08	81361.5703125	-3.68144219464739E-06
85	160.792712594037	-0.077056884765625		-1.0528564453125E-06	1.70440673828125E-06	2.75726318359375E-06	8.14511409430452E-08	73478.265625	-3.73297871192335E-06
86	160.842712593911	-0.072021484375		-1.1090087890625E-06	1.85546875E-06	2.9644775390625E-06	7.99063002432376E-08	64969.734375	-3.78702543457621E-06
87	160.892712593785	-0.066986083984375		-1.1724853515625E-06	2.0257568359375E-06	3.1982421875E-06	7.85759795007834E-08	57157.73046875	-3.84406257580849E-06
88	160.942712593659	-0.06195068359375		-1.2451171875E-06	2.218017578125E-06	3.463134765625E-06	7.75158355281746E-08	50000.00390625	-3.90450259146746E-06
89	160.992712593532	-0.056915283203125		-1.32537841796875E-06	2.4285888671875E-06	3.75396728515625E-06	7.56769722443096E-08	43080.8203125	-3.96876521335798E-06
90	161.042712593406	-0.0518798828125		-1.41357421875E-06	2.66082763671875E-06	4.07440185546875E-06	7.34654790335298E-08	36765.9765625	-4.03723879571771E-06
91	161.09271259328	-0.046844482421875		-1.4984130859375E-06	2.911376953125E-06	4.4097900390625E-06	7.05353428998023E-08	31415.478515625	-4.11003884437378E-06
92	161.142712593154	-0.04180908203125		-1.6021728515625E-06	3.17657470703125E-06	4.77874755859375E-06	6.70000446234553E-08	26100.955078125	-4.18755325881648E-06
93	161.192712593028	-0.036773681640625		-1.7034912109375E-06	3.45428466796875E-06	5.15777587890625E-06	6.27424157073619E-08	21621.283203125	-4.27019494964043E-06
94	161.242712592901	-0.03173828125		-1.80267333984375E-06	3.74237060546875E-06	5.5450439453125E-06	5.74668099773135E-08	17684.103515625	-4.35784886576585E-06
95	161.292712592775	-0.026702880859375		-1.89483642578125E-06	4.0283203125E-06	5.92315673828125E-06	5.05339841083696E-08	14074.7314453125	-4.45028672402259E-06
96	161.342712592649	-0.02166748046875		-1.97662353515625E-06	4.3212890625E-06	6.29791259765625E-06	4.30818012375767E-08	11026.7099609375	-4.54707333119586E-06
97	161.392712592523	-0.016632080078125		-2.04437255859375E-06	4.60205078125E-06	6.64642333984375E-06	3.43390702539637E-08	8216.15234375	-4.64759796159342E-06
98	161.442712592396	-0.0115966796875		-2.0989990234375E-06	4.8736572265625E-06	6.97265625E-06	2.40980053689555E-08	5469.61376953125	-4.75118258691509E-06
99	161.49271259227	-0.006561279296875		-2.12860107421875E-06	5.120849609375E-06	7.24945068359375E-06	1.44405518653912E-08	3187.09692382813	-4.85687223772402E-06
100	161.542712592144	-0.00152587890625		-2.13348388671875E-06	5.3466796875E-06	7.48016357421875E-06	3.50936213422415E-09	770.991333007813	-4.96342454425758E-06
101	161.592712592018	0.003509521484375		-2.11212158203125E-06	5.5450439453125E-06	7.65716552734375E-06	-7.43831884975066E-09	-1667.38916015625	-5.06956484969123E-06
102	161.642712591891	0.008544921875		-2.04925537109375E-06	5.7037353515625E-06	7.75299072265625E-06	-1.76358021519718E-08	-4199.55322265625	-5.17359922014293E-06
103	161.692712591765	0.013580322265625		-1.97265625E-06	5.8197021484375E-06	7.7923583984375E-06	-2.64341242228738E-08	-6793.00732421875	-5.27414704265539E-06
104	161.742712591639	0.01861572265625		-1.87255859375E-06	5.8868408203125E-06	7.7593994140625E-06	-3.48761730606384E-08	-9946.21875	-5.37027744940133E-06
105	161.792712591513	0.023651123046875		-1.74835205078125E-06	5.9051513671875E-06	7.65350341796875E-06	-4.11637444130974E-08	-13466.57421875	-5.46079991181614E-06
106	161.842712591386	0.0286865234375		-1.60400390625E-06	5.877685546875E-06	7.481689453125E-06	-4.58223858856854E-08	-17810.12109375	-5.54460893908981E-06
107	161.89271259126	0.033721923828125		-1.439208984375E-06	5.8013916015625E-06	7.2406005859375E-06	-4.86602687033155E-08	-23492.3671875	-5.62068908038782E-06
108	161.942712591134	0.03875732421875		-1.2664794921875E-06	5.6854248046875E-06	6.951904296875E-06	-4.91008158576278E-08	-30612.05078125	-5.68833138459013E-06
109	161.992712591008	0.043792724609375		-1.077880859375E-06	5.5267333984375E-06	6.6046142578125E-06	-4.68151846177989E-08	-40294.44921875	-5.74694058741443E-06
110	162.042712590881	0.048828125		-8.8775634765625E-07	5.3375244140625E-06	6.22528076171875E-06	-4.34422986472782E-08	-55122.0390625	-5.79608149564592E-06
111	162.092712590755	0.053863525390625		-6.97021484375E-07	5.1239013671875E-06	5.8209228515625E-06	-3.75227600102335E-08	-77232.9296875	-5.83570090384455E-06
112	162.142712590629	0.05889892578125		-5.0079345703125E-07	4.901123046875E-06	5.40191650390625E-06	-2.9373930843235E-08	-117123.7109375	-5.86564601690043E-06
113	162.192712590503	0.063934326171875		-3.11279296875E-07	4.6630859375E-06	4.974365234375E-06	-1.98349336955062E-08	-204705.890625	-5.88594821238075E-06
114	162.242712590377	0.0689697265625		-1.33361816406249E-07	4.43115234375E-06	4.56451416015625E-06	-9.18978759756328E-09	-516704.84375	-5.89706405662582E-06
115	162.29271259025	0.074005126953125		3.14331054687506E-08	4.205322265625E-06	4.17388916015625E-06	2.32045516135315E-09	2348543.75	-5.89961246078019E-06
116	162.342712590124	0.07904052734375		1.8646240234375E-07	3.985595703125E-06	3.79913330078125E-06	1.46754919327918E-08	422094.9375	-5.89416504226392E-06
117	162.392712589998	0.084075927734375		3.2501220703125E-07	3.78387451171875E-06	3.4588623046875E-06	2.7266191082731E-08	258122.078125	-5.88137800150434E-06
118	162.442712589872	0.089111328125		4.4403076171875E-07	3.59466552734375E-06	3.150634765625E-06	3.94868635567036E-08	200274.921875	-5.86215173825622E-06
119	162.492712589745	0.094146728515625		5.5267333984375E-07	3.42041015625E-06	2.86773681640625E-06	5.1813124457567E-08	169630.046875	-5.83723431191174E-06
120	162.542712589619	0.09918212890625		6.43005371093749E-07	3.26080322265625E-06	2.6177978515625E-06	6.34606749372324E-08	153488.375	-5.80734240429592E-06
121	162.592712589493	0.104217529296875		7.183837890625E-07	3.1158447265625E-06	2.3974609375E-06	7.47804875800284E-08	144902.296875	-5.77330774831353E-06
122	162.642712589367	0.1092529296875		7.8094482421875E-07	2.9864501953125E-06	2.20550537109375E-06	8.51775112664654E-08	139663.9375	-5.73582428842201E-06
123	162.69271258924	0.114288330078125		8.2855224609375E-07	2.86956787109375E-06	2.041015625E-06	9.44915683476211E-08	137642.734375	-5.69558687857352E-06
124	162.742712589114	0.11932373046875		8.65478515625E-07	2.76458740234375E-06	1.89910888671875E-06	1.03219299774082E-07	137799.71875	-5.65323625778547E-06
125	162.792712588988	0.124359130859375		8.95080566406251E-07	2.6715087890625E-06	1.77642822265625E-06	1.1081975515026E-07	138322.546875	-5.60922217118787E-06
126	162.842712588862	0.12939453125		9.1400146484375E-07	2.587890625E-06	1.67388916015625E-06	1.1784838704898E-07	141068.453125	-5.56399527340545E-06
127	162.892712588735	0.134429931640625		9.307861328125E-07	2.51251220703125E-06	1.58172607421875E-06	1.25097102454674E-07	144393.453125	-5.51787570657325E-06
128	162.942712588609	0.13946533203125		9.3658447265625E-07	2.4462890625E-06	1.50970458984375E-06	1.30163741118849E-07	148387.09375	-5.47119134353125E-06
129	162.992712588483	0.144500732421875		9.4024658203125E-07	2.38555908203125E-06	1.4453125E-06	1.35435897163916E-07	153197.015625	-5.42427051186678E-06
130	163.042712588357	0.1495361328125		9.381103515625E-07	2.3321533203125E-06	1.39404296875E-06	1.40052350161568E-07	159141.1875	-5.37731148142484E-06
131	163.09271258823	0.154571533203125		9.36279296875001E-07	2.28271484375E-06	1.346435546875E-06	1.44293522907901E-07	164602.359375	-5.33045204065274E-06
132	163.142712588104	0.15960693359375		9.307861328125E-07	2.23876953125E-06	1.3079833984375E-06	1.48077020867277E-07	170918.046875	-5.28377540831571E-06
133	163.192712587978	0.164642333984375		9.2376708984375E-07	2.197265625E-06	1.27349853515625E-06	1.51809260273694E-07	177898.921875	-5.23741118740872E-06
134	163.242712587852	0.169677734375		9.1522216796875E-07	2.16033935546875E-06	1.2451171875E-06	1.55013509584023E-07	185061.6875	-5.19143668498145E-06
135	163.292712587726	0.174713134765625		9.04541015625E-07	2.1258544921875E-06	1.2213134765625E-06	1.57455488647429E-07	192442.65625	-5.14594239575672E-06
136	163.342712587599	0.17974853515625		8.9569091796875E-07	2.093505859375E-06	1.19781494140625E-06	1.60589110009823E-07	200170.359375	-5.10093695993419E-06
137	163.392712587473	0.184783935546875		8.8714599609375E-07	2.0623779296875E-06	1.17523193359375E-06	1.63632520866486E-07	207911.9375	-5.05636580783175E-06
138	163.442712587347	0.1898193359375		8.7738037109375E-07	2.0343017578125E-06	1.15692138671875E-06	1.66195675888048E-07	215895.65625	-5.01225258631166E-06
139	163.492712587221	0.194854736328125		8.69140625000001E-07	2.0050048828125E-06	1.1358642578125E-06	1.68693063073988E-07	223314.609375	-4.96858956466895E-06
140	163.542712587094	0.19989013671875		8.6090087890625E-07	1.978759765625E-06	1.11785888671875E-06	1.71875413457201E-07	231903.59375	-4.92533854412613E-06
141	163.592712586968	0.204925537109375		8.53881835937501E-07	1.953125E-06	1.0992431640625E-06	1.74461021629213E-07	239278.0625	-4.88246905661072E-06
142	163.642712586842	0.2099609375		8.4564208984375E-07	1.9293212890625E-06	1.08367919921875E-06	1.77009866320077E-07	247527.96875	-4.83998110212269E-06
143	163.692712586716	0.214996337890625		8.380126953125E-07	1.904296875E-06	1.0662841796875E-06	1.79965070401522E-07	256263.65625	-4.79788968732464E-06
144	163.742712586589	0.22003173828125		8.3343505859375E-07	1.88262939453125E-06	1.0491943359375E-06	1.82898901357476E-07	263310.15625	-4.75610340799904E-06
145	163.792712586463	0.225067138671875		8.30078125E-07	1.86004638671875E-06	1.02996826171875E-06	1.86189993200969E-07	270220.59375	-4.71451539851842E-06
146	163.842712586337	0.2301025390625		8.23364257812501E-07	1.83929443359375E-06	1.01593017578125E-06	1.89131554861888E-07	278984.4375	-4.67317931907019E-06
147	163.892712586211	0.235137939453125		8.1787109375E-07	1.81793212890625E-06	1.00006103515625E-06	1.91863250620372E-07	286828.375	-4.63214882984175E-06
148	163.942712586084	0.24017333984375		8.148193359375E-07	1.7987060546875E-06	9.8388671875E-07	1.95175687167648E-07	293970.03125	-4.59133116237354E-06
149	163.992712585958	0.245208740234375		8.099365234375E-07	1.77947998046875E-06	9.69543457031249E-07	1.9801029793598E-07	301846.28125	-4.55071267424501E-06
150	164.042712585832	0.250244140625		8.05053710937501E-07	1.7620849609375E-06	9.5703125E-07	2.01116009179714E-07	310310.84375	-4.51033793069655E-06
151	164.092712585706	0.255279541015625		8.0078125E-07	1.744384765625E-06	9.43603515625E-07	2.03934305886833E-07	318025.9375	-4.47019192506559E-06
152	164.142712585579	0.26031494140625		7.9620361328125E-07	1.73004150390625E-06	9.33837890625E-07	2.06583351314293E-07	325871.96875	-4.43026738139451E-06
153	164.192712585453	0.265350341796875		7.9193115234375E-07	1.71295166015625E-06	9.21020507812501E-07	2.09825017805088E-07	334566.46875	-4.39056384493597E-06
154	164.242712585327	0.2703857421875		7.86743164062501E-07	1.6998291015625E-06	9.13085937499999E-07	2.12291965340228E-07	342979.0625	-4.35109677709988E-06
155	164.292712585201	0.275421142578125		7.8338623046875E-07	1.6864013671875E-06	9.0301513671875E-07	2.15043911566681E-07	350409.03125	-4.31184389526607E-06
156	164.342712585075	0.28045654296875		7.77282714843749E-07	1.6741943359375E-06	8.9691162109375E-07	2.17567048821365E-07	360109.9375	-4.27282702730736E-06
157	164.392712584948	0.285491943359375		7.7392578125E-07	1.66107177734375E-06	8.87145996093751E-07	2.20666152017657E-07	368414.84375	-4.23404662797111E-06
158	164.442712584822	0.29052734375		7.69958496093751E-07	1.64947509765625E-06	8.79516601562499E-07	2.23271044319517E-07	376615.15625	-4.19544994656462E-06
159	164.492712584696	0.295562744140625		7.66906738281251E-07	1.63848876953125E-06	8.7158203125E-07	2.26037144557267E-07	384321.53125	-4.15702788814087E-06
160	164.54271258457	0.30059814453125		7.62939453125E-07	1.6278076171875E-06	8.648681640625E-07	2.28872508500899E-07	393200.03125	-4.11878181694192E-06
161	164.592712584443	0.305633544921875		7.57751464843751E-07	1.61773681640625E-06	8.59985351562499E-07	2.31039265941035E-07	402376.1875	-4.08076448366046E-06
162	164.642712584317	0.3106689453125		7.5347900390625E-07	1.60858154296875E-06	8.55102539062499E-07	2.33507648772502E-07	411300.15625	-4.04298407374881E-06
163	164.692712584191	0.315704345703125		7.5286865234375E-07	1.59942626953125E-06	8.465576171875E-07	2.37293306781794E-07	418646.15625	-4.00532508137985E-06
164	164.742712584065	0.32073974609375		7.489013671875E-07	1.591796875E-06	8.42895507812499E-07	2.39676779756337E-07	427343.125	-3.96778114009066E-06
165	164.792712583938	0.325775146484375		7.45544433593751E-07	1.58355712890625E-06	8.380126953125E-07	2.42265542738096E-07	435857.5625	-3.93042000723653E-06
166	164.842712583812	0.330810546875		7.4127197265625E-07	1.57745361328125E-06	8.36181640625E-07	2.44881249500395E-07	445656.65625	-3.89324941352243E-06
167	164.892712583686	0.335845947265625		7.39440917968751E-07	1.56951904296875E-06	8.30078125E-07	2.47819201604216E-07	453239.78125	-3.85623161491822E-06
168	164.94271258356	0.34088134765625		7.366943359375E-07	1.56463623046875E-06	8.27941894531249E-07	2.50473362939374E-07	461516.1875	-3.81932841264643E-06
169	164.992712583433	0.345916748046875		7.33337402343751E-07	1.5582275390625E-06	8.24890136718749E-07	2.53248487069868E-07	470911.375	-3.78257732336351E-06
170	165.042712583307	0.3509521484375		7.3150634765625E-07	1.55303955078125E-06	8.21533203125001E-07	2.56254907071707E-07	478890.3125	-3.74595629182295E-06
171	165.092712583181	0.355987548828125		7.2967529296875E-07	1.54693603515625E-06	8.17260742187501E-07	2.590649899048E-07	486574.6875	-3.70942689187359E-06
172	165.142712583055	0.36102294921875		7.2357177734375E-07	1.54296875E-06	8.1939697265625E-07	2.6071813863382E-07	497975.5625	-3.67309553439554E-06
173	165.192712582928	0.366058349609375		7.23876953125E-07	1.53839111328125E-06	8.1451416015625E-07	2.64561464291546E-07	504890.375	-3.6369094686961E-06
174	165.242712582802	0.37109375		7.2052001953125E-07	1.5350341796875E-06	8.1451416015625E-07	2.66720803665521E-07	513765.375	-3.60079957317794E-06
175	165.292712582676	0.376129150390625		7.18994140625E-07	1.52984619140625E-06	8.10852050781251E-07	2.69886101023076E-07	522071.34375	-3.56481154994981E-06
176	165.34271258255	0.38116455078125		7.159423828125E-07	1.52740478515625E-06	8.1146240234375E-07	2.72301917902951E-07	531244.6875	-3.5289381230541E-06
177	165.392712582424	0.386199951171875		7.15026855468751E-07	1.5252685546875E-06	8.1024169921875E-07	2.75685096084999E-07	539223.25	-3.49316405845457E-06
178	165.442712582297	0.3912353515625		7.122802734375E-07	1.5216064453125E-06	8.09326171875E-07	2.78125781960625E-07	548200.5	-3.45748139807256E-06
179	165.492712582171	0.396270751953125		7.110595703125E-07	1.51824951171875E-06	8.0718994140625E-07	2.81077717545486E-07	555922.75	-3.42189787261304E-06
180	165.542712582045	0.40130615234375		7.10144042968749E-07	1.51702880859375E-06	8.06884765625E-07	2.8461676038205E-07	564374.75	-3.38636777996726E-06
181	165.592712581919	0.406341552734375		7.086181640625E-07	1.51336669921875E-06	8.04748535156251E-07	2.87357096340202E-07	572265.3125	-3.35089862346649E-06
182	165.642712581792	0.411376953125		7.07397460937501E-07	1.51275634765625E-06	8.05358886718749E-07	2.90380938849921E-07	580284.75	-3.31549836118938E-06
183	165.692712581666	0.416412353515625		7.0770263671875E-07	1.510009765625E-06	8.0230712890625E-07	2.94220967589354E-07	587451.5	-3.28012083627982E-06
184	165.74271258154	0.42144775390625		7.0465087890625E-07	1.50909423828125E-06	8.04443359375E-07	2.96435928248684E-07	597011.6875	-3.24481197822024E-06
185	165.792712581414	0.426483154296875		7.04345703125001E-07	1.5057373046875E-06	8.013916015625E-07	2.99854178820169E-07	604419.4375	-3.2095870210469E-06
186	165.842712581287	0.4315185546875		7.0343017578125E-07	1.5069580078125E-06	8.03527832031251E-07	3.02856221878756E-07	612060.75	-3.17439253194607E-06
187	165.892712581161	0.436553955078125		7.02514648437499E-07	1.5045166015625E-06	8.02001953125001E-07	3.06235307334646E-07	620503.9375	-3.13924397232768E-06
188	165.942712581035	0.44158935546875		7.0068359375E-07	1.50482177734375E-06	8.0413818359375E-07	3.08901206835799E-07	629181.1875	-3.10416407955927E-06
189	165.992712580909	0.446624755859375		7.0159912109375E-07	1.50482177734375E-06	8.03222656249999E-07	3.12559308213167E-07	634971.75	-3.0691069241584E-06
190	166.042712580782	0.45166015625		7.0648193359375E-07	1.50634765625E-06	7.9986572265625E-07	3.18529174592186E-07	638185.75	-3.03390493172628E-06
191	166.092712580656	0.456695556640625		6.9793701171875E-07	1.50634765625E-06	8.0841064453125E-07	3.18127035825455E-07	653082.6875	-2.99879457088537E-06
192	166.14271258053	0.46173095703125		7.03125E-07	1.507568359375E-06	8.04443359375E-07	3.24010841268318E-07	655381.9375	-2.96376788355701E-06
193	166.192712580404	0.466766357421875		6.9580078125E-07	1.50909423828125E-06	8.1329345703125E-07	3.24139364238363E-07	669517.5625	-2.92879485641606E-06
194	166.242712580278	0.4718017578125		6.9244384765625E-07	1.510009765625E-06	8.1756591796875E-07	3.26062263411586E-07	680035.25	-2.89408876597008E-06
195	166.292712580151	0.476837158203125		6.9091796875E-07	1.51092529296875E-06	8.20007324218749E-07	3.2892822332542E-07	689045.9375	-2.85950454781414E-06
196	166.342712580025	0.48187255859375		6.878662109375E-07	1.514892578125E-06	8.270263671875E-07	3.30708132878499E-07	698935.25	-2.82503492599062E-06
197	166.392712579899	0.486907958984375		6.8695068359375E-07	1.51641845703125E-06	8.29467773437501E-07	3.33748005232337E-07	707241.25	-2.79066466646327E-06
198	166.442712579773	0.491943359375		6.84204101562499E-07	1.52130126953125E-06	8.37097167968751E-07	3.36088533003931E-07	717930.4375	-2.75638581115345E-06
199	166.492712579646	0.496978759765625		6.8359375E-07	1.52313232421875E-06	8.3953857421875E-07	3.38917971021147E-07	725267.875	-2.72219085672987E-06
200	166.54271257952	0.50201416015625		6.787109375E-07	1.5277099609375E-06	8.489990234375E-07	3.40059699510675E-07	738219.4375	-2.68813323600625E-06
201	166.592712579394	0.507049560546875		6.75354003906251E-07	1.5313720703125E-06	8.5601806640625E-07	3.41902079981082E-07	749615.9375	-2.65428161583259E-06
202	166.642712579268	0.5120849609375		6.7169189453125E-07	1.53656005859375E-06	8.648681640625E-07	3.43245858402952E-07	760790.625	-2.62060552813637E-06
203	166.692712579141	0.517120361328125		6.695556640625E-07	1.54144287109375E-06	8.71887207031249E-07	3.45525705824912E-07	770738.375	-2.5870742774714E-06
204	166.742712579015	0.52215576171875		6.66198730468751E-07	1.54937744140625E-06	8.83178710937499E-07	3.47208924722509E-07	782317.9375	-2.55368036050641E-06
205	166.792712578889	0.527191162109375		6.6375732421875E-07	1.553955078125E-06	8.9019775390625E-07	3.49400323784721E-07	793057.5	-2.52043150794634E-06
206	166.842712578763	0.5322265625		6.591796875E-07	1.56097412109375E-06	9.0179443359375E-07	3.50108734892274E-07	805740.8125	-2.48735796049004E-06
207	166.892712578636	0.537261962890625		6.5582275390625E-07	1.56982421875E-06	9.1400146484375E-07	3.51568075984687E-07	817403.4375	-2.45448291025241E-06
208	166.94271257851	0.54229736328125		6.512451171875E-07	1.578369140625E-06	9.27124023437499E-07	3.52651767343559E-07	831490.1875	-2.42180635723344E-06
209	166.992712578384	0.547332763671875		6.4727783203125E-07	1.58538818359375E-06	9.381103515625E-07	3.53683759612977E-07	844177.25	-2.3893433080957E-06
210	167.042712578258	0.5523681640625		6.4208984375E-07	1.5972900390625E-06	9.552001953125E-07	3.54003759639454E-07	858650.1875	-2.35710899687547E-06
211	167.092712578131	0.557403564453125		6.378173828125E-07	1.60675048828125E-06	9.6893310546875E-07	3.54840409499957E-07	872248.8125	-2.32511138165137E-06
212	167.142712578005	0.56243896484375		6.3323974609375E-07	1.6192626953125E-06	9.8602294921875E-07	3.55482313807443E-07	886506.0625	-2.29333500101347E-06
213	167.192712577879	0.567474365234375		6.2713623046875E-07	1.629638671875E-06	1.00250244140625E-06	3.55232998572319E-07	903211.6875	-2.26182555707055E-06
214	167.242712577753	0.572509765625		6.201171875E-07	1.64520263671875E-06	1.02508544921875E-06	3.54322935436358E-07	921407.5	-2.23064421334129E-06
215	167.292712577627	0.577545166015625		6.15234375E-07	1.65802001953125E-06	1.04278564453125E-06	3.54743576735927E-07	937202.4375	-2.19976050175319E-06
216	167.3427125775	0.58258056640625		6.06689453125001E-07	1.67388916015625E-06	1.06719970703125E-06	3.52890026533714E-07	958752.5625	-2.16921239371004E-06
217	167.392712577374	0.587615966796875		6.0150146484375E-07	1.6888427734375E-06	1.08734130859375E-06	3.52607457898557E-07	974581.5	-2.13900761991681E-06
218	167.442712577248	0.5926513671875		5.92041015625E-07	1.70806884765625E-06	1.11602783203125E-06	3.50295721318616E-07	999381.5	-2.10916891774104E-06
219	167.492712577122	0.597686767578125		5.84716796875E-07	1.72515869140625E-06	1.14044189453125E-06	3.48924288573471E-07	1020563.75	-2.07974994737015E-06
220	167.542712576995	0.60272216796875		5.7525634765625E-07	1.746826171875E-06	1.17156982421875E-06	3.45982414273749E-07	1045517.3125	-2.05075070880412E-06
221	167.592712576869	0.607757568359375		5.67016601562501E-07	1.766357421875E-06	1.1993408203125E-06	3.44002984320468E-07	1069967.75	-2.0221939394105E-06
222	167.642712576743	0.61279296875		5.56640625E-07	1.79046630859375E-06	1.23382568359375E-06	3.40493897965644E-07	1098903.5	-1.99410237655684E-06
223	167.692712576617	0.617828369140625		5.474853515625E-07	1.812744140625E-06	1.2652587890625E-06	3.37633792923953E-07	1126421.375	-1.96649921235803E-06
224	167.74271257649	0.62286376953125		5.36193847656249E-07	1.839599609375E-06	1.30340576171875E-06	3.33321196421821E-07	1159362.5	-1.93940741155529E-06
225	167.792712576364	0.627899169921875		5.2490234375E-07	1.86676025390625E-06	1.34185791015625E-06	3.28944963712274E-07	1193895.5	-1.91287995221501E-06
226	167.842712576238	0.6329345703125		5.126953125E-07	1.89544677734375E-06	1.38275146484375E-06	3.24048841093827E-07	1232797.625	-1.88694002645207E-06
227	167.892712576112	0.637969970703125		5.0048828125E-07	1.92413330078125E-06	1.42364501953125E-06	3.18807735766313E-07	1272743.875	-1.86161037163401E-06
228	167.942712575985	0.64300537109375		4.8828125E-07	1.9573974609375E-06	1.4691162109375E-06	3.13326694367788E-07	1314187.625	-1.83689110144769E-06
229	167.992712575859	0.648040771484375		4.73632812499999E-07	1.9915771484375E-06	1.5179443359375E-06	3.06355218526733E-07	1365657.25	-1.81284326572495E-06
230	168.042712575733	0.653076171875		4.6112060546875E-07	2.027587890625E-06	1.56646728515625E-06	3.00612128967259E-07	1413765.75	-1.78947448148392E-06
231	168.092712575607	0.658111572265625		4.47998046875001E-07	2.06329345703125E-06	1.61529541015625E-06	2.9429949677251E-07	1466348.75	-1.76674654994713E-06
232	168.14271257548	0.66314697265625		4.3182373046875E-07	2.1014404296875E-06	1.66961669921875E-06	2.85874989458534E-07	1533074.25	-1.74475098901894E-06
233	168.192712575354	0.668182373046875		4.19006347656251E-07	2.13958740234375E-06	1.7205810546875E-06	2.79550675941209E-07	1592279.75	-1.72348018168123E-06
234	168.242712575228	0.6732177734375		4.0313720703125E-07	2.178955078125E-06	1.77581787109375E-06	2.70919315425999E-07	1666994.75	-1.7029266246027E-06
235	168.292712575102	0.678253173828125		3.90625E-07	2.2198486328125E-06	1.8292236328125E-06	2.64418105189179E-07	1732890.625	-1.68308258707839E-06
236	168.342712574976	0.68328857421875		3.7567138671875E-07	2.259521484375E-06	1.88385009765625E-06	2.563365626429E-07	1816328.125	-1.66392510436708E-06
237	168.392712574849	0.688323974609375		3.63769531249999E-07	2.29766845703125E-06	1.93389892578125E-06	2.49913910010946E-07	1888590.625	-1.6454391698062E-06
238	168.442712574723	0.693359375		3.521728515625E-07	2.33734130859375E-06	1.98516845703125E-06	2.43709450842289E-07	1964991.375	-1.62754054144898E-06
239	168.492712574597	0.698394775390625		3.42712402343751E-07	2.3736572265625E-06	2.03094482421875E-06	2.38992953427442E-07	2034817.625	-1.61016839683725E-06
240	168.542712574471	0.70343017578125		3.33251953124999E-07	2.4072265625E-06	2.073974609375E-06	2.34033009860468E-07	2107326.25	-1.59326930315729E-06
241	168.592712574344	0.708465576171875		3.253173828125E-07	2.43927001953125E-06	2.11395263671875E-06	2.3008898608623E-07	2174108.75	-1.5768050616316E-06
242	168.642712574218	0.7135009765625		3.19824218750001E-07	2.4713134765625E-06	2.1514892578125E-06	2.27765440286021E-07	2226717.5	-1.56067653733771E-06
243	168.692712574092	0.718536376953125		3.1890869140625E-07	2.49969482421875E-06	2.1807861328125E-06	2.28836057658555E-07	2250047.75	-1.54470819779817E-06
244	168.742712573966	0.72357177734375		3.19519042968749E-07	2.5274658203125E-06	2.20794677734375E-06	2.3085368638931E-07	2261222.5	-1.5287475889636E-06
245	168.792712573839	0.728607177734375		3.23486328125E-07	2.55157470703125E-06	2.22808837890625E-06	2.35250212199389E-07	2248113.25	-1.5126723837966E-06
246	168.842712573713	0.733642578125		3.2684326171875E-07	2.57568359375E-06	2.24884033203125E-06	2.39397138557251E-07	2240989.75	-1.49641414282087E-06
247	168.892712573587	0.738677978515625		3.3538818359375E-07	2.596435546875E-06	2.26104736328125E-06	2.4739586024225E-07	2199363.25	-1.47985838339082E-06
248	168.942712573461	0.74371337890625		3.42407226562499E-07	2.61993408203125E-06	2.27752685546875E-06	2.54245293263011E-07	2168538.25	-1.46291347391525E-06
249	168.992712573334	0.748748779296875		3.5247802734375E-07	2.6416015625E-06	2.28912353515625E-06	2.6347646553404E-07	2120692.75	-1.44554132930352E-06
250	169.042712573208	0.7537841796875		3.631591796875E-07	2.667236328125E-06	2.3040771484375E-06	2.73189499466753E-07	2071428.625	-1.42765043165127E-06
251	169.092712573082	0.758819580078125		3.69873046874999E-07	2.69378662109375E-06	2.32391357421875E-06	2.79933203728433E-07	2046204.625	-1.40932468184474E-06
252	169.142712572956	0.76385498046875		3.7506103515625E-07	2.7276611328125E-06	2.35260009765625E-06	2.8603440682673E-07	2033360.5	-1.39070129989705E-06
253	169.192712572829	0.768890380859375		3.802490234375E-07	2.7618408203125E-06	2.381591796875E-06	2.91963658582972E-07	2019261.625	-1.37181848458567E-06
254	169.242712572703	0.77392578125		3.8177490234375E-07	2.80792236328125E-06	2.4261474609375E-06	2.94999409788943E-07	2023980.875	-1.35276798118866E-06
255	169.292712572577	0.778961181640625		3.7994384765625E-07	2.85919189453125E-06	2.479248046875E-06	2.95323758336963E-07	2045783.25	-1.33372498112294E-06
256	169.342712572451	0.78399658203125		3.72924804687499E-07	2.91748046875E-06	2.5445556640625E-06	2.91916535388737E-07	2099018	-1.31490321564343E-06
257	169.392712572325	0.789031982421875		3.63769531249999E-07	2.98095703125E-06	2.6171875E-06	2.86526216086713E-07	2165268.5	-1.29648583424569E-06
258	169.442712572198	0.7940673828125		3.47290039062501E-07	3.05206298828125E-06	2.70477294921875E-06	2.75135789706837E-07	2281195	-1.27870941923902E-06
259	169.492712572072	0.799102783203125		3.28369140625E-07	3.12469482421875E-06	2.79632568359375E-06	2.61949736568567E-07	2429368	-1.26181794257718E-06
260	169.542712571946	0.80413818359375		3.08837890624999E-07	3.201904296875E-06	2.89306640625E-06	2.47971343014797E-07	2599802.5	-1.24588768812828E-06
261	169.59271257182	0.809173583984375		2.89306640625001E-07	3.2763671875E-06	2.987060546875E-06	2.33613690170387E-07	2791139.5	-1.23093411730224E-06
262	169.642712571693	0.814208984375		2.6885986328125E-07	3.34991455078125E-06	3.0810546875E-06	2.18579913280337E-07	3023836.75	-1.21697996746661E-06
263	169.692712571567	0.819244384765625		2.54211425781251E-07	3.41522216796875E-06	3.1610107421875E-06	2.07989742762038E-07	3218487.5	-1.20390313895768E-06
264	169.742712571441	0.82427978515625		2.41699218749999E-07	3.47442626953125E-06	3.23272705078125E-06	1.98858970179572E-07	3404040.5	-1.19150536193047E-06
265	169.792712571315	0.829315185546875		2.4261474609375E-07	3.51898193359375E-06	3.2763671875E-06	2.0079686180452E-07	3411321	-1.17939760002628E-06
266	169.842712571188	0.8343505859375		2.471923828125E-07	3.55224609375E-06	3.3050537109375E-06	2.05792488827683E-07	3367901.25	-1.16715239073528E-06
267	169.892712571062	0.839385986328125		2.66418457031251E-07	3.5675048828125E-06	3.30108642578125E-06	2.23343349148308E-07	3146621	-1.15431214453565E-06
268	169.942712570936	0.84442138671875		2.947998046875E-07	3.57208251953125E-06	3.27728271484375E-06	2.48485434894974E-07	2859213.25	-1.14028171083191E-06
269	169.99271257081	0.849456787109375		3.3599853515625E-07	3.5565185546875E-06	3.22052001953125E-06	2.84954808194016E-07	2524069.25	-1.1245117548242E-06
270	170.042712570683	0.8544921875		3.8177490234375E-07	3.52874755859375E-06	3.14697265625E-06	3.25757639529911E-07	2235012	-1.10656742435822E-06
271	170.092712570557	0.859527587890625		4.43420410156251E-07	3.48602294921875E-06	3.0426025390625E-06	3.80523118792553E-07	1935306.375	-1.08593746972474E-06
272	170.142712570431	0.86456298828125		5.08728027343749E-07	3.43597412109375E-06	2.92724609375E-06	4.38895909837811E-07	1695860.875	-1.06213383332943E-06
273	170.192712570305	0.869598388671875		5.8258056640625E-07	3.37371826171875E-06	2.7911376953125E-06	5.05811044604343E-07	1490309.125	-1.03485103863932E-06
274	170.242712570178	0.8746337890625		6.57043457031251E-07	3.30780029296875E-06	2.6507568359375E-06	5.73870295283996E-07	1329308	-1.00386046142376E-06
275	170.292712570052	0.879669189453125		7.33032226562499E-07	3.238525390625E-06	2.5054931640625E-06	6.43595456040202E-07	1197751.875	-9.69108555182174E-07
276	170.342712569926	0.88470458984375		8.0535888671875E-07	3.16680908203125E-06	2.3614501953125E-06	7.11275788489729E-07	1096627.5	-9.30648809571721E-07
277	170.3927125698	0.889739990234375		8.76464843749999E-07	3.095703125E-06	2.21923828125E-06	7.7835466072429E-07	1013231.25	-8.88603210569272E-07
278	170.442712569674	0.894775390625		9.42382812500001E-07	3.02703857421875E-06	2.08465576171875E-06	8.41782934912771E-07	947862.75	-8.43131999772595E-07
279	170.492712569547	0.899810791015625		1.00311279296875E-06	2.958984375E-06	1.95587158203125E-06	9.01234102457238E-07	895649.5625	-7.94494610545371E-07
280	170.542712569421	0.90484619140625		1.05743408203125E-06	2.8973388671875E-06	1.83990478515625E-06	9.55201585384202E-07	854256.875	-7.4298094432379E-07
281	170.592712569295	0.909881591796875		1.107177734375E-06	2.8387451171875E-06	1.7315673828125E-06	1.00588010809588E-06	820562.3125	-6.88865668507788E-07
282	170.642712569169	0.9149169921875		1.14837646484375E-06	2.78472900390625E-06	1.6363525390625E-06	1.04856633242889E-06	795110.3125	-6.3247682646761E-07
283	170.692712569042	0.919952392578125		1.18560791015625E-06	2.73406982421875E-06	1.5484619140625E-06	1.08907454432483E-06	774774.8125	-5.74127227537247E-07
284	170.742712568916	0.92498779296875		1.21307373046875E-06	2.6898193359375E-06	1.47674560546875E-06	1.12059751700144E-06	761509.4375	-5.141601491232E-07
285	170.79271256879	0.930023193359375		1.23931884765625E-06	2.647705078125E-06	1.40838623046875E-06	1.15013688173349E-06	748830.3125	-4.52850343890532E-07
286	170.842712568664	0.93505859375		1.25885009765625E-06	2.611083984375E-06	1.35223388671875E-06	1.17479351047223E-06	741333.375	-3.90396138527649E-07
287	170.892712568537	0.940093994140625		1.27593994140625E-06	2.5750732421875E-06	1.29913330078125E-06	1.19775120310806E-06	735709.1875	-3.27026384638884E-07
288	170.942712568411	0.94512939453125		1.28814697265625E-06	2.5445556640625E-06	1.25640869140625E-06	1.21510686312831E-06	732290.9375	-2.62924203298098E-07
289	170.992712568285	0.950164794921875		1.29791259765625E-06	2.51708984375E-06	1.21917724609375E-06	1.23144843655609E-06	731013.375	-1.98272729790006E-07
290	171.042712568159	0.9552001953125		1.30401611328125E-06	2.491455078125E-06	1.18743896484375E-06	1.24360667541623E-06	731336.3125	-1.33224503429119E-07
291	171.092712568032	0.960235595703125		1.31011962890625E-06	2.4676513671875E-06	1.15753173828125E-06	1.25662415939587E-06	732122.0625	-6.78711131740783E-08
292	171.142712567906	0.96527099609375		1.31378173828125E-06	2.4468994140625E-06	1.13311767578125E-06	1.26534882838314E-06	733101.0625	-2.27358176729808E-09
293	171.19271256778	0.970306396484375		1.31622314453125E-06	2.42767333984375E-06	1.1114501953125E-06	1.2757337799485E-06	736378.375	6.34765413565219E-08
294	171.242712567654	0.975341796875		1.3165283203125E-06	2.4102783203125E-06	1.09375E-06	1.28285967093689E-06	740148.375	1.29295315787203E-07
295	171.292712567527	0.980377197265625		1.317138671875E-06	2.39227294921875E-06	1.07513427734375E-06	1.28867998228088E-06	742817.4375	1.95136991010259E-07
296	171.342712567401	0.98541259765625		1.31683349609375E-06	2.379150390625E-06	1.06231689453125E-06	1.29521311009739E-06	746929.3125	2.60986297462296E-07
297	171.392712567275	0.990447998046875		1.31561279296875E-06	2.36297607421875E-06	1.04736328125E-06	1.3012393083045E-06	751797.75	3.26797447769422E-07
298	171.442712567149	0.9954833984375		1.31317138671875E-06	2.349853515625E-06	1.03668212890625E-06	1.30523653751879E-06	756913.8125	3.92517051750474E-07
299	171.492712567023	1.00051879882813		1.3134765625E-06	2.33551025390625E-06	1.02203369140625E-06	1.31235424305487E-06	760687.75	4.58183251339506E-07
300	171.542712566896	1.00555419921875		1.3116455078125E-06	2.32330322265625E-06	1.01165771484375E-06	1.31652893742285E-06	765239.625	5.23811308994482E-07
301	171.59271256677	1.01058959960938		1.309814453125E-06	2.31048583984375E-06	1.00067138671875E-06	1.32228569782455E-06	770736.3125	5.89347791901673E-07
302	171.642712566644	1.015625		1.3079833984375E-06	2.30010986328125E-06	9.92126464843749E-07	1.32642469452549E-06	775315	6.54792756904499E-07
303	171.692712566518	1.02066040039063		1.30859375E-06	2.28851318359375E-06	9.7991943359375E-07	1.33343337438419E-06	778684.75	7.20207196991396E-07
304	171.742712566391	1.02569580078125		1.304931640625E-06	2.27874755859375E-06	9.7381591796875E-07	1.33647176880913E-06	784845.6875	7.85545296366763E-07
305	171.792712566265	1.03073120117188		1.30462646484375E-06	2.26654052734375E-06	9.619140625E-07	1.34292747588916E-06	789005.875	8.50784260819637E-07
306	171.842712566139	1.0357666015625		1.3006591796875E-06	2.25738525390625E-06	9.5672607421875E-07	1.345194618807E-06	795166.625	9.15916416488471E-07
307	171.892712566013	1.04080200195313		1.30157470703125E-06	2.24578857421875E-06	9.442138671875E-07	1.3524968380807E-06	798358.75	9.80972231445776E-07
308	171.942712565886	1.04583740234375		1.2994384765625E-06	2.23846435546875E-06	9.39025878906249E-07	1.35741504436737E-06	803898.625	1.04599757833057E-06
309	171.99271256576	1.05087280273438		1.297607421875E-06	2.22808837890625E-06	9.3048095703125E-07	1.36144228690682E-06	808560.75	1.11092367660603E-06
310	172.042712565634	1.055908203125		1.29547119140625E-06	2.21954345703125E-06	9.24072265625E-07	1.36631729219516E-06	814134.3125	1.17575063995901E-06
311	172.092712565508	1.06094360351563		1.295166015625E-06	2.2088623046875E-06	9.136962890625E-07	1.37231938879268E-06	818096.1875	1.24051655348012E-06
312	172.142712565381	1.06597900390625		1.29486083984375E-06	2.20123291015625E-06	9.063720703125E-07	1.37792346777132E-06	821824.1875	1.30526723296498E-06
313	172.192712565255	1.07101440429688		1.292724609375E-06	2.19268798828125E-06	8.9996337890625E-07	1.38275140670885E-06	827431.5625	1.36995686261798E-06
314	172.242712565129	1.0760498046875		1.29180908203125E-06	2.18414306640625E-06	8.92333984374999E-07	1.38807979510602E-06	831797.75	1.43457020840287E-06
315	172.292712565003	1.08108520507813		1.2908935546875E-06	2.176513671875E-06	8.85620117187499E-07	1.39418716571527E-06	836643	1.499137852079E-06
316	172.342712564876	1.08612060546875		1.28875732421875E-06	2.1673583984375E-06	8.78601074218749E-07	1.39777932872676E-06	841581.8125	1.56362909820018E-06
317	172.39271256475	1.09115600585938		1.2884521484375E-06	2.15911865234375E-06	8.70666503906251E-07	1.40295321671147E-06	845097.125	1.6280592944895E-06
318	172.442712564624	1.09619140625		1.28814697265625E-06	2.15301513671875E-06	8.648681640625E-07	1.40969689255144E-06	849561.75	1.69247425674257E-06
319	172.492712564498	1.10122680664063		1.28753662109375E-06	2.1435546875E-06	8.5601806640625E-07	1.41570876621699E-06	853993.8125	1.75686636794126E-06
320	172.542712564372	1.10626220703125		1.28448486328125E-06	2.13623046875E-06	8.5174560546875E-07	1.41980103762762E-06	860537	1.82116696123558E-06
321	172.592712564245	1.11129760742188		1.2847900390625E-06	2.12890625E-06	8.44116210937499E-07	1.42601959396416E-06	863895.5625	1.88539877399307E-06
322	172.642712564119	1.1163330078125		1.282958984375E-06	2.122802734375E-06	8.3984375E-07	1.43025170018518E-06	868934.375	1.94959261534677E-06
323	172.692712563993	1.12136840820313		1.282958984375E-06	2.1148681640625E-06	8.319091796875E-07	1.43651618600416E-06	872740.3125	2.0137404135312E-06
324	172.742712563867	1.12640380859375		1.2823486328125E-06	2.10693359375E-06	8.24584960937501E-07	1.44326838835696E-06	877677.3125	2.07787320505304E-06
325	172.79271256374	1.13143920898438		1.280517578125E-06	2.09930419921875E-06	8.18786621093751E-07	1.44667842505442E-06	882268.875	2.14194483305619E-06
326	172.842712563614	1.136474609375		1.2799072265625E-06	2.09259033203125E-06	8.12683105468749E-07	1.45262913520128E-06	886742.9375	2.20595552491432E-06
327	172.892712563488	1.14151000976563		1.28021240234375E-06	2.0849609375E-06	8.0474853515625E-07	1.45922638239426E-06	890345.6875	2.26995848606748E-06
328	172.942712563362	1.14654541015625		1.2774658203125E-06	2.078857421875E-06	8.013916015625E-07	1.46311310800229E-06	896560	2.33390028370195E-06
329	172.992712563235	1.15158081054688		1.2774658203125E-06	2.071533203125E-06	7.94067382812501E-07	1.46935076372756E-06	900382.25	2.39777364186011E-06
330	173.042712563109	1.1566162109375		1.27593994140625E-06	2.06878662109375E-06	7.92846679687501E-07	1.4738258187208E-06	905285.875	2.4616088012408E-06
331	173.092712562983	1.16165161132813		1.27685546875E-06	2.06146240234375E-06	7.8460693359375E-07	1.48228696161823E-06	909177.875	2.52542872658523E-06
332	173.142712562857	1.16668701171875		1.2750244140625E-06	2.05810546875E-06	7.830810546875E-07	1.48560889101645E-06	913834.375	2.58922568718845E-06
333	173.19271256273	1.17172241210938		1.27655029296875E-06	2.05169677734375E-06	7.75146484375E-07	1.49439904362225E-06	917045.1875	2.65301514446037E-06
334	173.242712562604	1.1767578125		1.27410888671875E-06	2.04986572265625E-06	7.75756835937499E-07	1.49698462337255E-06	922155.6875	2.7167814096174E-06
335	173.292712562478	1.18179321289063		1.27532958984375E-06	2.04742431640625E-06	7.720947265625E-07	1.50464597936661E-06	925101.75	2.78051743407559E-06
336	173.342712562352	1.18682861328125		1.27471923828125E-06	2.04437255859375E-06	7.69653320312501E-07	1.51092820033227E-06	929853.9375	2.84426869257004E-06
337	173.392712562225	1.19186401367188		1.2750244140625E-06	2.04193115234375E-06	7.66906738281249E-07	1.51751555677038E-06	933461	2.90801222035952E-06
338	173.442712562099	1.1968994140625		1.2744140625E-06	2.04254150390625E-06	7.68127441406251E-07	1.52301186062687E-06	937739.5	2.97174824481772E-06
339	173.492712561973	1.20193481445313		1.27593994140625E-06	2.0404052734375E-06	7.6446533203125E-07	1.5318443047363E-06	940923.25	3.03550700664346E-06
340	173.542712561847	1.20697021484375		1.2750244140625E-06	2.0404052734375E-06	7.65380859374999E-07	1.53697089899651E-06	945428.4375	3.09928122987913E-06
341	173.592712561721	1.21200561523438		1.2823486328125E-06	2.0404052734375E-06	7.58056640625E-07	1.55206134877517E-06	943836.25	3.16321552418231E-06
342	173.642712561594	1.217041015625		1.28173828125E-06	2.04071044921875E-06	7.58972167968749E-07	1.55875454765919E-06	948809.5625	3.22731762025796E-06
343	173.692712561468	1.22207641601563		1.27685546875E-06	2.039794921875E-06	7.62939453125E-07	1.55827171965939E-06	955784	3.29128261000733E-06
344	173.742712561342	1.22711181640625		1.2774658203125E-06	2.0404052734375E-06	7.62939453125E-07	1.56564408371196E-06	959388.4375	3.35514050675556E-06
345	173.792712561216	1.23214721679688		1.27899169921875E-06	2.039794921875E-06	7.6080322265625E-07	1.57414967816294E-06	962300.1875	3.4190520636912E-06
346	173.842712561089	1.2371826171875		1.2799072265625E-06	2.0416259765625E-06	7.6171875E-07	1.58230716351682E-06	965903.6875	3.48302455677185E-06
347	173.892712560963	1.24221801757813		1.28387451171875E-06	2.04010009765625E-06	7.56225585937501E-07	1.59348064698861E-06	966722.1875	3.54711892214254E-06
348	173.942712560837	1.24725341796875		1.2841796875E-06	2.04193115234375E-06	7.57751464843749E-07	1.60012984906643E-06	970294.6875	3.61132038051437E-06
349	173.992712560711	1.25228881835938		1.2872314453125E-06	2.0404052734375E-06	7.53173828124999E-07	1.61021773692482E-06	971787.625	3.67560573977244E-06
350	174.042712560584	1.25732421875		1.2896728515625E-06	2.04132080078125E-06	7.51647949218751E-07	1.61956893407478E-06	973734.0625	3.74002820535679E-06
351	174.092712560458	1.26235961914063		1.29425048828125E-06	2.04071044921875E-06	7.464599609375E-07	1.63203208103369E-06	974298.5625	3.80462643079227E-06
352	174.142712560332	1.26739501953125		1.29547119140625E-06	2.04193115234375E-06	7.464599609375E-07	1.63989693646727E-06	977149.625	3.86936926588533E-06
353	174.192712560206	1.27243041992188		1.2994384765625E-06	2.04071044921875E-06	7.41271972656249E-07	1.65166045462684E-06	978158.8125	3.93424215872074E-06
354	174.242712560079	1.2774658203125		1.30340576171875E-06	2.0428466796875E-06	7.39440917968751E-07	1.66306745086331E-06	978927.6875	3.99931332140113E-06
355	174.292712559953	1.28250122070313		1.30767822265625E-06	2.042236328125E-06	7.34558105468749E-07	1.6753029967731E-06	979696.625	4.06459048463148E-06
356	174.342712559827	1.28753662109375		1.31011962890625E-06	2.04559326171875E-06	7.354736328125E-07	1.68482790741109E-06	981597.9375	4.13003544963431E-06
357	174.392712559701	1.29257202148438		1.3153076171875E-06	2.0458984375E-06	7.30590820312501E-07	1.69832355823019E-06	981670.5625	4.19567095377715E-06
358	174.442712559574	1.297607421875		1.319580078125E-06	2.0477294921875E-06	7.281494140625E-07	1.70988062109245E-06	981961.1875	4.26154292654246E-06
359	174.492712559448	1.30264282226563		1.324462890625E-06	2.04986572265625E-06	7.25402832031249E-07	1.72348313753901E-06	982488.5625	4.32764409197262E-06
360	174.542712559322	1.30767822265625		1.32781982421875E-06	2.0526123046875E-06	7.2479248046875E-07	1.73433488726005E-06	983682	4.39395125795272E-06
361	174.592712559196	1.31271362304688		1.33270263671875E-06	2.0562744140625E-06	7.23571777343751E-07	1.74681326825521E-06	983512.75	4.46046442448278E-06
362	174.64271255907	1.3177490234375		1.33544921875E-06	2.0623779296875E-06	7.26928710937501E-07	1.75815659986256E-06	985831.875	4.52716813015286E-06
363	174.692712558943	1.32278442382813		1.34002685546875E-06	2.06512451171875E-06	7.2509765625E-07	1.77072638507525E-06	986107.9375	4.59405509900535E-06
364	174.742712558817	1.32781982421875		1.343994140625E-06	2.0721435546875E-06	7.281494140625E-07	1.78253117155691E-06	986830.1875	4.6611553443654E-06
365	174.792712558691	1.33285522460938		1.35009765625E-06	2.07763671875E-06	7.275390625E-07	1.797218487809E-06	985985.5625	4.72850797450519E-06
366	174.842712558565	1.337890625		1.3519287109375E-06	2.08404541015625E-06	7.32116699218751E-07	1.80749486844434E-06	988939.125	4.79605841974262E-06
367	174.892712558438	1.34292602539063		1.35772705078125E-06	2.09075927734375E-06	7.33032226562499E-07	1.82063365627982E-06	987637.6875	4.86379985886742E-06
368	174.942712558312	1.34796142578125		1.361083984375E-06	2.1002197265625E-06	7.39135742187499E-07	1.83302722689405E-06	989461.9375	4.93177003590972E-06
369	174.992712558186	1.35299682617188		1.36566162109375E-06	2.10601806640625E-06	7.40356445312499E-07	1.84669386271707E-06	990167.625	4.99993893754436E-06
370	175.04271255806	1.3580322265625		1.36962890625E-06	2.115478515625E-06	7.45849609374999E-07	1.85791031981353E-06	990418.9375	5.06832111568656E-06
371	175.092712557933	1.36306762695313		1.37603759765625E-06	2.12371826171875E-06	7.476806640625E-07	1.87374246252148E-06	989576.4375	5.13696249981876E-06
372	175.142712557807	1.36810302734375		1.376953125E-06	2.13287353515625E-06	7.55920410156251E-07	1.88129229172773E-06	992243	5.20578760188073E-06
373	175.192712557681	1.37313842773438		1.3818359375E-06	2.14111328125E-06	7.59277343749999E-07	1.89471086287085E-06	992270.375	5.27475731360028E-06
374	175.242712557555	1.378173828125		1.38671875E-06	2.15179443359375E-06	7.65075683593749E-07	1.90902346730581E-06	992737.6875	5.34397122464725E-06
375	175.292712557428	1.38320922851563		1.3909912109375E-06	2.1612548828125E-06	7.70263671874999E-07	1.92127254194929E-06	992979.375	5.41341387361172E-06
376	175.342712557302	1.38824462890625		1.39404296875E-06	2.171630859375E-06	7.77587890624999E-07	1.93357095668034E-06	994965	5.48303978575859E-06
377	175.392712557176	1.39328002929688		1.39923095703125E-06	2.17987060546875E-06	7.80639648437501E-07	1.94759900296049E-06	994765.5625	5.55287169845542E-06
378	175.44271255705	1.3983154296875		1.40228271484375E-06	2.19482421875E-06	7.92541503906249E-07	1.95869370145374E-06	996082.6875	5.62290915695485E-06
379	175.492712556923	1.40335083007813		1.40594482421875E-06	2.20428466796875E-06	7.98339843750001E-07	1.97110307453841E-06	997178.25	5.6931148719741E-06
380	175.542712556797	1.40838623046875		1.41082763671875E-06	2.21923828125E-06	8.08410644531249E-07	1.98440693566226E-06	996971.6875	5.76353431824828E-06
381	175.592712556671	1.41342163085938		1.41571044921875E-06	2.23297119140625E-06	8.17260742187499E-07	1.99905139197654E-06	997413.3125	5.83419796384987E-06
382	175.642712556545	1.41845703125		1.419677734375E-06	2.249755859375E-06	8.30078125E-07	2.01201874006074E-06	998280.3125	5.905082616664E-06
383	175.692712556419	1.42349243164063		1.4263916015625E-06	2.265625E-06	8.392333984375E-07	2.02806336346839E-06	996790.75	5.9762342061731E-06
384	175.742712556292	1.42852783203125		1.4306640625E-06	2.28546142578125E-06	8.5479736328125E-07	2.04156049221638E-06	997440.3125	6.04766046308214E-06
385	175.792712556166	1.43356323242188		1.43707275390625E-06	2.30438232421875E-06	8.67309570312499E-07	2.05816104426049E-06	996602.3125	6.11935411143349E-06
386	175.84271255604	1.4385986328125		1.44378662109375E-06	2.32666015625E-06	8.82873535156251E-07	2.07438574761909E-06	995138.5	6.19137563262484E-06
387	175.892712555914	1.44363403320313		1.45172119140625E-06	2.349853515625E-06	8.9813232421875E-07	2.09331733458384E-06	993273.125	6.26376322543365E-06
388	175.942712555787	1.44866943359375		1.45843505859375E-06	2.37579345703125E-06	9.173583984375E-07	2.11056476473459E-06	992257.8125	6.33651734460727E-06
389	175.992712555661	1.45370483398438		1.46728515625E-06	2.401123046875E-06	9.33837890625E-07	2.13098428503145E-06	989808.6875	6.4096602727659E-06
390	176.042712555535	1.458740234375		1.47613525390625E-06	2.43316650390625E-06	9.57031250000001E-07	2.15059503716475E-06	986975.375	6.48324567009695E-06
391	176.092712555409	1.46377563476563		1.48681640625E-06	2.4609375E-06	9.74121093750001E-07	2.17477736441651E-06	983784.9375	6.55731946608284E-06
392	176.142712555282	1.46881103515625		1.495361328125E-06	2.49359130859375E-06	9.9822998046875E-07	2.19457774619514E-06	981428.625	6.63187393001863E-06
393	176.192712555156	1.47384643554688		1.50634765625E-06	2.525634765625E-06	1.019287109375E-06	2.21851610149315E-06	977714.75	6.70691679260926E-06
394	176.24271255503	1.4788818359375		1.519775390625E-06	2.56134033203125E-06	1.04156494140625E-06	2.24432142204023E-06	971686.8125	6.78256947139744E-06
395	176.292712554904	1.48391723632813		1.5313720703125E-06	2.59368896484375E-06	1.06231689453125E-06	2.27032637667435E-06	968114.8125	6.85884833728778E-06
396	176.342712554777	1.48895263671875		1.541748046875E-06	2.6287841796875E-06	1.0870361328125E-06	2.29323723033303E-06	964766.4375	6.935676537978E-06
397	176.392712554651	1.49398803710938		1.55670166015625E-06	2.66265869140625E-06	1.10595703125E-06	2.32260572374798E-06	958439.5625	7.01313774698065E-06
398	176.442712554525	1.4990234375		1.5679931640625E-06	2.6971435546875E-06	1.129150390625E-06	2.34854428526887E-06	955235.5625	7.09125515641063E-06
