Potential - Start 1.505 V, Stop -0.205 V, Step -0.005 V; Modulation - Amplitude -0.05 V, Time 0.025 s, Interval time 0.05 s
Index	Base.Time (s)	Potential applied (V)	WE(1).Base.Potential (V)	WE(1).Base.Current (A)	WE(1).Pulse.Current (A)	WE(1).δ.Current (A)	WE(1).Base.Power (W)	WE(1).Base.Resistance (Ω)	WE(1).Base.Charge (C)
1	146.364296630466	1.50497436523438	1.505126953125	3.870849609375E-06	3.28887939453125E-06	-5.8197021484375E-07	5.82611983190873E-06	388836.34375	0
2	146.414296630339	1.49993896484375	1.4996337890625	3.93218994140625E-06	3.2977294921875E-06	-6.34460449218748E-07	5.8968448684027E-06	381373.6875	1.95075983810966E-07
3	146.464296630213	1.49490356445313	1.494140625	3.90655517578125E-06	3.284912109375E-06	-6.21643066406252E-07	5.83694236411247E-06	382470.15625	3.91044608250013E-07
4	146.514296630087	1.4898681640625	1.48956298828125	3.87542724609375E-06	3.26873779296875E-06	-6.06689453124998E-07	5.77269247514778E-06	384361	5.855941367372E-07
5	146.564296629961	1.48483276367188	1.48468017578125	3.84429931640625E-06	3.2513427734375E-06	-5.92956542968751E-07	5.7075544646068E-06	386203.09375	7.78587320837687E-07
6	146.614296629834	1.47979736328125	1.4801025390625	3.8140869140625E-06	3.23455810546875E-06	-5.79528808593751E-07	5.64523952562013E-06	388062.09375	9.70046926340729E-07
7	146.664296629708	1.47476196289063	1.47491455078125	3.78631591796875E-06	3.21868896484375E-06	-5.67626953125E-07	5.58449210075196E-06	389538.1875	1.1600569678194E-06
8	146.714296629582	1.4697265625	1.47003173828125	3.75885009765625E-06	3.20220947265625E-06	-5.56640624999999E-07	5.52562869415851E-06	391085.5	1.34868616896711E-06
9	146.764296629456	1.46469116210938	1.46453857421875	3.73321533203125E-06	3.18695068359375E-06	-5.462646484375E-07	5.46743785889703E-06	392299.53125	1.5359877352239E-06
10	146.81429662933	1.45965576171875	1.4599609375	3.71002197265625E-06	3.17230224609375E-06	-5.37719726562499E-07	5.41648705620901E-06	393518.15625	1.72206875959091E-06
11	146.864296629203	1.45462036132813	1.45477294921875	3.68743896484375E-06	3.157958984375E-06	-5.2947998046875E-07	5.36438665221795E-06	394521.21875	1.90700518487574E-06
12	146.914296629077	1.4495849609375	1.44989013671875	3.6669921875E-06	3.14453125E-06	-5.22460937500002E-07	5.31673595105531E-06	395389.5	2.09086601898889E-06
13	146.964296628951	1.44454956054688	1.44500732421875	3.6474609375E-06	3.131103515625E-06	-5.16357421874999E-07	5.27060728927609E-06	396168.03125	2.27372743211163E-06
14	147.014296628825	1.43951416015625	1.439208984375	3.6285400390625E-06	3.11798095703125E-06	-5.10559082031251E-07	5.22222717336263E-06	396635.84375	2.45562728196091E-06
15	147.064296628698	1.43447875976563	1.43463134765625	3.61083984375E-06	3.10546875E-06	-5.05371093749998E-07	5.18022397955065E-06	397312.375	2.63661172539287E-06
16	147.114296628572	1.429443359375	1.429443359375	3.5943603515625E-06	3.09326171875E-06	-5.01098632812499E-07	5.13793474965496E-06	397690.625	2.81674192592618E-06
17	147.164296628446	1.42440795898438	1.424560546875	3.57818603515625E-06	3.0810546875E-06	-4.97131347656249E-07	5.09734263687278E-06	398123.6875	2.9960554002173E-06
18	147.21429662832	1.41937255859375	1.41937255859375	3.563232421875E-06	3.0694580078125E-06	-4.93774414062501E-07	5.05755451740697E-06	398338.46875	3.17459102916473E-06
19	147.264296628193	1.41433715820313	1.4141845703125	3.54888916015625E-06	3.0584716796875E-06	-4.90417480468749E-07	5.01878412251244E-06	398486.5625	3.35239406012988E-06
20	147.314296628067	1.4093017578125	1.40899658203125	3.53546142578125E-06	3.0474853515625E-06	-4.87976074218749E-07	4.98145300298347E-06	398532.59375	3.52950269189023E-06
21	147.364296627941	1.40426635742188	1.4044189453125	3.52203369140625E-06	3.0364990234375E-06	-4.85534667968751E-07	4.94641062687151E-06	398752.28125	3.70594011656067E-06
22	147.414296627815	1.39923095703125	1.39923095703125	3.50921630859375E-06	3.0255126953125E-06	-4.8370361328125E-07	4.91020409754128E-06	398730.34375	3.88172156817745E-06
23	147.464296627688	1.39419555664063	1.3946533203125	3.497314453125E-06	3.01483154296875E-06	-4.82482910156251E-07	4.87754095956916E-06	398778.375	4.05688479077071E-06
24	147.514296627562	1.38916015625	1.38916015625	3.4857177734375E-06	3.0047607421875E-06	-4.80957031249998E-07	4.84222027807846E-06	398529.15625	4.23146047978662E-06
25	147.564296627436	1.38412475585938	1.38427734375	3.47442626953125E-06	2.99530029296875E-06	-4.791259765625E-07	4.80956941828481E-06	398418.96875	4.40546409663511E-06
26	147.61429662731	1.37908935546875	1.37908935546875	3.46435546875E-06	2.9852294921875E-06	-4.791259765625E-07	4.77765570394695E-06	398079.65625	4.57893338534632E-06
27	147.664296627183	1.37405395507813	1.37481689453125	3.45367431640625E-06	2.9754638671875E-06	-4.7821044921875E-07	4.74816988571547E-06	398073.6875	4.75188426207751E-06
28	147.714296627057	1.3690185546875	1.3690185546875	3.44329833984375E-06	2.9656982421875E-06	-4.7760009765625E-07	4.71393923362484E-06	397589.3125	4.92430854137638E-06
29	147.764296626931	1.36398315429688	1.363525390625	3.433837890625E-06	2.95684814453125E-06	-4.76989746093751E-07	4.68212510895682E-06	397084.96875	5.09623714606278E-06
30	147.814296626805	1.35894775390625	1.35833740234375	3.4246826171875E-06	2.94677734375E-06	-4.77905273437499E-07	4.65187440568116E-06	396631.625	5.26770008946187E-06
31	147.864296626679	1.35391235351563	1.35406494140625	3.41522216796875E-06	2.938232421875E-06	-4.76989746093751E-07	4.62443267679191E-06	396479.3125	5.438697826321E-06
32	147.914296626552	1.348876953125	1.348876953125	3.4063720703125E-06	2.92938232421875E-06	-4.76989746093751E-07	4.59477632830385E-06	395986.40625	5.6092376325978E-06
33	147.964296626426	1.34384155273438	1.34368896484375	3.3978271484375E-06	2.92022705078125E-06	-4.7760009765625E-07	4.56562247563852E-06	395455.375	5.77934224565979E-06
34	148.0142966263	1.33880615234375	1.33880615234375	3.38958740234375E-06	2.91168212890625E-06	-4.77905273437499E-07	4.53800066679833E-06	394976.15625	5.94902803641162E-06
35	148.064296626174	1.33377075195313	1.334228515625	3.3807373046875E-06	2.90252685546875E-06	-4.78210449218749E-07	4.51067626272561E-06	394656.0625	6.11828590990626E-06
36	148.114296626047	1.3287353515625	1.32904052734375	3.37249755859375E-06	2.894287109375E-06	-4.78210449218752E-07	4.48218588644522E-06	394082	6.28711677563842E-06
37	148.164296625921	1.32369995117188	1.3238525390625	3.3648681640625E-06	2.8857421875E-06	-4.791259765625E-07	4.45458908870933E-06	393433.71875	6.45555110168061E-06
38	148.214296625795	1.31866455078125	1.318359375	3.35723876953125E-06	2.877197265625E-06	-4.80041503906251E-07	4.42604732597829E-06	392691.59375	6.62360343994806E-06
39	148.264296625669	1.31362915039063	1.3134765625	3.34930419921875E-06	2.8692626953125E-06	-4.8004150390625E-07	4.39923223893857E-06	392164.03125	6.79126696923049E-06
40	148.314296625542	1.30859375	1.30859375	3.3416748046875E-06	2.86041259765625E-06	-4.81262207031249E-07	4.37289463661727E-06	391598.1875	6.95854168952792E-06
41	148.364296625416	1.30355834960938	1.30340576171875	3.33465576171875E-06	2.85308837890625E-06	-4.81567382812501E-07	4.3464096961543E-06	390866.65625	7.12544988346053E-06
42	148.41429662529	1.29852294921875	1.29852294921875	3.32763671875E-06	2.8448486328125E-06	-4.827880859375E-07	4.32101251135464E-06	390223.78125	7.29200701243826E-06
43	148.464296625164	1.29348754882813	1.2933349609375	3.32061767578125E-06	2.8369140625E-06	-4.8370361328125E-07	4.29467081630719E-06	389486.25	7.45821353120846E-06
44	148.514296625037	1.2884521484375	1.28875732421875	3.314208984375E-06	2.82928466796875E-06	-4.84924316406249E-07	4.27121085522231E-06	388858.1875	7.6240844464337E-06
45	148.564296624911	1.28341674804688	1.2835693359375	3.306884765625E-06	2.82073974609375E-06	-4.8614501953125E-07	4.24461586590041E-06	388150.59375	7.78961202740902E-06
46	148.614296624785	1.27838134765625	1.27838134765625	3.3001708984375E-06	2.81219482421875E-06	-4.87976074218749E-07	4.21887671109289E-06	387368.21875	7.95478808868211E-06
47	148.664296624659	1.27334594726563	1.2738037109375	3.29437255859375E-06	2.80426025390625E-06	-4.90112304687501E-07	4.19638399762334E-06	386660.5	8.11965128377778E-06
48	148.714296624532	1.268310546875	1.268310546875	3.2879638671875E-06	2.79632568359375E-06	-4.91638183593749E-07	4.17015917264507E-06	385743.46875	8.28420979814837E-06
49	148.764296624406	1.26327514648438	1.263427734375	3.2818603515625E-06	2.7880859375E-06	-4.93774414062498E-07	4.14639316659304E-06	384973.03125	8.44845544634154E-06
50	148.81429662428	1.25823974609375	1.258544921875	3.2757568359375E-06	2.77984619140625E-06	-4.9591064453125E-07	4.12268718719133E-06	384199.75	8.61239641380962E-06
51	148.864296624154	1.25320434570313	1.25213623046875	3.270263671875E-06	2.7716064453125E-06	-4.98657226562502E-07	4.09481526730815E-06	382885.4375	8.77604634297313E-06
52	148.914296624028	1.2481689453125	1.24786376953125	3.265380859375E-06	2.7630615234375E-06	-5.02319335937501E-07	4.07475044994499E-06	382149.53125	8.93943797564134E-06
53	148.964296623901	1.24313354492188	1.24298095703125	3.26019287109375E-06	2.75360107421875E-06	-5.06591796875E-07	4.05235778089263E-06	381259.9375	9.10257676878246E-06
54	149.014296623775	1.23809814453125	1.23809814453125	3.25592041015625E-06	2.74444580078125E-06	-5.11474609374998E-07	4.03114881919464E-06	380260.59375	9.26548000279581E-06
55	149.064296623649	1.23306274414063	1.23321533203125	3.250732421875E-06	2.73468017578125E-06	-5.16052246093749E-07	4.00885301132803E-06	379365.375	9.42814585869201E-06
56	149.114296623523	1.22802734375	1.22802734375	3.24676513671875E-06	2.7239990234375E-06	-5.22766113281248E-07	3.98711654270301E-06	378231.03125	9.59058343141805E-06
57	149.164296623396	1.22299194335938	1.22283935546875	3.24249267578125E-06	2.71270751953125E-06	-5.29785156250001E-07	3.96504765376449E-06	377129.4375	9.7528145488468E-06
58	149.21429662327	1.21795654296875	1.2176513671875	3.2391357421875E-06	2.70050048828125E-06	-5.3863525390625E-07	3.94413791582338E-06	375918.625	9.91485558188288E-06
59	149.264296623144	1.21292114257813	1.21307373046875	3.236083984375E-06	2.68707275390625E-06	-5.49011230468749E-07	3.92560832551681E-06	374858.53125	1.00767365438514E-05
60	149.314296623018	1.2078857421875	1.20758056640625	3.23333740234375E-06	2.67333984375E-06	-5.5999755859375E-07	3.90451532439329E-06	373478.0625	1.02384719866677E-05
61	149.364296622891	1.20285034179688	1.20269775390625	3.231201171875E-06	2.657470703125E-06	-5.7373046875E-07	3.88615853808005E-06	372213.8125	1.0400085557194E-05
62	149.414296622765	1.19781494140625	1.197509765625	3.22967529296875E-06	2.6397705078125E-06	-5.8990478515625E-07	3.86756755688111E-06	370783.34375	1.05616072687553E-05
63	149.464296622639	1.19277954101563	1.192626953125	3.22906494140625E-06	2.6202392578125E-06	-6.0882568359375E-07	3.8510697777383E-06	369341.28125	1.07230753201293E-05
64	149.514296622513	1.187744140625	1.18804931640625	3.22906494140625E-06	2.5982666015625E-06	-6.30798339843752E-07	3.83628821509774E-06	367923.65625	1.0884528819588E-05
65	149.564296622386	1.18270874023438	1.18255615234375	3.22998046875E-06	2.5726318359375E-06	-6.57348632812499E-07	3.81963309337152E-06	366118.6875	1.10460050564143E-05
66	149.61429662226	1.17767333984375	1.17706298828125	3.2318115234375E-06	2.54364013671875E-06	-6.8817138671875E-07	3.80404571842519E-06	364211.53125	1.12075495053432E-05
67	149.664296622134	1.17263793945313	1.17279052734375	3.23516845703125E-06	2.51068115234375E-06	-7.24487304687502E-07	3.79417474505317E-06	362512.96875	1.13692240120145E-05
68	149.714296622008	1.1676025390625	1.16790771484375	3.24005126953125E-06	2.47344970703125E-06	-7.666015625E-07	3.78408071810554E-06	360459.65625	1.1531104973983E-05
69	149.764296621881	1.16256713867188	1.16241455078125	3.24737548828125E-06	2.4298095703125E-06	-8.17565917968752E-07	3.77479636881617E-06	357955.09375	1.16932906166767E-05
70	149.814296621755	1.15753173828125	1.1578369140625	3.25653076171875E-06	2.379150390625E-06	-8.77380371093751E-07	3.7705312934122E-06	355543.09375	1.18558882604702E-05
71	149.864296621629	1.15249633789063	1.15234375	3.26812744140625E-06	2.32025146484375E-06	-9.47875976562498E-07	3.76600610252353E-06	352600.625	1.20190043162438E-05
72	149.914296621503	1.1474609375	1.14715576171875	3.28277587890625E-06	2.25128173828125E-06	-1.031494140625E-06	3.76585535377671E-06	349446.875	1.21827770271921E-05
73	149.964296621377	1.14242553710938	1.14227294921875	3.30047607421875E-06	2.1710205078125E-06	-1.12945556640625E-06	3.77004448637308E-06	346093.40625	1.23473582789302E-05
74	150.01429662125	1.13739013671875	1.13739013671875	3.32275390625E-06	2.0782470703125E-06	-1.2445068359375E-06	3.77926744477008E-06	342303.46875	1.25129390653456E-05
75	150.064296621124	1.13235473632813	1.13189697265625	3.34869384765625E-06	1.97113037109375E-06	-1.3775634765625E-06	3.79037624043121E-06	338011.5	1.26797249322408E-05
76	150.114296620998	1.1273193359375	1.12762451171875	3.3795166015625E-06	1.84600830078125E-06	-1.53350830078125E-06	3.81082577405323E-06	333664.4375	1.28479305203655E-05
77	150.164296620872	1.12228393554688	1.1224365234375	3.4173583984375E-06	1.702880859375E-06	-1.7144775390625E-06	3.83576798412832E-06	328451.5	1.30178523249924E-05
78	150.214296620745	1.11724853515625	1.11724853515625	3.460693359375E-06	1.539306640625E-06	-1.92138671875E-06	3.86645433536614E-06	322839.5	1.31898041217937E-05
79	150.264296620619	1.11221313476563	1.112060546875	3.5107421875E-06	1.35467529296875E-06	-2.15606689453125E-06	3.90415789297549E-06	316759.40625	1.33640896819998E-05
80	150.314296620493	1.107177734375	1.107177734375	3.568115234375E-06	1.14715576171875E-06	-2.42095947265625E-06	3.9505375752924E-06	310297.65625	1.35410609800601E-05
81	150.364296620367	1.10214233398438	1.102294921875	3.63311767578125E-06	9.1522216796875E-07	-2.7178955078125E-06	4.00476710638031E-06	303401.9375	1.37210918182973E-05
82	150.41429662024	1.09710693359375	1.09710693359375	3.704833984375E-06	6.62841796874999E-07	-3.0419921875E-06	4.06459912483115E-06	296128.5	1.39045405376237E-05
83	150.464296620114	1.09207153320313	1.09161376953125	3.7841796875E-06	3.9093017578125E-07	-3.39324951171875E-06	4.13086263506557E-06	288467.75	1.40917663884466E-05
84	150.514296619988	1.0870361328125	1.0870361328125	3.86871337890625E-06	1.0040283203125E-07	-3.768310546875E-06	4.20543074142188E-06	280981.3125	1.42830886034062E-05
85	150.564296619862	1.08200073242188	1.0821533203125	3.95660400390625E-06	-2.03857421875001E-07	-4.16046142578125E-06	4.28165185439866E-06	273505.59375	1.44787209137576E-05
86	150.614296619735	1.07696533203125	1.07696533203125	4.04632568359375E-06	-5.16662597656251E-07	-4.56298828125E-06	4.35775245932746E-06	266158.84375	1.46787942867377E-05
87	150.664296619609	1.07192993164063	1.07208251953125	4.13360595703125E-06	-8.32519531250001E-07	-4.96612548828125E-06	4.431566594576E-06	259357.71875	1.48832923514419E-05
88	150.714296619483	1.06689453125	1.06658935546875	4.215087890625E-06	-1.14471435546875E-06	-5.35980224609375E-06	4.49576782557415E-06	253040.84375	1.50920104715624E-05
89	150.764296619357	1.06185913085938	1.06170654296875	4.2864990234375E-06	-1.44622802734375E-06	-5.73272705078125E-06	4.55100416729692E-06	247686.171875	1.5304549378925E-05
90	150.814296619231	1.05682373046875	1.05712890625	4.339599609375E-06	-1.728515625E-06	-6.068115234375E-06	4.5875158320996E-06	243600.578125	1.55202014866518E-05
91	150.864296619104	1.05178833007813	1.0516357421875	4.376220703125E-06	-1.9842529296875E-06	-6.3604736328125E-06	4.60219007436535E-06	240306.84375	1.57380982273025E-05
92	150.914296618978	1.0467529296875	1.04644775390625	4.388427734375E-06	-2.2076416015625E-06	-6.5960693359375E-06	4.5922602112114E-06	238456.203125	1.59572136908537E-05
93	150.964296618852	1.04171752929688	1.04156494140625	4.3731689453125E-06	-2.39227294921875E-06	-6.76544189453125E-06	4.5549395508715E-06	238171.671875	1.61762545758393E-05
94	151.014296618726	1.03668212890625	1.03668212890625	4.3304443359375E-06	-2.53387451171875E-06	-6.86431884765625E-06	4.48929449703428E-06	239393.9375	1.63938439072808E-05
95	151.064296618599	1.03164672851563	1.0321044921875	4.2572021484375E-06	-2.62939453125E-06	-6.8865966796875E-06	4.39387713413453E-06	242437.296875	1.66085355886025E-05
96	151.114296618473	1.026611328125	1.02691650390625	4.15863037109375E-06	-2.67791748046875E-06	-6.8365478515625E-06	4.27056602347875E-06	246936.234375	1.68189308169531E-05
97	151.164296618347	1.02157592773438	1.02142333984375	4.034423828125E-06	-2.681884765625E-06	-6.71630859375E-06	4.12085455536726E-06	253177	1.70237581187394E-05
98	151.214296618221	1.01654052734375	1.01654052734375	3.88702392578125E-06	-2.640380859375E-06	-6.52740478515625E-06	3.95131746699917E-06	261521.546875	1.72217933140928E-05
99	151.264296618094	1.01150512695313	1.0113525390625	3.7225341796875E-06	-2.5640869140625E-06	-6.28662109375E-06	3.76479420083342E-06	271683.875	1.74120323208626E-05
100	151.314296617968	1.0064697265625	1.0064697265625	3.54705810546875E-06	-2.4578857421875E-06	-6.00494384765625E-06	3.57000658368634E-06	283747.75	1.75937730091391E-05
101	151.364296617842	1.00143432617188	1.0015869140625	3.36700439453125E-06	-2.33154296875E-06	-5.69854736328125E-06	3.37234746439208E-06	297471.21875	1.77666242962005E-05
102	151.414296617716	0.99639892578125	0.9967041015625	3.18572998046875E-06	-2.19390869140625E-06	-5.379638671875E-06	3.17522994919273E-06	312865.21875	1.79304424818838E-05
103	151.464296617589	0.991363525390625	0.9912109375	3.00933837890625E-06	-2.054443359375E-06	-5.06378173828125E-06	2.98288910016709E-06	329378.375	1.80853185156593E-05
104	151.514296617463	0.986328125	0.986328125	2.845458984375E-06	-1.9244384765625E-06	-4.7698974609375E-06	2.80655626738735E-06	346632.34375	1.82316889549838E-05
105	151.564296617337	0.981292724609375	0.98114013671875	2.69683837890625E-06	-1.80755615234375E-06	-4.50439453125E-06	2.64597633758967E-06	363811.28125	1.83702468348201E-05
106	151.614296617211	0.97625732421875	0.97686767578125	2.5665283203125E-06	-1.715087890625E-06	-4.2816162109375E-06	2.50715856964234E-06	380618.3125	1.85018307092832E-05
107	151.664296617084	0.971221923828125	0.9710693359375	2.4609375E-06	-1.6546630859375E-06	-4.1156005859375E-06	2.38974075728038E-06	394593.28125	1.86275174201E-05
108	151.714296616958	0.9661865234375	0.9661865234375	2.38006591796875E-06	-1.6339111328125E-06	-4.01397705078125E-06	2.29958754971449E-06	405949.5	1.87485420610756E-05
109	151.764296616832	0.961151123046875	0.96099853515625	2.32513427734375E-06	-1.656494140625E-06	-3.98162841796875E-06	2.23445044866821E-06	413308.875	1.88661724678241E-05
110	151.814296616706	0.95611572265625	0.955810546875	2.2967529296875E-06	-1.72637939453125E-06	-4.02313232421875E-06	2.19526054934249E-06	416157.34375	1.89817201317055E-05
111	151.86429661658	0.951080322265625	0.95123291015625	2.294921875E-06	-1.845703125E-06	-4.140625E-06	2.1830051082361E-06	414494.6875	1.90965110959951E-05
112	151.914296616453	0.946044921875	0.9466552734375	2.3199462890625E-06	-2.0147705078125E-06	-4.334716796875E-06	2.196189143433E-06	408050.53125	1.92118823179044E-05
113	151.964296616327	0.941009521484375	0.94146728515625	2.36907958984375E-06	-2.2320556640625E-06	-4.60113525390625E-06	2.23041092795029E-06	397397.90625	1.93291089090053E-05
114	152.014296616201	0.93597412109375	0.936279296875	2.4383544921875E-06	-2.4945068359375E-06	-4.932861328125E-06	2.28298063120747E-06	383980	1.94492949958658E-05
115	152.064296616075	0.930938720703125	0.93170166015625	2.5286865234375E-06	-2.8009033203125E-06	-5.32958984375E-06	2.35598145081894E-06	368452.8125	1.95734701264882E-05
116	152.114296615948	0.9259033203125	0.9259033203125	2.63519287109375E-06	-3.14453125E-06	-5.77972412109375E-06	2.43993395088182E-06	351360.75	1.97025674424367E-05
117	152.164296615822	0.920867919921875	0.9210205078125	2.75115966796875E-06	-3.51837158203125E-06	-6.26953125E-06	2.53387452175957E-06	334775.375	1.98372272279812E-05
118	152.214296615696	0.91583251953125	0.9161376953125	2.87353515625E-06	-3.9166259765625E-06	-6.7901611328125E-06	2.63255378740723E-06	318819.03125	1.99778442038223E-05
119	152.26429661557	0.910797119140625	0.91094970703125	2.99468994140625E-06	-4.3304443359375E-06	-7.32513427734375E-06	2.72801185019489E-06	304188.34375	2.01245493371971E-05
120	152.314296615443	0.90576171875	0.90576171875	3.1085205078125E-06	-4.7515869140625E-06	-7.860107421875E-06	2.81557868220261E-06	291380.34375	2.02771298063453E-05
121	152.364296615317	0.900726318359375	0.90118408203125	3.20556640625E-06	-5.1666259765625E-06	-8.3721923828125E-06	2.88880528387381E-06	281131	2.0434981706785E-05
122	152.414296615191	0.89569091796875	0.89599609375	3.27850341796875E-06	-5.572509765625E-06	-8.85101318359375E-06	2.93752623292676E-06	273294.25	2.05970827664714E-05
123	152.464296615065	0.890655517578125	0.8905029296875	3.32366943359375E-06	-5.9539794921875E-06	-9.27764892578125E-06	2.95973723041243E-06	267927.65625	2.07621378649492E-05
124	152.514296614938	0.8856201171875	0.88531494140625	3.33343505859375E-06	-6.304931640625E-06	-9.63836669921875E-06	2.95113977699657E-06	265586.375	2.09285663004266E-05
125	152.564296614812	0.880584716796875	0.880126953125	3.3062744140625E-06	-6.6162109375E-06	-9.9224853515625E-06	2.90994103124831E-06	266199	2.10945581784472E-05
126	152.614296614686	0.87554931640625	0.87554931640625	3.23974609375E-06	-6.878662109375E-06	-1.0118408203125E-05	2.83655754174106E-06	270252.4375	2.12582090171054E-05
127	152.66429661456	0.870513916015625	0.87005615234375	3.13568115234375E-06	-7.0892333984375E-06	-1.02249145507813E-05	2.72821853286587E-06	277469.59375	2.14175943256123E-05
128	152.714296614433	0.865478515625	0.86578369140625	2.9962158203125E-06	-7.2357177734375E-06	-1.023193359375E-05	2.59407465819095E-06	288959.0625	2.15708914765855E-05
129	152.764296614307	0.860443115234375	0.860595703125	2.82196044921875E-06	-7.318115234375E-06	-1.01400756835938E-05	2.42856708609906E-06	304963.78125	2.17163469642401E-05
130	152.814296614181	0.85540771484375	0.85479736328125	2.61932373046875E-06	-7.330322265625E-06	-9.94964599609375E-06	2.23899087359314E-06	326342.78125	2.18523782677948E-05
131	152.864296614055	0.850372314453125	0.8502197265625	2.3944091796875E-06	-7.2784423828125E-06	-9.6728515625E-06	2.03577383217635E-06	355085.40625	2.19777211896144E-05
132	152.914296613929	0.8453369140625	0.84564208984375	2.1502685546875E-06	-7.16552734375E-06	-9.3157958984375E-06	1.8183575321018E-06	393272.78125	2.20913389057387E-05
133	152.964296613802	0.840301513671875	0.84075927734375	1.8914794921875E-06	-6.9915771484375E-06	-8.883056640625E-06	1.59027888457786E-06	444498.25	2.21923819481162E-05
134	153.014296613676	0.83526611328125	0.83526611328125	1.62445068359375E-06	-6.7718505859375E-06	-8.39630126953125E-06	1.356848542855E-06	514183.75	2.22802809730638E-05
135	153.06429661355	0.830230712890625	0.83099365234375	1.35467529296875E-06	-6.5155029296875E-06	-7.87017822265625E-06	1.12572661237209E-06	613426.4375	2.2354759494192E-05
136	153.114296613424	0.8251953125	0.82550048828125	1.087646484375E-06	-6.23779296875E-06	-7.325439453125E-06	8.97852657999465E-07	758978.75	2.24158175115008E-05
137	153.164296613297	0.820159912109375	0.8203125	8.258056640625E-07	-5.94482421875E-06	-6.7706298828125E-06	6.77418711347855E-07	993348.125	2.24636532948352E-05
138	153.214296613171	0.81512451171875	0.81512451171875	5.79833984375E-07	-5.6549072265625E-06	-6.2347412109375E-06	4.72636884296662E-07	1405789.5	2.24987943511223E-05
139	153.264296613045	0.810089111328125	0.810546875	3.5247802734375E-07	-5.377197265625E-06	-5.72967529296875E-06	2.85699968571862E-07	2299567	2.252210106235E-05
140	153.314296612919	0.8050537109375	0.80596923828125	1.4617919921875E-07	-5.11474609375E-06	-5.26092529296875E-06	1.1781592945681E-07	5513570.5	2.25345684157219E-05
141	153.364296612792	0.800018310546875	0.8001708984375	-3.509521484375E-08	-4.888916015625E-06	-4.85382080078125E-06	-2.80821694786937E-08	-22800000	2.25373460125411E-05
142	153.414296612666	0.79498291015625	0.7952880859375	-1.9195556640625E-07	-4.6905517578125E-06	-4.49859619140625E-06	-1.52659978880365E-07	-4143084.25	2.25316689466126E-05
143	153.46429661254	0.789947509765625	0.789794921875	-3.1585693359375E-07	-4.5257568359375E-06	-4.20989990234375E-06	-2.49462203782969E-07	-2500483	2.25189742195653E-05
144	153.514296612414	0.784912109375	0.7855224609375	-4.11071777343749E-07	-4.400634765625E-06	-3.98956298828125E-06	-3.22906117844468E-07	-1910913.25	2.25008006964345E-05
145	153.564296612287	0.779876708984375	0.780029296875	-4.7760009765625E-07	-4.315185546875E-06	-3.83758544921875E-06	-3.7254207541082E-07	-1633226.75	2.24785835598595E-05
146	153.614296612161	0.77484130859375	0.77484130859375	-5.157470703125E-07	-4.26666259765625E-06	-3.75091552734375E-06	-3.99622109625852E-07	-1502366.875	2.24537507165223E-05
147	153.664296612035	0.769805908203125	0.7696533203125	-5.2947998046875E-07	-4.25994873046875E-06	-3.73046875E-06	-4.07516012046472E-07	-1453602.375	2.2427619114751E-05
148	153.714296611909	0.7647705078125	0.76507568359375	-5.20935058593749E-07	-4.2901611328125E-06	-3.76922607421875E-06	-3.98554732328193E-07	-1468658.5	2.2401358364732E-05
149	153.764296611782	0.759735107421875	0.7598876953125	-4.925537109375E-07	-4.35791015625E-06	-3.8653564453125E-06	-3.7428549148899E-07	-1542751	2.237602166133E-05
150	153.814296611656	0.75469970703125	0.7550048828125	-4.486083984375E-07	-4.45556640625E-06	-4.0069580078125E-06	-3.38701511282125E-07	-1682993.25	2.23524930333951E-05
151	153.86429661153	0.749664306640625	0.749481201171875	-3.88488769531251E-07	-4.5806884765625E-06	-4.19219970703125E-06	-2.91165008547978E-07	-1929222.375	2.23315655603074E-05
152	153.914296611404	0.74462890625	0.74444580078125	-3.2501220703125E-07	-4.730224609375E-06	-4.40521240234375E-06	-2.4195395553761E-07	-2290516.5	2.23137285502162E-05
153	153.964296611278	0.739593505859375	0.739471435546875	-2.52685546875001E-07	-4.89501953125E-06	-4.642333984375E-06	-1.86853739592152E-07	-2926449.5	2.2299285774352E-05
154	154.014296611151	0.73455810546875	0.734375	-1.7730712890625E-07	-5.0689697265625E-06	-4.89166259765625E-06	-1.30209926396674E-07	-4141824.5	2.22885355469771E-05
155	154.064296611025	0.729522705078125	0.72943115234375	-1.0345458984375E-07	-5.2459716796875E-06	-5.14251708984375E-06	-7.54629994048628E-08	-7050737.5	2.22815160668688E-05
156	154.114296610899	0.7244873046875	0.724273681640625	-3.63159179687503E-08	-5.413818359375E-06	-5.37750244140625E-06	-2.63026631586172E-08	-19943698	2.22780217882246E-05
157	154.164296610773	0.719451904296875	0.71929931640625	2.01416015624997E-08	-5.5694580078125E-06	-5.589599609375E-06	1.44878393726344E-08	35712124	2.2277617972577E-05
158	154.214296610646	0.71441650390625	0.714263916015625	6.04248046875006E-08	-5.70068359375E-06	-5.7611083984375E-06	4.31592575012019E-08	11820707	2.22796315938467E-05
159	154.26429661052	0.709381103515625	0.709228515625	8.11767578124997E-08	-5.8013916015625E-06	-5.882568359375E-06	5.75728726914804E-08	8736842	2.2283171347226E-05
160	154.314296610394	0.704345703125	0.704193115234375	7.81249999999997E-08	-5.8685302734375E-06	-5.9466552734375E-06	5.50150858202869E-08	9013672	2.22871549340198E-05
161	154.364296610268	0.699310302734375	0.699127197265625	4.85229492187503E-08	-5.8929443359375E-06	-5.94146728515625E-06	3.39237118396341E-08	14408176	2.2290319975582E-05
162	154.414296610141	0.69427490234375	0.6942138671875	-4.57763671875E-09	-5.877685546875E-06	-5.87310791015625E-06	-3.17785864289988E-09	-151653344	2.22914186451817E-05
163	154.464296610015	0.689239501953125	0.68902587890625	-8.27026367187497E-08	-5.82275390625E-06	-5.74005126953125E-06	-5.6984255536463E-08	-8331365.5	2.22892376768868E-05
164	154.514296609889	0.6842041015625	0.68408203125	-1.83715820312499E-07	-5.72509765625E-06	-5.5413818359375E-06	-1.25676692164234E-07	-3723588.25	2.22825765376911E-05
165	154.564296609763	0.679168701171875	0.679046630859375	-3.03039550781251E-07	-5.5938720703125E-06	-5.29083251953125E-06	-2.05777979545019E-07	-2240785.5	2.22704074985813E-05
166	154.614296609636	0.67413330078125	0.673980712890625	-4.38232421875E-07	-5.4351806640625E-06	-4.9969482421875E-06	-2.95360194968453E-07	-1537952.75	2.2251875634538E-05
167	154.66429660951	0.669097900390625	0.668975830078125	-5.81970214843749E-07	-5.2520751953125E-06	-4.67010498046875E-06	-3.89323986382806E-07	-1149501.875	2.22263715841109E-05
168	154.714296609384	0.6640625	0.663909912109375	-7.3089599609375E-07	-5.0537109375E-06	-4.32281494140625E-06	-4.85249074699823E-07	-908350.75	2.21935497393133E-05
169	154.764296609258	0.659027099609375	0.658905029296875	-8.8043212890625E-07	-4.84619140625E-06	-3.96575927734375E-06	-5.80121138682443E-07	-748388.25	2.21532663999824E-05
170	154.814296609131	0.65399169921875	0.65380859375	-1.02386474609375E-06	-4.6356201171875E-06	-3.61175537109375E-06	-6.69411519993446E-07	-638569.3125	2.21056598093128E-05
171	154.864296609005	0.648956298828125	0.64886474609375	-1.15875244140625E-06	-4.4256591796875E-06	-3.26690673828125E-06	-7.51873585613794E-07	-559968.4375	2.20510937651852E-05
172	154.914296608879	0.6439208984375	0.64385986328125	-1.2823486328125E-06	-4.2236328125E-06	-2.9412841796875E-06	-8.25652819003153E-07	-502094.25	2.19900666706963E-05
173	154.964296608753	0.638885498046875	0.638885498046875	-1.39068603515625E-06	-4.0301513671875E-06	-2.63946533203125E-06	-8.884890689842E-07	-459403.15625	2.19232406379888E-05
174	155.014296608627	0.63385009765625	0.633819580078125	-1.48345947265625E-06	-3.84796142578125E-06	-2.364501953125E-06	-9.40245627134573E-07	-427257.78125	2.18513869185699E-05
175	155.0642966085	0.628814697265625	0.628753662109375	-1.56097412109375E-06	-3.6767578125E-06	-2.11578369140625E-06	-9.81468133431918E-07	-402795.71875	2.17752749449573E-05
176	155.114296608374	0.623779296875	0.623687744140625	-1.62353515625E-06	-3.51806640625E-06	-1.89453125E-06	-1.01257899132179E-06	-384154.15625	2.16956632357324E-05
177	155.164296608248	0.618743896484375	0.618743896484375	-1.669921875E-06	-3.3721923828125E-06	-1.7022705078125E-06	-1.033253965943E-06	-370522.65625	2.16133266803809E-05
178	155.214296608122	0.61370849609375	0.61370849609375	-1.7022705078125E-06	-3.238525390625E-06	-1.5362548828125E-06	-1.0446977967149E-06	-360523.5	2.15290219784947E-05
179	155.264296607995	0.608673095703125	0.60870361328125	-1.72454833984375E-06	-3.11614990234375E-06	-1.3916015625E-06	-1.04973878478631E-06	-352964.09375	2.14433512155665E-05
180	155.314296607869	0.6036376953125	0.60357666015625	-1.73553466796875E-06	-3.0047607421875E-06	-1.26922607421875E-06	-1.04752814422682E-06	-347775.625	2.13568491744809E-05
181	155.364296607743	0.598602294921875	0.598602294921875	-1.73828125E-06	-2.90374755859375E-06	-1.16546630859375E-06	-1.04053913219104E-06	-344364.46875	2.1270003344398E-05
182	155.414296607617	0.59356689453125	0.5936279296875	-1.7333984375E-06	-2.8118896484375E-06	-1.0784912109375E-06	-1.02899377907306E-06	-342464.78125	2.11832120839972E-05
183	155.46429660749	0.588531494140625	0.588531494140625	-1.7230224609375E-06	-2.72796630859375E-06	-1.00494384765625E-06	-1.01405294117285E-06	-341569.28125	2.10968009923818E-05
184	155.514296607364	0.58349609375	0.58349609375	-1.70745849609375E-06	-2.6507568359375E-06	-9.4329833984375E-07	-9.96295284494408E-07	-341733.71875	2.10110392799834E-05
185	155.564296607238	0.578460693359375	0.57843017578125	-1.6876220703125E-06	-2.58148193359375E-06	-8.9385986328125E-07	-9.76171463662467E-07	-342748.65625	2.09261615964351E-05
186	155.614296607112	0.57342529296875	0.573394775390625	-1.66595458984375E-06	-2.518310546875E-06	-8.52355957031251E-07	-9.55249674916558E-07	-344183.9375	2.08423225558363E-05
187	155.664296606985	0.568389892578125	0.568359375	-1.641845703125E-06	-2.459716796875E-06	-8.1787109375E-07	-9.33158389671007E-07	-346171.03125	2.07596276595723E-05
188	155.714296606859	0.5633544921875	0.563385009765625	-1.61590576171875E-06	-2.40631103515625E-06	-7.904052734375E-07	-9.10377082163905E-07	-348649.6875	2.06781842280179E-05
189	155.764296606733	0.558319091796875	0.558258056640625	-1.5899658203125E-06	-2.357177734375E-06	-7.67211914062501E-07	-8.87611236066732E-07	-351113.25	2.05980377359083E-05
190	155.814296606607	0.55328369140625	0.553314208984375	-1.56219482421875E-06	-2.31170654296875E-06	-7.4951171875E-07	-8.64384617216274E-07	-354190.28125	2.05192336579785E-05
191	155.86429660648	0.548248291015625	0.5482177734375	-1.534423828125E-06	-2.269287109375E-06	-7.34863281249999E-07	-8.41198357193207E-07	-357279.25	2.04418174689636E-05
192	155.914296606354	0.543212890625	0.543212890625	-1.507568359375E-06	-2.2296142578125E-06	-7.220458984375E-07	-8.18930516288674E-07	-360323.90625	2.03657673409907E-05
193	155.964296606228	0.538177490234375	0.53814697265625	-1.48040771484375E-06	-2.19268798828125E-06	-7.122802734375E-07	-7.96676943082275E-07	-363512.6875	2.02910687221447E-05
194	156.014296606102	0.53314208984375	0.533172607421875	-1.4532470703125E-06	-2.15789794921875E-06	-7.0465087890625E-07	-7.74831505623297E-07	-366883.6875	2.02177270693937E-05
195	156.064296605976	0.528106689453125	0.528106689453125	-1.42669677734375E-06	-2.12554931640625E-06	-6.988525390625E-07	-7.53448091472819E-07	-370160.4375	2.01457278308226E-05
196	156.114296605849	0.5230712890625	0.5230712890625	-1.400146484375E-06	-2.09442138671875E-06	-6.9427490234375E-07	-7.32376406631374E-07	-373583.28125	2.00750582735054E-05
197	156.164296605723	0.518035888671875	0.51800537109375	-1.37542724609375E-06	-2.0654296875E-06	-6.90002441406251E-07	-7.12478708919662E-07	-376614.15625	2.0005667465739E-05
198	156.214296605597	0.51300048828125	0.5130615234375	-1.35101318359375E-06	-2.03765869140625E-06	-6.866455078125E-07	-6.93152856001689E-07	-379760.59375	1.99375062948093E-05
199	156.264296605471	0.507965087890625	0.5079345703125	-1.326904296875E-06	-2.01080322265625E-06	-6.8389892578125E-07	-6.73980537158059E-07	-382796.71875	1.98705583898118E-05
200	156.314296605344	0.5029296875	0.5029296875	-1.30340576171875E-06	-1.98577880859375E-06	-6.82373046875E-07	-6.55521432690875E-07	-385858.125	1.98048019228736E-05
201	156.364296605218	0.497894287109375	0.497833251953125	-1.28143310546875E-06	-1.961669921875E-06	-6.8023681640625E-07	-6.37940047454322E-07	-388497.25	1.97401805053232E-05
202	156.414296605092	0.49285888671875	0.49285888671875	-1.25946044921875E-06	-1.93878173828125E-06	-6.79321289062501E-07	-6.2073627304926E-07	-391325.4375	1.96766577573726E-05
203	156.464296604966	0.487823486328125	0.487823486328125	-1.23870849609375E-06	-1.9171142578125E-06	-6.78405761718749E-07	-6.04271065185458E-07	-393816.21875	1.96142045751913E-05
204	156.514296604839	0.4827880859375	0.4827880859375	-1.21856689453125E-06	-1.895751953125E-06	-6.77185058593749E-07	-5.88309546856181E-07	-396193.375	1.95527718460653E-05
205	156.564296604713	0.477752685546875	0.477691650390625	-1.19842529296875E-06	-1.876220703125E-06	-6.77795410156251E-07	-5.72477745208744E-07	-398599.46875	1.94923468370689E-05
206	156.614296604587	0.47271728515625	0.47271728515625	-1.17950439453125E-06	-1.85638427734375E-06	-6.76879882812501E-07	-5.57572093384806E-07	-400776.21875	1.94328986253822E-05
207	156.664296604461	0.467681884765625	0.4676513671875	-1.1602783203125E-06	-1.8377685546875E-06	-6.77490234375E-07	-5.42605732789525E-07	-403051.03125	1.9374403564143E-05
208	156.714296604334	0.462646484375	0.46258544921875	-1.14227294921875E-06	-1.82037353515625E-06	-6.78100585937499E-07	-5.28398857113643E-07	-404969.28125	1.93168398254784E-05
209	156.764296604208	0.457611083984375	0.457611083984375	-1.12396240234375E-06	-1.802978515625E-06	-6.7901611328125E-07	-5.14337671120302E-07	-407140.90625	1.92601855815155E-05
210	156.814296604082	0.45257568359375	0.45257568359375	-1.10687255859375E-06	-1.78680419921875E-06	-6.79931640625001E-07	-5.00943599490711E-07	-408877.875	1.92044135474134E-05
211	156.864296603956	0.447540283203125	0.4476318359375	-1.09039306640625E-06	-1.77093505859375E-06	-6.805419921875E-07	-4.88094656247995E-07	-410523.375	1.91494818864157E-05
212	156.914296603829	0.4425048828125	0.4425048828125	-1.07421875E-06	-1.75567626953125E-06	-6.81457519531251E-07	-4.75347036399398E-07	-411931.8125	1.90953669516603E-05
213	156.964296603703	0.437469482421875	0.437530517578125	-1.05865478515625E-06	-1.74163818359375E-06	-6.82983398437499E-07	-4.6319377133841E-07	-413289.125	1.90420450962847E-05
214	157.014296603577	0.43243408203125	0.43243408203125	-1.043701171875E-06	-1.7279052734375E-06	-6.84204101562499E-07	-4.51331942485922E-07	-414327.5	1.89894853974693E-05
215	157.064296603451	0.427398681640625	0.42742919921875	-1.029052734375E-06	-1.7138671875E-06	-6.84814453125E-07	-4.39847156030737E-07	-415361.84375	1.89376678463304E-05
216	157.114296603325	0.42236328125	0.42236328125	-1.014404296875E-06	-1.70135498046875E-06	-6.8695068359375E-07	-4.28447094691364E-07	-416365.84375	1.88865815289319E-05
217	157.164296603198	0.417327880859375	0.4173583984375	-1.0009765625E-06	-1.68914794921875E-06	-6.8817138671875E-07	-4.17765988913743E-07	-416951.21875	1.88361955224536E-05
218	157.214296603072	0.41229248046875	0.41229248046875	-9.8724365234375E-07	-1.67694091796875E-06	-6.89697265625E-07	-4.07033127203249E-07	-417619.78125	1.87864916370017E-05
219	157.264296602946	0.407257080078125	0.407318115234375	-9.7381591796875E-07	-1.66534423828125E-06	-6.915283203125E-07	-3.96652836798239E-07	-418270.15625	1.8737464415608E-05
220	157.31429660282	0.4022216796875	0.402252197265625	-9.619140625E-07	-1.65374755859375E-06	-6.91833496093751E-07	-3.86932015317143E-07	-418178.96875	1.8689072021516E-05
221	157.364296602693	0.397186279296875	0.397247314453125	-9.4970703125E-07	-1.64337158203125E-06	-6.93664550781251E-07	-3.77268548845677E-07	-418284.09375	1.86412798939273E-05
222	157.414296602567	0.39215087890625	0.3922119140625	-9.3719482421875E-07	-1.63299560546875E-06	-6.9580078125E-07	-3.67578962823245E-07	-418495.625	1.85941080417251E-05
223	157.464296602441	0.387115478515625	0.387115478515625	-9.259033203125E-07	-1.62322998046875E-06	-6.9732666015625E-07	-3.58431492486488E-07	-418094.9375	1.85475309990579E-05
224	157.514296602315	0.382080078125	0.382080078125	-9.14916992187501E-07	-1.61376953125E-06	-6.988525390625E-07	-3.49571564584039E-07	-417611.75	1.85015105671482E-05
225	157.564296602188	0.377044677734375	0.37713623046875	-9.04541015625E-07	-1.6046142578125E-06	-7.000732421875E-07	-3.41135176995522E-07	-416936.59375	1.84560230991337E-05
226	157.614296602062	0.37200927734375	0.372100830078125	-8.93554687500001E-07	-1.59576416015625E-06	-7.0220947265625E-07	-3.3249244779654E-07	-416427.59375	1.84110704140039E-05
227	157.664296601936	0.366973876953125	0.366973876953125	-8.831787109375E-07	-1.5875244140625E-06	-7.04345703124999E-07	-3.24103524462771E-07	-415514.875	1.83666525117587E-05
228	157.71429660181	0.3619384765625	0.362060546875	-8.73413085937499E-07	-1.5802001953125E-06	-7.06787109375001E-07	-3.16228408792085E-07	-414535.3125	1.83227384695783E-05
229	157.764296601683	0.356903076171875	0.356903076171875	-8.6395263671875E-07	-1.57257080078125E-06	-7.08618164062501E-07	-3.08347352984129E-07	-413104.9375	1.82793046406005E-05
230	157.814296601557	0.35186767578125	0.351898193359375	-8.5479736328125E-07	-1.56524658203125E-06	-7.1044921875E-07	-3.00801644925741E-07	-411674.40625	1.82363346539205E-05
231	157.864296601431	0.346832275390625	0.34686279296875	-8.45947265625E-07	-1.5582275390625E-06	-7.122802734375E-07	-2.93427603992313E-07	-410028.875	1.81938157766126E-05
232	157.914296601305	0.341796875	0.34185791015625	-8.3648681640625E-07	-1.551513671875E-06	-7.15026855468751E-07	-2.85959629309218E-07	-408682.96875	1.81517552846344E-05
233	157.964296601178	0.336761474609375	0.3367919921875	-8.2763671875E-07	-1.5447998046875E-06	-7.171630859375E-07	-2.78741424608597E-07	-406932.15625	1.81101531779859E-05
234	158.014296601052	0.33172607421875	0.331756591796875	-8.1939697265625E-07	-1.53961181640625E-06	-7.2021484375E-07	-2.71840349341801E-07	-404878.96875	1.80689767148579E-05
235	158.064296600926	0.326690673828125	0.32672119140625	-8.11157226562501E-07	-1.53411865234375E-06	-7.22961425781249E-07	-2.65022237044832E-07	-402784.0625	1.80282131623244E-05
236	158.1142966008	0.3216552734375	0.321685791015625	-8.03222656249999E-07	-1.52923583984375E-06	-7.2601318359375E-07	-2.58385313145482E-07	-400493.9375	1.79878534254385E-05
237	158.164296600674	0.316619873046875	0.31671142578125	-7.95898437500001E-07	-1.5240478515625E-06	-7.281494140625E-07	-2.52070122996884E-07	-397929.46875	1.79478756763274E-05
238	158.214296600547	0.31158447265625	0.311553955078125	-7.8887939453125E-07	-1.519775390625E-06	-7.3089599609375E-07	-2.45778494445403E-07	-394932.3125	1.79082562681288E-05
239	158.264296600421	0.306549072265625	0.306549072265625	-7.81860351562499E-07	-1.5155029296875E-06	-7.33642578125E-07	-2.39678541902322E-07	-392076.53125	1.7868987924885E-05
240	158.314296600295	0.301513671875	0.301483154296875	-7.7484130859375E-07	-1.51214599609375E-06	-7.373046875E-07	-2.33601596733024E-07	-389090.21875	1.78300706465961E-05
241	158.364296600169	0.296478271484375	0.296478271484375	-7.6751708984375E-07	-1.50848388671875E-06	-7.40966796875001E-07	-2.27552135356746E-07	-386282.3125	1.77915117092198E-05
242	158.414296600042	0.29144287109375	0.29150390625	-7.611083984375E-07	-1.50604248046875E-06	-7.4493408203125E-07	-2.2186605974639E-07	-382999.21875	1.77532947418513E-05
243	158.464296599916	0.286407470703125	0.286376953125	-7.54394531249999E-07	-1.5032958984375E-06	-7.489013671875E-07	-2.1604121513974E-07	-379611.65625	1.77154070115648E-05
244	158.51429659979	0.2813720703125	0.281402587890625	-7.48291015624999E-07	-1.50177001953125E-06	-7.5347900390625E-07	-2.10571016623362E-07	-376060.375	1.76778412424028E-05
245	158.564296599664	0.276336669921875	0.276336669921875	-7.4188232421875E-07	-1.49993896484375E-06	-7.58056640625E-07	-2.05009285991764E-07	-372480.46875	1.76405865204288E-05
246	158.614296599537	0.27130126953125	0.271331787109375	-7.36389160156251E-07	-1.4984130859375E-06	-7.6202392578125E-07	-1.99805782585827E-07	-368462.5	1.76036301127169E-05
247	158.664296599411	0.266265869140625	0.26629638671875	-7.30285644531251E-07	-1.49810791015625E-06	-7.67822265625E-07	-1.94472434600357E-07	-364646.875	1.75669629243203E-05
248	158.714296599285	0.26123046875	0.261199951171875	-7.24182128906251E-07	-1.49749755859375E-06	-7.73315429687499E-07	-1.89156324381656E-07	-360682.6875	1.75306013261434E-05
249	158.764296599159	0.256195068359375	0.256256103515625	-7.18078613281251E-07	-1.4984130859375E-06	-7.8033447265625E-07	-1.84012023396463E-07	-356863.59375	1.74945453181863E-05
250	158.814296599032	0.25115966796875	0.251190185546875	-7.122802734375E-07	-1.49993896484375E-06	-7.8765869140625E-07	-1.7891781567414E-07	-352656.375	1.7458785805502E-05
251	158.864296598906	0.246124267578125	0.246185302734375	-7.06787109375E-07	-1.50146484375E-06	-7.94677734375E-07	-1.74000589936441E-07	-348316.0625	1.74233082361752E-05
252	158.91429659878	0.2410888671875	0.241119384765625	-7.01293945312501E-07	-1.5045166015625E-06	-8.0322265625E-07	-1.69095557112087E-07	-343820.71875	1.73881071532378E-05
253	158.964296598654	0.236053466796875	0.236114501953125	-6.9549560546875E-07	-1.5087890625E-06	-8.1329345703125E-07	-1.64216601206135E-07	-339491	1.73531880136579E-05
254	159.014296598527	0.23101806640625	0.231048583984375	-6.903076171875E-07	-1.513671875E-06	-8.23364257812501E-07	-1.59494589979658E-07	-334703.8125	1.73185417224886E-05
255	159.064296598401	0.225982666015625	0.2259521484375	-6.84509277343751E-07	-1.519775390625E-06	-8.3526611328125E-07	-1.54666338403331E-07	-330093.625	1.72841719177086E-05
256	159.114296598275	0.220947265625	0.220947265625	-6.7901611328125E-07	-1.52740478515625E-06	-8.48388671875E-07	-1.50026750134202E-07	-325393.28125	1.72500840562861E-05
257	159.164296598149	0.215911865234375	0.215911865234375	-6.7291259765625E-07	-1.53594970703125E-06	-8.63037109375001E-07	-1.4528980329942E-07	-320861.6875	1.72162854141789E-05
258	159.214296598023	0.21087646484375	0.2109375	-6.671142578125E-07	-1.54693603515625E-06	-8.79821777343751E-07	-1.407194076819E-07	-316193.96875	1.71827850863338E-05
259	159.264296597896	0.205841064453125	0.205810546875	-6.6070556640625E-07	-1.5594482421875E-06	-8.9874267578125E-07	-1.35980172899508E-07	-311501.15625	1.7149588529719E-05
260	159.31429659777	0.2008056640625	0.200836181640625	-6.54296875E-07	-1.5740966796875E-06	-9.197998046875E-07	-1.31406480363694E-07	-306949.625	1.71167139342288E-05
261	159.364296597644	0.195770263671875	0.195770263671875	-6.47583007812499E-07	-1.59149169921875E-06	-9.43908691406251E-07	-1.26777493392183E-07	-302309.15625	1.70841667568311E-05
262	159.414296597518	0.19073486328125	0.190704345703125	-6.4117431640625E-07	-1.61224365234375E-06	-9.71069335937501E-07	-1.22274727232252E-07	-297429.78125	1.70519488165155E-05
263	159.464296597391	0.185699462890625	0.185760498046875	-6.3446044921875E-07	-1.6357421875E-06	-1.00128173828125E-06	-1.17857688053391E-07	-292785	1.70200564753031E-05
264	159.514296597265	0.1806640625	0.1806640625	-6.26525878906251E-07	-1.663818359375E-06	-1.03729248046875E-06	-1.13190715467226E-07	-288358.5	1.69885333889397E-05
265	159.564296597139	0.175628662109375	0.1756591796875	-6.18591308593749E-07	-1.69586181640625E-06	-1.0772705078125E-06	-1.08661240005858E-07	-283966.46875	1.69574050232768E-05
266	159.614296597013	0.17059326171875	0.170623779296875	-6.09741210937501E-07	-1.73431396484375E-06	-1.12457275390625E-06	-1.04036352865933E-07	-279829.8125	1.69266968441661E-05
267	159.664296596886	0.165557861328125	0.16558837890625	-6.00280761718749E-07	-1.77886962890625E-06	-1.1785888671875E-06	-9.93995215026189E-08	-275851.53125	1.68964452313958E-05
268	159.71429659676	0.1605224609375	0.16058349609375	-5.902099609375E-07	-1.8316650390625E-06	-1.241455078125E-06	-9.47779739135513E-08	-272078.59375	1.6866682926775E-05
269	159.764296596634	0.155487060546875	0.155487060546875	-5.77697753906251E-07	-1.893310546875E-06	-1.31561279296875E-06	-8.98245247071827E-08	-269149.5	1.68374863278586E-05
270	159.814296596508	0.15045166015625	0.150482177734375	-5.63964843750001E-07	-1.96563720703125E-06	-1.40167236328125E-06	-8.48666559249978E-08	-266829.03125	1.68089445651276E-05
271	159.864296596381	0.145416259765625	0.145538330078125	-5.474853515625E-07	-2.0513916015625E-06	-1.50390625E-06	-7.96800989633084E-08	-265830.5625	1.6781157682999E-05
272	159.914296596255	0.140380859375	0.140411376953125	-5.2825927734375E-07	-2.14996337890625E-06	-1.6217041015625E-06	-7.41736059239884E-08	-265800.125	1.67542639246676E-05
273	159.964296596129	0.135345458984375	0.13543701171875	-5.04150390624999E-07	-2.2650146484375E-06	-1.7608642578125E-06	-6.8280620268979E-08	-268644.09375	1.67284542840207E-05
274	160.014296596003	0.13031005859375	0.130340576171875	-4.7454833984375E-07	-2.3980712890625E-06	-1.92352294921875E-06	-6.18529014673186E-08	-274662.375	1.67039870575536E-05
275	160.064296595876	0.125274658203125	0.125396728515625	-4.4097900390625E-07	-2.55218505859375E-06	-2.1112060546875E-06	-5.52973240530719E-08	-284359.875	1.66810987138888E-05
276	160.11429659575	0.1202392578125	0.120269775390625	-4.00390624999999E-07	-2.72552490234375E-06	-2.32513427734375E-06	-4.81548880770788E-08	-300381.125	1.66600639204262E-05
277	160.164296595624	0.115203857421875	0.115264892578125	-3.5369873046875E-07	-2.921142578125E-06	-2.56744384765625E-06	-4.07690450288101E-08	-325884.40625	1.66412119142478E-05
278	160.214296595498	0.11016845703125	0.1102294921875	-3.0029296875E-07	-3.1396484375E-06	-2.83935546875E-06	-3.31011413834403E-08	-367073.1875	1.66248628374888E-05
279	160.264296595372	0.105133056640625	0.105194091796875	-2.40173339843749E-07	-3.380126953125E-06	-3.13995361328125E-06	-2.52648160170565E-08	-437992.375	1.66113513841992E-05
280	160.314296595245	0.10009765625	0.10015869140625	-1.7425537109375E-07	-3.64044189453125E-06	-3.4661865234375E-06	-1.74531891161678E-08	-574781.125	1.66009904205566E-05
281	160.364296595119	0.095062255859375	0.095184326171875	-1.025390625E-07	-3.91510009765625E-06	-3.81256103515625E-06	-9.76011182984848E-09	-928273.8125	1.65940691658761E-05
282	160.414296594993	0.09002685546875	0.090087890625	-2.41088867187503E-08	-4.20745849609375E-06	-4.183349609375E-06	-2.17191864493316E-09	-3736709	1.6590904124314E-05
283	160.464296594867	0.084991455078125	0.085052490234375	5.31005859375003E-08	-4.510498046875E-06	-4.5635986328125E-06	4.51633708209442E-09	1601724.125	1.65916280820966E-05
284	160.51429659474	0.0799560546875	0.0799560546875	1.300048828125E-07	-4.815673828125E-06	-4.9456787109375E-06	1.03946771190522E-08	615023.5	1.65962064784253E-05
285	160.564296594614	0.074920654296875	0.074920654296875	2.00500488281249E-07	-5.120849609375E-06	-5.32135009765625E-06	1.50216266092684E-08	373668.21875	1.66044683282962E-05
286	160.614296594488	0.06988525390625	0.069915771484375	2.63671875E-07	-5.413818359375E-06	-5.677490234375E-06	1.84348216691888E-08	265162.0625	1.66160734806908E-05
287	160.664296594362	0.064849853515625	0.0648193359375	3.14941406249999E-07	-5.6884765625E-06	-6.00341796875E-06	2.04142924786765E-08	205813.96875	1.66305380844278E-05
288	160.714296594235	0.059814453125	0.059814453125	3.466796875E-07	-5.9356689453125E-06	-6.2823486328125E-06	2.07364561077839E-08	172535.21875	1.66470781550743E-05
289	160.764296594109	0.054779052734375	0.054779052734375	3.570556640625E-07	-6.15234375E-06	-6.5093994140625E-06	1.95591702834008E-08	153418.8125	1.66646732395748E-05
290	160.814296593983	0.04974365234375	0.0497894287109375	3.40576171875E-07	-6.329345703125E-06	-6.669921875E-06	1.69570917307738E-08	146191.765625	1.6682113709976E-05
291	160.864296593857	0.044708251953125	0.0447998046875	3.04260253906249E-07	-6.45751953125E-06	-6.76177978515625E-06	1.36307996001506E-08	147241.71875	1.66982335940702E-05
292	160.91429659373	0.0396728515625	0.0397247314453125	2.35595703124999E-07	-6.536865234375E-06	-6.7724609375E-06	9.35897492837512E-09	168613.984375	1.67117304954445E-05
293	160.964296593604	0.034637451171875	0.0347259521484375	1.39465332031249E-07	-6.5643310546875E-06	-6.70379638671875E-06	4.8430663923682E-09	248993.453125	1.67211073858198E-05
294	161.014296593478	0.02960205078125	0.0296630859375	1.8310546875E-08	-6.54296875E-06	-6.561279296875E-06	5.43147304910008E-10	1620000.125	1.67250509548467E-05
295	161.064296593352	0.024566650390625	0.024664306640625	-1.2359619140625E-07	-6.4727783203125E-06	-6.34918212890625E-06	-3.04841440978976E-09	-199555.546875	1.67224188771797E-05
296	161.114296593226	0.01953125	0.0195892333984375	-2.850341796875E-07	-6.35986328125E-06	-6.0748291015625E-06	-5.58360113700473E-09	-68725.9140625	1.67122034326894E-05
297	161.164296593099	0.014495849609375	0.014581298828125	-4.5928955078125E-07	-6.21337890625E-06	-5.75408935546875E-06	-6.69703803524158E-09	-31747.5078125	1.66935951710911E-05
298	161.214296592973	0.00946044921875	0.009539794921875	-6.41479492187499E-07	-6.04248046875E-06	-5.4010009765625E-06	-6.1195826184246E-09	-14871.5517578125	1.66660756804049E-05
299	161.264296592847	0.004425048828125	0.00451049804687501	-8.258056640625E-07	-5.8502197265625E-06	-5.0244140625E-06	-3.72479491694833E-09	-5461.9365234375	1.6629393940093E-05
300	161.314296592721	-0.0006103515625	-0.000509643554687494	-1.00830078125E-06	-5.65185546875E-06	-4.6435546875E-06	5.13873998908565E-10	505.447998046875	1.65835408552084E-05
301	161.364296592594	-0.005645751953125	-0.00556030273437499	-1.18682861328125E-06	-5.450439453125E-06	-4.26361083984375E-06	6.59912613443225E-09	4685.0087890625	1.65286637638928E-05
302	161.414296592468	-0.01068115234375	-0.0105560302734375	-1.34979248046875E-06	-5.2459716796875E-06	-3.89617919921875E-06	1.42484495313511E-08	7820.48388671875	1.6465248336317E-05
303	161.464296592342	-0.015716552734375	-0.0156341552734375	-1.4990234375E-06	-5.0506591796875E-06	-3.5516357421875E-06	2.34359642803383E-08	10429.560546875	1.63940276252106E-05
304	161.514296592216	-0.020751953125	-0.020623779296875	-1.63177490234375E-06	-4.864501953125E-06	-3.23272705078125E-06	3.3653364539532E-08	12638.86328125	1.6315756511176E-05
305	161.564296592089	-0.025787353515625	-0.025677490234375	-1.74774169921875E-06	-4.6905517578125E-06	-2.94281005859375E-06	4.48776198425094E-08	14691.8115234375	1.62312699103495E-05
306	161.614296591963	-0.03082275390625	-0.030670166015625	-1.8450927734375E-06	-4.52880859375E-06	-2.6837158203125E-06	5.65893003567908E-08	16622.560546875	1.61414482136024E-05
307	161.664296591837	-0.035858154296875	-0.0357330322265625	-1.92535400390625E-06	-4.3798828125E-06	-2.45452880859375E-06	6.87987338210405E-08	18559.203125	1.60471881827107E-05
308	161.714296591711	-0.0408935546875	-0.0407440185546875	-1.9903564453125E-06	-4.2449951171875E-06	-2.254638671875E-06	8.10951163998652E-08	20470.71484375	1.59492938109906E-05
309	161.764296591584	-0.045928955078125	-0.0457855224609375	-2.0404052734375E-06	-4.12353515625E-06	-2.0831298828125E-06	9.34210220293608E-08	22439.427734375	1.5848525436013E-05
310	161.814296591458	-0.05096435546875	-0.050811767578125	-2.0751953125E-06	-4.014892578125E-06	-1.939697265625E-06	1.05444335929405E-07	24485.294921875	1.57456361193908E-05
311	161.864296591332	-0.055999755859375	-0.055938720703125	-2.1026611328125E-06	-3.91815185546875E-06	-1.81549072265625E-06	1.17620167827681E-07	26603.775390625	1.56411897478392E-05
312	161.914296591206	-0.06103515625	-0.0609130859375	-2.119140625E-06	-3.83087158203125E-06	-1.71173095703125E-06	1.29083389310836E-07	28744.240234375	1.55356447066879E-05
313	161.964296591079	-0.066070556640625	-0.06597900390625	-2.12799072265625E-06	-3.75335693359375E-06	-1.6253662109375E-06	1.40402704573717E-07	31005.306640625	1.54294666572241E-05
314	162.014296590953	-0.07110595703125	-0.07098388671875	-2.1307373046875E-06	-3.685302734375E-06	-1.5545654296875E-06	1.51248016777572E-07	33314.234375	1.53229975694558E-05
315	162.064296590827	-0.076141357421875	-0.0760498046875	-2.1282958984375E-06	-3.6236572265625E-06	-1.495361328125E-06	1.61856476665889E-07	35732.72265625	1.52165221152245E-05
316	162.114296590701	-0.0811767578125	-0.081085205078125	-2.1221923828125E-06	-3.56903076171875E-06	-1.44683837890625E-06	1.72078401305953E-07	38208.2265625	1.51102594827535E-05
317	162.164296590575	-0.086212158203125	-0.08612060546875	-2.11273193359375E-06	-3.52081298828125E-06	-1.4080810546875E-06	1.81949744160192E-07	40762.67578125	1.50043861140148E-05
318	162.214296590448	-0.09124755859375	-0.09124755859375	-2.10205078125E-06	-3.477783203125E-06	-1.375732421875E-06	1.91807004057409E-07	43408.828125	1.48990166053409E-05
319	162.264296590322	-0.096282958984375	-0.09619140625	-2.0892333984375E-06	-3.43963623046875E-06	-1.35040283203125E-06	2.00966283614434E-07	46041.48828125	1.47942346302443E-05
320	162.314296590196	-0.101318359375	-0.10125732421875	-2.0758056640625E-06	-3.40576171875E-06	-1.3299560546875E-06	2.10190535199217E-07	48779.76953125	1.46901093103224E-05
321	162.36429659007	-0.106353759765625	-0.106201171875	-2.06085205078125E-06	-3.37554931640625E-06	-1.314697265625E-06	2.18864897760795E-07	51532.65234375	1.45866924867732E-05
322	162.414296589943	-0.11138916015625	-0.111328125	-2.0458984375E-06	-3.34808349609375E-06	-1.30218505859375E-06	2.27766022931064E-07	54415.27734375	1.44840232678689E-05
323	162.464296589817	-0.116424560546875	-0.1163330078125	-2.0306396484375E-06	-3.323974609375E-06	-1.2933349609375E-06	2.3623040590337E-07	57288.8515625	1.43821098390617E-05
324	162.514296589691	-0.1214599609375	-0.121368408203125	-2.0166015625E-06	-3.30322265625E-06	-1.28662109375E-06	2.44751703348811E-07	60184.62890625	1.42809294629842E-05
325	162.564296589565	-0.126495361328125	-0.126373291015625	-2.00225830078125E-06	-3.28460693359375E-06	-1.2823486328125E-06	2.53031970487427E-07	63115.37890625	1.41804575832793E-05
326	162.614296589438	-0.13153076171875	-0.131439208984375	-1.98760986328125E-06	-3.267822265625E-06	-1.28021240234375E-06	2.61249851973844E-07	66129.28125	1.40807114803465E-05
327	162.664296589312	-0.136566162109375	-0.136474609375	-1.97357177734375E-06	-3.253173828125E-06	-1.27960205078125E-06	2.69342422143382E-07	69151.078125	1.3981681149744E-05
328	162.714296589186	-0.1416015625	-0.14154052734375	-1.9598388671875E-06	-3.2403564453125E-06	-1.280517578125E-06	2.77396623005188E-07	72220.5	1.38833465825883E-05
329	162.76429658906	-0.146636962890625	-0.146514892578125	-1.947021484375E-06	-3.22998046875E-06	-1.282958984375E-06	2.85267645949716E-07	75250.78125	1.37856750370702E-05
330	162.814296588933	-0.15167236328125	-0.151611328125	-1.934814453125E-06	-3.2208251953125E-06	-1.2860107421875E-06	2.93339780910173E-07	78359.6171875	1.36886292239069E-05
331	162.864296588807	-0.156707763671875	-0.15655517578125	-1.92230224609375E-06	-3.2122802734375E-06	-1.28997802734375E-06	3.00946339848451E-07	81441.5078125	1.35922009576461E-05
332	162.914296588681	-0.1617431640625	-0.161651611328125	-1.910400390625E-06	-3.20526123046875E-06	-1.29486083984375E-06	3.0881932389093E-07	84616.609375	1.34963829623302E-05
333	162.964296588555	-0.166778564453125	-0.1666259765625	-1.89849853515625E-06	-3.20037841796875E-06	-1.3018798828125E-06	3.16339168193736E-07	87767.2421875	1.3401160686044E-05
334	163.014296588428	-0.17181396484375	-0.171630859375	-1.88812255859375E-06	-3.19580078125E-06	-1.30767822265625E-06	3.24060096090761E-07	90900.28125	1.33064950205153E-05
335	163.064296588302	-0.176849365234375	-0.176727294921875	-1.87774658203125E-06	-3.19366455078125E-06	-1.31591796875E-06	3.31849065560164E-07	94116.6953125	1.32123486764613E-05
336	163.114296588176	-0.181884765625	-0.18170166015625	-1.86798095703125E-06	-3.19183349609375E-06	-1.3238525390625E-06	3.39415237249341E-07	97271.6875	1.31187052829773E-05
337	163.16429658805	-0.186920166015625	-0.186798095703125	-1.85821533203125E-06	-3.19244384765625E-06	-1.334228515625E-06	3.47111097198649E-07	100525.5390625	1.30255502881482E-05
338	163.214296587924	-0.19195556640625	-0.1917724609375	-1.84967041015625E-06	-3.1939697265625E-06	-1.34429931640625E-06	3.54715837147523E-07	103679.2578125	1.29328536786488E-05
339	163.264296587797	-0.196990966796875	-0.19683837890625	-1.842041015625E-06	-3.19610595703125E-06	-1.35406494140625E-06	3.62584358981621E-07	106858.8515625	1.2840560884797E-05
340	163.314296587671	-0.2020263671875	-0.201904296875	-1.8341064453125E-06	-3.19976806640625E-06	-1.36566162109375E-06	3.70313955500023E-07	110083.203125	1.27486573546776E-05
