Potential - Start 1.505 V, Stop -0.205 V, Step -0.005 V; Modulation - Amplitude -0.05 V, Time 0.025 s, Interval time 0.05 s
Index	Base.Time (s)	Potential applied (V)	WE(1).Base.Potential (V)	WE(1).Base.Current (A)	WE(1).Pulse.Current (A)	WE(1).δ.Current (A)	WE(1).Base.Power (W)	WE(1).Base.Resistance (Ω)	WE(1).Base.Charge (C)
1	163.867620586274	1.50497436523438	1.50482177734375	4.33013916015625E-06	3.64532470703125E-06	-6.84814453124999E-07	6.51608706903062E-06	347522.75	0
2	163.917620586148	1.49993896484375	1.49993896484375	4.38934326171875E-06	3.65234375E-06	-7.3699951171875E-07	6.58374710837961E-06	341722.875	2.17987050632473E-07
3	163.967620586022	1.49490356445313	1.49444580078125	4.35546875E-06	3.6376953125E-06	-7.177734375E-07	6.50901210974553E-06	343119.40625	4.36607365372765E-07
4	164.017620585895	1.4898681640625	1.48956298828125	4.3157958984375E-06	3.619384765625E-06	-6.96411132812499E-07	6.42864961264422E-06	345142.15625	6.53388951832312E-07
5	164.067620585769	1.48483276367188	1.4849853515625	4.276123046875E-06	3.60107421875E-06	-6.75048828125E-07	6.34998013993027E-06	347273.78125	8.68186930347292E-07
6	164.117620585643	1.47979736328125	1.47979736328125	4.23858642578125E-06	3.5821533203125E-06	-6.56433105468748E-07	6.27224881100119E-06	349125.21875	1.0810546200446E-06
7	164.167620585517	1.47476196289063	1.474609375	4.2034912109375E-06	3.564453125E-06	-6.39038085937499E-07	6.19850743532879E-06	350805.875	1.29210661725665E-06
8	164.21762058539	1.4697265625	1.4697265625	4.171142578125E-06	3.5479736328125E-06	-6.23168945312499E-07	6.13043857811135E-06	352355.875	1.50147241129162E-06
9	164.267620585264	1.46469116210938	1.46484375	4.140625E-06	3.53179931640625E-06	-6.0882568359375E-07	6.06536832492566E-06	353773.625	1.70926659848192E-06
10	164.317620585138	1.45965576171875	1.45965576171875	4.112548828125E-06	3.51654052734375E-06	-5.96008300781251E-07	6.00290513830259E-06	354927.3125	1.91559593076818E-06
11	164.367620585012	1.45462036132813	1.45477294921875	4.08599853515625E-06	3.502197265625E-06	-5.83801269531248E-07	5.94420043853461E-06	356038.53125	2.12055965675972E-06
12	164.417620584885	1.4495849609375	1.4495849609375	4.0618896484375E-06	3.48876953125E-06	-5.731201171875E-07	5.88805414736271E-06	356874.53125	2.32425691137905E-06
13	164.467620584759	1.44454956054688	1.44439697265625	4.03900146484375E-06	3.475341796875E-06	-5.63659667968749E-07	5.83392147746054E-06	357612.40625	2.52677909884369E-06
14	164.517620584633	1.43951416015625	1.43951416015625	4.0179443359375E-06	3.46282958984375E-06	-5.55114746093752E-07	5.78388790017925E-06	358271.3125	2.72820284408226E-06
15	164.567620584507	1.43447875976563	1.43463134765625	3.99810791015625E-06	3.45062255859375E-06	-5.47485351562502E-07	5.73581064600148E-06	358827.59375	2.92860408990236E-06
16	164.61762058438	1.429443359375	1.429443359375	3.97979736328125E-06	3.43902587890625E-06	-5.40771484375003E-07	5.68889481655788E-06	359174.90625	3.12805173052766E-06
17	164.667620584254	1.42440795898438	1.424560546875	3.9630126953125E-06	3.42803955078125E-06	-5.3497314453125E-07	5.64555148230284E-06	359464.03125	3.32662193613942E-06
18	164.717620584128	1.41937255859375	1.41876220703125	3.946533203125E-06	3.4173583984375E-06	-5.29174804687499E-07	5.59919180886936E-06	359495.84375	3.52436063622008E-06
19	164.767620584002	1.41433715820313	1.41448974609375	3.931884765625E-06	3.406982421875E-06	-5.2490234375E-07	5.5616105782974E-06	359748.53125	3.7213210362097E-06
20	164.817620583876	1.4093017578125	1.40960693359375	3.91754150390625E-06	3.397216796875E-06	-5.2032470703125E-07	5.52219353266992E-06	359819.28125	3.91755656892201E-06
21	164.867620583749	1.40426635742188	1.40472412109375	3.9044189453125E-06	3.387451171875E-06	-5.16967773437499E-07	5.48463140148669E-06	359778.03125	4.11310566050815E-06
22	164.917620583623	1.39923095703125	1.39892578125	3.8916015625E-06	3.37860107421875E-06	-5.13000488281248E-07	5.44406157132471E-06	359473.03125	4.30800628237193E-06
23	164.967620583497	1.39419555664063	1.39434814453125	3.87969970703125E-06	3.36944580078125E-06	-5.1025390625E-07	5.40965220352518E-06	359395.875	4.50228890258586E-06
24	165.017620583371	1.38916015625	1.38916015625	3.8690185546875E-06	3.36029052734375E-06	-5.0872802734375E-07	5.37468667971552E-06	359047.15625	4.69600672658999E-06
25	165.067620583244	1.38412475585938	1.38397216796875	3.8580322265625E-06	3.35174560546875E-06	-5.06286621093749E-07	5.3394087444758E-06	358724.90625	4.8891829464992E-06
26	165.117620583118	1.37908935546875	1.37908935546875	3.84857177734375E-06	3.34381103515625E-06	-5.04760742187502E-07	5.30752458871575E-06	358337.9375	5.08184803038603E-06
27	165.167620582992	1.37405395507813	1.37359619140625	3.839111328125E-06	3.3355712890625E-06	-5.035400390625E-07	5.27338852407411E-06	357790.15625	5.27404017702793E-06
28	165.217620582866	1.3690185546875	1.36871337890625	3.83056640625E-06	3.32763671875E-06	-5.02929687500001E-07	5.24294728165842E-06	357313.59375	5.46578212379245E-06
29	165.267620582739	1.36398315429688	1.36383056640625	3.822021484375E-06	3.3197021484375E-06	-5.02319335937498E-07	5.21258971275529E-06	356834.875	5.65709660804714E-06
30	165.317620582613	1.35894775390625	1.358642578125	3.8140869140625E-06	3.3123779296875E-06	-5.01708984375002E-07	5.18198066856712E-06	356217	5.84799954594928E-06
31	165.367620582487	1.35391235351563	1.353759765625	3.80645751953125E-06	3.304443359375E-06	-5.0201416015625E-07	5.15302917847293E-06	355648.21875	6.03851322011906E-06
32	165.417620582361	1.348876953125	1.34857177734375	3.7994384765625E-06	3.29803466796875E-06	-5.0140380859375E-07	5.12381529915729E-06	354939.75	6.22866036792402E-06
33	165.467620582234	1.34384155273438	1.34368896484375	3.79241943359375E-06	3.29071044921875E-06	-5.01708984374999E-07	5.09583196617314E-06	354309.15625	6.41845690552145E-06
34	165.517620582108	1.33880615234375	1.339111328125	3.7860107421875E-06	3.2830810546875E-06	-5.02929687500001E-07	5.06988999404712E-06	353699.84375	6.60791783957393E-06
35	165.567620581982	1.33377075195313	1.33392333984375	3.7799072265625E-06	3.2757568359375E-06	-5.04150390625002E-07	5.04210629515001E-06	352898.4375	6.79706545270164E-06
36	165.617620581856	1.3287353515625	1.32843017578125	3.7738037109375E-06	3.26934814453125E-06	-5.04455566406251E-07	5.01323484058958E-06	352013.59375	6.98590838510427E-06
37	165.667620581729	1.32369995117188	1.32354736328125	3.76800537109375E-06	3.2623291015625E-06	-5.05676269531249E-07	4.98713325214339E-06	351259.4375	7.17445345799206E-06
38	165.717620581603	1.31866455078125	1.3189697265625	3.76220703125E-06	3.25592041015625E-06	-5.06286621093752E-07	4.96223719892441E-06	350584.0625	7.36270885681733E-06
39	165.767620581477	1.31362915039063	1.31378173828125	3.7567138671875E-06	3.2489013671875E-06	-5.07812499999999E-07	4.93550214741845E-06	349715.6875	7.55068185753771E-06
40	165.817620581351	1.30859375	1.30859375	3.7518310546875E-06	3.24249267578125E-06	-5.09338378906249E-07	4.9096224756795E-06	348788.03125	7.73839565226808E-06
41	165.867620581225	1.30355834960938	1.30340576171875	3.74664306640625E-06	3.23638916015625E-06	-5.1025390625E-07	4.88339583171182E-06	347886.3125	7.92585706221871E-06
42	165.917620581098	1.29852294921875	1.29852294921875	3.74176025390625E-06	3.22967529296875E-06	-5.12084960937501E-07	4.8587612582196E-06	347035.34375	8.11306745163165E-06
43	165.967620580972	1.29348754882813	1.29364013671875	3.73687744140625E-06	3.2232666015625E-06	-5.1361083984375E-07	4.83417443319922E-06	346182.125	8.30003318696981E-06
44	166.017620580846	1.2884521484375	1.28814697265625	3.73199462890625E-06	3.2171630859375E-06	-5.14831542968749E-07	4.8073575271701E-06	345163.125	8.4867551777279E-06
45	166.06762058072	1.28341674804688	1.282958984375	3.72711181640625E-06	3.21075439453125E-06	-5.16357421875E-07	4.78173160445294E-06	344223.375	8.67323251441121E-06
46	166.117620580593	1.27838134765625	1.278076171875	3.72314453125E-06	3.2037353515625E-06	-5.194091796875E-07	4.75846218250808E-06	343278.71875	8.85948884388199E-06
47	166.167620580467	1.27334594726563	1.27349853515625	3.71917724609375E-06	3.19671630859375E-06	-5.22460937499999E-07	4.73636646347586E-06	342414.0625	9.04554690350778E-06
48	166.217620580341	1.268310546875	1.26861572265625	3.71551513671875E-06	3.189697265625E-06	-5.25817871093751E-07	4.7135608838289E-06	341437.375	9.23141487874091E-06
49	166.267620580215	1.26327514648438	1.263427734375	3.71124267578125E-06	3.1817626953125E-06	-5.2947998046875E-07	4.68888674731716E-06	340432.5625	9.41708367463434E-06
50	166.317620580088	1.25823974609375	1.25823974609375	3.70849609375E-06	3.17291259765625E-06	-5.3558349609375E-07	4.66617711936124E-06	339285.71875	9.60257693805033E-06
51	166.367620579962	1.25320434570313	1.25335693359375	3.7054443359375E-06	3.1646728515625E-06	-5.40771484375E-07	4.64424419988063E-06	338247.40625	9.78792559180874E-06
52	166.417620579836	1.2481689453125	1.2481689453125	3.7030029296875E-06	3.1549072265625E-06	-5.48095703124998E-07	4.62197340311832E-06	337069.40625	9.97313691186719E-06
53	166.46762057971	1.24313354492188	1.24267578125	3.70086669921875E-06	3.14361572265625E-06	-5.57250976562498E-07	4.59897728433134E-06	335779.6875	1.01582336355932E-05
54	166.517620579583	1.23809814453125	1.23809814453125	3.69964599609375E-06	3.13140869140625E-06	-5.682373046875E-07	4.58052500107442E-06	334653.15625	1.03432466858067E-05
55	166.567620579457	1.23306274414063	1.23321533203125	3.69842529296875E-06	3.11798095703125E-06	-5.80444335937499E-07	4.56095449408167E-06	333443.375	1.05281978903804E-05
56	166.617620579331	1.22802734375	1.22772216796875	3.6981201171875E-06	3.1024169921875E-06	-5.95703124999999E-07	4.54026394436369E-06	331985.46875	1.07131118056714E-05
57	166.667620579205	1.22299194335938	1.2225341796875	3.69873046875E-06	3.084716796875E-06	-6.14013671875E-07	4.52182439403259E-06	330528.0625	1.08980329969199E-05
58	166.717620579078	1.21795654296875	1.2176513671875	3.699951171875E-06	3.06427001953125E-06	-6.35681152343748E-07	4.50525067208218E-06	329099.3125	1.10829996629036E-05
59	166.767620578952	1.21292114257813	1.21307373046875	3.70208740234375E-06	3.0413818359375E-06	-6.6070556640625E-07	4.49090475740377E-06	327672.90625	1.12680509118945E-05
60	166.817620578826	1.2078857421875	1.2078857421875	3.7060546875E-06	3.01513671875E-06	-6.90917968749999E-07	4.47649017587537E-06	325922.28125	1.14532540465007E-05
61	166.8676205787	1.20285034179688	1.2030029296875	3.7115478515625E-06	2.98431396484375E-06	-7.27233886718751E-07	4.46500280304463E-06	324124.3125	1.16386945592239E-05
62	166.917620578574	1.19781494140625	1.197509765625	3.71826171875E-06	2.94830322265625E-06	-7.69958496093748E-07	4.45265459347866E-06	322061.71875	1.18244397526723E-05
63	166.967620578447	1.19277954101563	1.19293212890625	3.72650146484375E-06	2.90557861328125E-06	-8.209228515625E-07	4.44546321887174E-06	320121.21875	1.20105587484431E-05
64	167.017620578321	1.187744140625	1.187744140625	3.73779296875E-06	2.8564453125E-06	-8.81347656250001E-07	4.43954149886849E-06	317766.1875	1.21971661428688E-05
65	167.067620578195	1.18270874023438	1.18255615234375	3.75152587890625E-06	2.7978515625E-06	-9.5367431640625E-07	4.43639009972685E-06	315220.0625	1.23843992696493E-05
66	167.117620578069	1.17767333984375	1.1773681640625	3.76800537109375E-06	2.7288818359375E-06	-1.03912353515625E-06	4.43632916358183E-06	312464.59375	1.25723872770322E-05
67	167.167620577942	1.17263793945313	1.17218017578125	3.78875732421875E-06	2.64801025390625E-06	-1.1407470703125E-06	4.44110628450289E-06	309383.8125	1.27613066069898E-05
68	167.217620577816	1.1676025390625	1.16790771484375	3.8134765625E-06	2.55340576171875E-06	-1.26007080078125E-06	4.45378873337177E-06	306258	1.29513618958299E-05
69	167.26762057769	1.16256713867188	1.1627197265625	3.843994140625E-06	2.44171142578125E-06	-1.40228271484375E-06	4.46948752141907E-06	302477	1.3142798707122E-05
70	167.317620577564	1.15753173828125	1.15753173828125	3.8800048828125E-06	2.3114013671875E-06	-1.568603515625E-06	4.49122899226495E-06	298332.53125	1.33358989842236E-05
71	167.367620577437	1.15249633789063	1.15203857421875	3.9227294921875E-06	2.15850830078125E-06	-1.76422119140625E-06	4.5191354729468E-06	293682.90625	1.35309674078599E-05
72	167.417620577311	1.1474609375	1.14715576171875	3.973388671875E-06	1.9805908203125E-06	-1.9927978515625E-06	4.55809549748665E-06	288709.6875	1.37283705043956E-05
73	167.467620577185	1.14242553710938	1.142578125	4.031982421875E-06	1.77490234375E-06	-2.257080078125E-06	4.60685487269075E-06	283378.75	1.39285048135207E-05
74	167.517620577059	1.13739013671875	1.1370849609375	4.10003662109375E-06	1.5399169921875E-06	-2.56011962890625E-06	4.66208985017147E-06	277335.3125	1.41318050737027E-05
75	167.567620576932	1.13235473632813	1.1322021484375	4.178466796875E-06	1.27166748046875E-06	-2.90679931640625E-06	4.73086856800364E-06	270961.15625	1.43387678690488E-05
76	167.617620576806	1.1273193359375	1.1273193359375	4.2681884765625E-06	9.68322753906251E-07	-3.29986572265625E-06	4.81161123389029E-06	264121.28125	1.45499343489064E-05
77	167.66762057668	1.12228393554688	1.1224365234375	4.3701171875E-06	6.29577636718751E-07	-3.74053955078125E-06	4.90517913931399E-06	256843.578125	1.4765892046853E-05
78	167.717620576554	1.11724853515625	1.11724853515625	4.4830322265625E-06	2.55126953125E-07	-4.2279052734375E-06	5.00866099173436E-06	249217.15625	1.49872203110135E-05
79	167.767620576427	1.11221313476563	1.11236572265625	4.6051025390625E-06	-1.52587890625E-07	-4.7576904296875E-06	5.12255792273208E-06	241550.703125	1.52144239109475E-05
80	167.817620576301	1.107177734375	1.107177734375	4.7393798828125E-06	-5.950927734375E-07	-5.33447265625E-06	5.24733559359447E-06	233612.375	1.54480367200449E-05
81	167.867620576175	1.10214233398438	1.102294921875	4.8797607421875E-06	-1.06719970703125E-06	-5.94696044921875E-06	5.37893538421486E-06	225891.1875	1.56885143951513E-05
82	167.917620576049	1.09710693359375	1.09649658203125	5.023193359375E-06	-1.56280517578125E-06	-6.58599853515625E-06	5.50791446585208E-06	218286.75	1.59360879479209E-05
83	167.967620575923	1.09207153320313	1.0919189453125	5.1666259765625E-06	-2.0770263671875E-06	-7.24365234375E-06	5.64153651794186E-06	211340.828125	1.61908337759087E-05
84	168.017620575796	1.0870361328125	1.08673095703125	5.3009033203125E-06	-2.60650634765625E-06	-7.90740966796875E-06	5.76065531276981E-06	205008.640625	1.64525226864498E-05
85	168.06762057567	1.08200073242188	1.08184814453125	5.419921875E-06	-3.14208984375E-06	-8.56201171875E-06	5.86353235121351E-06	199605.859375	1.67205416801153E-05
86	168.117620575544	1.07696533203125	1.07696533203125	5.517578125E-06	-3.6767578125E-06	-9.1943359375E-06	5.94224002270494E-06	195188.0625	1.69939794432139E-05
87	168.167620575418	1.07192993164063	1.07147216796875	5.584716796875E-06	-4.2022705078125E-06	-9.7869873046875E-06	5.98386850469979E-06	191857.921875	1.72715372173116E-05
88	168.217620575291	1.06689453125	1.06719970703125	5.621337890625E-06	-4.7119140625E-06	-1.0333251953125E-05	5.99908980802866E-06	189848	1.75516888702987E-05
89	168.267620575165	1.06185913085938	1.06201171875	5.6182861328125E-06	-5.1971435546875E-06	-1.08154296875E-05	5.96668587604654E-06	189027.703125	1.78326790774008E-05
90	168.317620575039	1.05682373046875	1.05743408203125	5.572509765625E-06	-5.6488037109375E-06	-1.12213134765625E-05	5.8925616031047E-06	189759.046875	1.81124487426132E-05
91	168.367620574913	1.05178833007813	1.0516357421875	5.4840087890625E-06	-6.060791015625E-06	-1.15447998046875E-05	5.76717957301298E-06	191764.046875	1.8388862372376E-05
92	168.417620574786	1.0467529296875	1.04705810546875	5.35888671875E-06	-6.4239501953125E-06	-1.17828369140625E-05	5.61106571694836E-06	195387.25	1.86599336302606E-05
93	168.46762057466	1.04171752929688	1.04156494140625	5.194091796875E-06	-6.732177734375E-06	-1.192626953125E-05	5.40998371434398E-06	200528.796875	1.89237598533509E-05
94	168.517620574534	1.03668212890625	1.036376953125	4.9957275390625E-06	-6.976318359375E-06	-1.19720458984375E-05	5.1774568419205E-06	207452.65625	1.91785038623493E-05
95	168.567620574408	1.03164672851563	1.03179931640625	4.7698974609375E-06	-7.1502685546875E-06	-1.1920166015625E-05	4.9215768740396E-06	216314.78125	1.94226449821144E-05
96	168.617620574281	1.026611328125	1.02691650390625	4.5166015625E-06	-7.2479248046875E-06	-1.17645263671875E-05	4.63817286799895E-06	227364.859375	1.96548080566572E-05
97	168.667620574155	1.02157592773438	1.02142333984375	4.248046875E-06	-7.2723388671875E-06	-1.15203857421875E-05	4.33905415775371E-06	240445.40625	1.98739235202083E-05
98	168.717620574029	1.01654052734375	1.0162353515625	3.963623046875E-06	-7.208251953125E-06	-1.1171875E-05	4.02797377319075E-06	256390.515625	2.00792146642925E-05
99	168.767620573903	1.01150512695313	1.0113525390625	3.66455078125E-06	-7.06787109375E-06	-1.0732421875E-05	3.70615248357353E-06	275982.6875	2.02699193323497E-05
100	168.817620573776	1.0064697265625	1.0064697265625	3.3624267578125E-06	-6.8511962890625E-06	-1.0213623046875E-05	3.38418067258317E-06	299328.375	2.04455936909653E-05
101	168.86762057365	1.00143432617188	1.00128173828125	3.05908203125E-06	-6.5643310546875E-06	-9.6234130859375E-06	3.06300285046746E-06	327314.4375	2.06061322387541E-05
102	168.917620573524	0.99639892578125	0.99639892578125	2.75482177734375E-06	-6.219482421875E-06	-8.97430419921875E-06	2.74490139418049E-06	361692.71875	2.07514804060338E-05
103	168.967620573398	0.991363525390625	0.9912109375	2.4554443359375E-06	-5.8319091796875E-06	-8.287353515625E-06	2.43386330112116E-06	403678.875	2.08817364182323E-05
104	169.017620573272	0.986328125	0.98602294921875	2.16400146484375E-06	-5.4168701171875E-06	-7.58087158203125E-06	2.1337550606404E-06	455648	2.0997222236474E-05
105	169.067620573145	0.981292724609375	0.98114013671875	1.88629150390625E-06	-4.9835205078125E-06	-6.86981201171875E-06	1.8507162167225E-06	520142.375	2.10984799196012E-05
106	169.117620573019	0.97625732421875	0.97625732421875	1.62078857421875E-06	-4.5501708984375E-06	-6.17095947265625E-06	1.58230670876947E-06	602334.75	2.11861570278415E-05
107	169.167620572893	0.971221923828125	0.97137451171875	1.3763427734375E-06	-4.1290283203125E-06	-5.50537109375E-06	1.3369442513067E-06	705765	2.12610848393524E-05
108	169.217620572767	0.9661865234375	0.9661865234375	1.15447998046875E-06	-3.72894287109375E-06	-4.8834228515625E-06	1.11544295577914E-06	836901.9375	2.13243547477759E-05
109	169.26762057264	0.961151123046875	0.9613037109375	9.5672607421875E-07	-3.35235595703125E-06	-4.30908203125E-06	9.19704291391099E-07	1004784.75	2.13771363632986E-05
110	169.317620572514	0.95611572265625	0.95611572265625	7.8582763671875E-07	-3.00384521484375E-06	-3.7896728515625E-06	7.51342156490864E-07	1216699	2.14206993405242E-05
111	169.367620572388	0.951080322265625	0.95123291015625	6.43005371093749E-07	-2.6861572265625E-06	-3.32916259765625E-06	6.116478630247E-07	1479354.5	2.1456420654431E-05
112	169.417620572262	0.946044921875	0.94635009765625	5.267333984375E-07	-2.39837646484375E-06	-2.92510986328125E-06	4.9847420768856E-07	1796639.625	2.14856645470718E-05
113	169.467620572135	0.941009521484375	0.94146728515625	4.3609619140625E-07	-2.1392822265625E-06	-2.57537841796875E-06	4.10570265785282E-07	2158852.5	2.15097352338489E-05
114	169.517620572009	0.93597412109375	0.93597412109375	3.6773681640625E-07	-1.90643310546875E-06	-2.274169921875E-06	3.44192130796728E-07	2545228.25	2.15298296097899E-05
115	169.567620571883	0.930938720703125	0.93109130859375	3.22875976562501E-07	-1.70013427734375E-06	-2.02301025390625E-06	3.00626993521291E-07	2883743	2.15470954572083E-05
116	169.617620571757	0.9259033203125	0.9259033203125	2.978515625E-07	-1.5167236328125E-06	-1.8145751953125E-06	2.75781758318772E-07	3108606.5	2.156261325581E-05
117	169.66762057163	0.920867919921875	0.9210205078125	2.90527343749999E-07	-1.353759765625E-06	-1.644287109375E-06	2.67581640400749E-07	3170168	2.15773234231165E-05
118	169.717620571504	0.91583251953125	0.91583251953125	2.96936035156251E-07	-1.20849609375E-06	-1.50543212890625E-06	2.7194369067729E-07	3084275.5	2.15920099435607E-05
119	169.767620571378	0.910797119140625	0.91094970703125	3.16772460937501E-07	-1.0791015625E-06	-1.3958740234375E-06	2.88563768435779E-07	2875722.5	2.16073531191796E-05
120	169.817620571252	0.90576171875	0.90545654296875	3.47290039062501E-07	-9.63134765625E-07	-1.3104248046875E-06	3.14456030992005E-07	2607205.5	2.16239550354658E-05
121	169.867620571125	0.900726318359375	0.90057373046875	3.8604736328125E-07	-8.6029052734375E-07	-1.246337890625E-06	3.47664098399036E-07	2332806.25	2.16422868106747E-05
122	169.917620570999	0.89569091796875	0.89569091796875	4.31213378906251E-07	-7.6904296875E-07	-1.20025634765625E-06	3.86233921290113E-07	2077140.875	2.16627195186447E-05
123	169.967620570873	0.890655517578125	0.89080810546875	4.8095703125E-07	-6.89086914062501E-07	-1.1700439453125E-06	4.28440387167939E-07	1852157.5	2.1685524188797E-05
124	170.017620570747	0.8856201171875	0.88592529296875	5.316162109375E-07	-6.18896484375001E-07	-1.1505126953125E-06	4.70972224775323E-07	1666475.375	2.17108372453367E-05
125	170.067620570621	0.880584716796875	0.8807373046875	5.816650390625E-07	-5.5999755859375E-07	-1.14166259765625E-06	5.12294093368837E-07	1514165.875	2.17386696022004E-05
126	170.117620570494	0.87554931640625	0.8758544921875	6.298828125E-07	-5.084228515625E-07	-1.1383056640625E-06	5.51685673144675E-07	1390504	2.17689594137482E-05
127	170.167620570368	0.870513916015625	0.87066650390625	6.76879882812501E-07	-4.669189453125E-07	-1.143798828125E-06	5.89336650591576E-07	1286294	2.18016284634359E-05
128	170.217620570242	0.865478515625	0.86517333984375	7.220458984375E-07	-4.35485839843749E-07	-1.15753173828125E-06	6.24694848738727E-07	1198224.875	2.18366003537085E-05
129	170.267620570116	0.860443115234375	0.8599853515625	7.66601562499999E-07	-4.14428710937501E-07	-1.1810302734375E-06	6.59266106595169E-07	1121815.25	2.1873816876905E-05
130	170.317620569989	0.85540771484375	0.85540771484375	8.10852050781249E-07	-4.05273437500001E-07	-1.21612548828125E-06	6.93609081281465E-07	1054949.25	2.19132525671739E-05
131	170.367620569863	0.850372314453125	0.84991455078125	8.563232421875E-07	-4.0924072265625E-07	-1.26556396484375E-06	7.27801534594619E-07	992516.0625	2.19549328903668E-05
132	170.417620569737	0.8453369140625	0.8453369140625	9.0484619140625E-07	-4.290771484375E-07	-1.33392333984375E-06	7.64899880323355E-07	934232.75	2.19989615288796E-05
133	170.467620569611	0.840301513671875	0.84014892578125	9.54589843750001E-07	-4.6539306640625E-07	-1.41998291015625E-06	8.01997600774484E-07	880115.125	2.20454476220766E-05
134	170.517620569484	0.83526611328125	0.83526611328125	1.009521484375E-06	-5.2154541015625E-07	-1.53106689453125E-06	8.4321908389029E-07	827388.125	2.20945512410253E-05
135	170.567620569358	0.830230712890625	0.830078125	1.0687255859375E-06	-5.999755859375E-07	-1.668701171875E-06	8.87125679582823E-07	776699.0625	2.21465070353588E-05
136	170.617620569232	0.8251953125	0.8251953125	1.13555908203125E-06	-7.037353515625E-07	-1.83929443359375E-06	9.37058018735115E-07	726686.375	2.22016133193392E-05
137	170.667620569106	0.820159912109375	0.8203125	1.20849609375E-06	-8.349609375E-07	-2.04345703125E-06	9.91344450085307E-07	678787.875	2.22602157009533E-05
138	170.717620568979	0.81512451171875	0.81573486328125	1.28997802734375E-06	-9.979248046875E-07	-2.28790283203125E-06	1.05228002666991E-06	632363.4375	2.23226761590922E-05
139	170.767620568853	0.810089111328125	0.810546875	1.3812255859375E-06	-1.19537353515625E-06	-2.57659912109375E-06	1.1195479601156E-06	586831.6875	2.23894567170646E-05
140	170.817620568727	0.8050537109375	0.80535888671875	1.48345947265625E-06	-1.4306640625E-06	-2.91412353515625E-06	1.19471724246978E-06	542892.4375	2.2461073967861E-05
141	170.867620568601	0.800018310546875	0.8001708984375	1.59637451171875E-06	-1.707763671875E-06	-3.30413818359375E-06	1.27737234834058E-06	501242.625	2.25380699703237E-05
142	170.917620568474	0.79498291015625	0.79498291015625	1.71722412109375E-06	-2.02392578125E-06	-3.74114990234375E-06	1.36516382553964E-06	462946.5	2.262091038574E-05
143	170.967620568348	0.789947509765625	0.79010009765625	1.85455322265625E-06	-2.381591796875E-06	-4.23614501953125E-06	1.46528259392653E-06	426032.59375	2.27102045755601E-05
144	171.017620568222	0.784912109375	0.784912109375	2.00286865234375E-06	-2.779541015625E-06	-4.78240966796875E-06	1.57207580286922E-06	391893.96875	2.28066401177784E-05
145	171.067620568096	0.779876708984375	0.77972412109375	2.1624755859375E-06	-3.21502685546875E-06	-5.37750244140625E-06	1.68613428286335E-06	360570.15625	2.29107736231526E-05
146	171.11762056797	0.77484130859375	0.77484130859375	2.3297119140625E-06	-3.68865966796875E-06	-6.01837158203125E-06	1.80515701231343E-06	332591.0625	2.30230780289276E-05
147	171.167620567843	0.769805908203125	0.76995849609375	2.501220703125E-06	-4.193115234375E-06	-6.6943359375E-06	1.92583615898911E-06	307833.09375	2.31438516493654E-05
148	171.217620567717	0.7647705078125	0.76446533203125	2.67364501953125E-06	-4.72412109375E-06	-7.39776611328125E-06	2.04390880753635E-06	285926.28125	2.32732236327138E-05
149	171.267620567591	0.759735107421875	0.7598876953125	2.8369140625E-06	-5.2764892578125E-06	-8.1134033203125E-06	2.1557361833402E-06	267857.15625	2.34109866141807E-05
150	171.317620567465	0.75469970703125	0.75469970703125	2.987060546875E-06	-5.8380126953125E-06	-8.8250732421875E-06	2.2543335944647E-06	252656.3125	2.35565858019982E-05
151	171.367620567338	0.749664306640625	0.749481201171875	3.12042236328125E-06	-6.4117431640625E-06	-9.53216552734375E-06	2.3386978682538E-06	240185.828125	2.37092735915212E-05
152	171.417620567212	0.74462890625	0.74444580078125	3.211669921875E-06	-6.9793701171875E-06	-1.01910400390625E-05	2.39091400544567E-06	231794	2.3867576601333E-05
153	171.467620567086	0.739593505859375	0.7393798828125	3.270263671875E-06	-7.5347900390625E-06	-1.08050537109375E-05	2.41796715272358E-06	226091.84375	2.40296249103267E-05
154	171.51762056696	0.73455810546875	0.734344482421875	3.28765869140625E-06	-8.074951171875E-06	-1.13626098632813E-05	2.41427392211335E-06	223363.984375	2.41935722442577E-05
155	171.567620566833	0.729522705078125	0.7293701171875	3.26141357421875E-06	-8.587646484375E-06	-1.18490600585938E-05	2.37877748077153E-06	223636.203125	2.43572994804708E-05
156	171.617620566707	0.7244873046875	0.724365234375	3.18756103515625E-06	-9.0667724609375E-06	-1.22543334960938E-05	2.30895830100053E-06	227247.5	2.45185237872647E-05
157	171.667620566581	0.719451904296875	0.719268798828125	3.06884765625E-06	-9.5001220703125E-06	-1.25689697265625E-05	2.20732636080356E-06	234377.5	2.46749332291074E-05
158	171.717620566455	0.71441650390625	0.7142333984375	2.9083251953125E-06	-9.8846435546875E-06	-1.279296875E-05	2.07722291634127E-06	245582.375	2.48243632086087E-05
159	171.767620566328	0.709381103515625	0.709197998046875	2.70965576171875E-06	-1.0211181640625E-05	-1.29208374023437E-05	1.92168249668612E-06	261729.921875	2.49648128374247E-05
160	171.817620566202	0.704345703125	0.704193115234375	2.47711181640625E-06	-1.0467529296875E-05	-1.29446411132813E-05	1.74436513589171E-06	284279.90625	2.50944813160459E-05
161	171.867620566076	0.699310302734375	0.6990966796875	2.21527099609375E-06	-1.06475830078125E-05	-1.28628540039063E-05	1.54868860136048E-06	315580.65625	2.52117915806593E-05
162	171.91762056595	0.69427490234375	0.694122314453125	1.93359375E-06	-1.0748291015625E-05	-1.2681884765625E-05	1.34215054004017E-06	358980.4375	2.53155121754389E-05
163	171.967620565823	0.689239501953125	0.6890869140625	1.6357421875E-06	-1.07574462890625E-05	-1.23931884765625E-05	1.12716850253491E-06	421268.65625	2.54047463386087E-05
164	172.017620565697	0.6842041015625	0.68402099609375	1.324462890625E-06	-1.0675048828125E-05	-1.199951171875E-05	9.0596034851842E-07	516451.65625	2.54787519224919E-05
165	172.067620565571	0.679168701171875	0.678985595703125	1.0064697265625E-06	-1.0504150390625E-05	-1.15106201171875E-05	6.83378402754897E-07	674621	2.55370250670239E-05
166	172.117620565445	0.67413330078125	0.6739501953125	6.854248046875E-07	-1.024169921875E-05	-1.09271240234375E-05	4.61942164520224E-07	983259.1875	2.55793220276246E-05
167	172.167620565319	0.669097900390625	0.66888427734375	3.6590576171875E-07	-9.89990234375E-06	-1.02658081054688E-05	2.44748605382483E-07	1828023.375	2.56056046055164E-05
168	172.217620565192	0.6640625	0.663909912109375	4.82177734375006E-08	-9.4879150390625E-06	-9.5361328125E-06	3.20122559571701E-08	13768988	2.56159582932014E-05
169	172.267620565066	0.659027099609375	0.658843994140625	-2.63061523437499E-07	-9.02099609375E-06	-8.7579345703125E-06	-1.73316493601305E-07	-2504524.5	2.56105868174927E-05
170	172.31762056494	0.65399169921875	0.65386962890625	-5.60913085937501E-07	-8.526611328125E-06	-7.9656982421875E-06	-3.66764027148747E-07	-1165723.625	2.5589988581487E-05
171	172.367620564814	0.648956298828125	0.64874267578125	-8.46252441406251E-07	-8.013916015625E-06	-7.16766357421875E-06	-5.49000048977177E-07	-766606.5625	2.55548093264224E-05
172	172.417620564687	0.6439208984375	0.64373779296875	-1.1138916015625E-06	-7.501220703125E-06	-6.3873291015625E-06	-7.17054092547187E-07	-577917.8125	2.55058057518909E-05
173	172.467620564561	0.638885498046875	0.638763427734375	-1.358642578125E-06	-7.0068359375E-06	-5.648193359375E-06	-8.67851156272081E-07	-470148.28125	2.54439928539796E-05
174	172.517620564435	0.63385009765625	0.63372802734375	-1.578369140625E-06	-6.5399169921875E-06	-4.9615478515625E-06	-1.00025670235482E-06	-401508.15625	2.5370567527716E-05
175	172.567620564309	0.628814697265625	0.628692626953125	-1.77032470703125E-06	-6.103515625E-06	-4.33319091796875E-06	-1.11299004856846E-06	-355128.4375	2.52868485404179E-05
176	172.617620564182	0.623779296875	0.623626708984375	-1.93359375E-06	-5.70068359375E-06	-3.76708984375E-06	-1.20584070373297E-06	-322522.09375	2.51942510658409E-05
177	172.667620564056	0.618743896484375	0.618621826171875	-2.0660400390625E-06	-5.33447265625E-06	-3.2684326171875E-06	-1.27809744299157E-06	-299423.9375	2.5094261218328E-05
178	172.71762056393	0.61370849609375	0.61358642578125	-2.16949462890625E-06	-5.0048828125E-06	-2.83538818359375E-06	-1.33117237055558E-06	-282824.59375	2.49883723881794E-05
179	172.767620563804	0.608673095703125	0.60858154296875	-2.24609375E-06	-4.705810546875E-06	-2.459716796875E-06	-1.36693120111886E-06	-270951.09375	2.4877981559257E-05
180	172.817620563677	0.6036376953125	0.603546142578125	-2.29766845703125E-06	-4.43328857421875E-06	-2.1356201171875E-06	-1.38674886329682E-06	-262677.65625	2.47643893089844E-05
181	172.867620563551	0.598602294921875	0.5985107421875	-2.32818603515625E-06	-4.19097900390625E-06	-1.86279296875E-06	-1.39344433591759E-06	-257071.71875	2.46487416006858E-05
182	172.917620563425	0.59356689453125	0.593505859375	-2.33917236328125E-06	-3.9739990234375E-06	-1.63482666015625E-06	-1.38831251206284E-06	-253724.71875	2.45320588874165E-05
183	172.967620563299	0.588531494140625	0.588531494140625	-2.3345947265625E-06	-3.77838134765625E-06	-1.44378662109375E-06	-1.3739825135417E-06	-252091.515625	2.44152142840903E-05
184	173.017620563172	0.58349609375	0.583404541015625	-2.3187255859375E-06	-3.602294921875E-06	-1.2835693359375E-06	-1.35275502088916E-06	-251605.6875	2.42988808167865E-05
185	173.067620563046	0.578460693359375	0.578460693359375	-2.2918701171875E-06	-3.4442138671875E-06	-1.15234375E-06	-1.32575678435387E-06	-252396.8125	2.41836169152521E-05
186	173.11762056292	0.57342529296875	0.5733642578125	-2.2576904296875E-06	-3.3013916015625E-06	-1.043701171875E-06	-1.29447892049939E-06	-253960.546875	2.40698773268377E-05
187	173.167620562794	0.568389892578125	0.568389892578125	-2.21771240234375E-06	-3.17230224609375E-06	-9.5458984375E-07	-1.26052532323229E-06	-256295.59375	2.39579912886256E-05
188	173.217620562668	0.5633544921875	0.5633544921875	-2.17376708984375E-06	-3.055419921875E-06	-8.8165283203125E-07	-1.22460153306747E-06	-259160.453125	2.38482043641852E-05
189	173.267620562541	0.558319091796875	0.55828857421875	-2.12738037109375E-06	-2.947998046875E-06	-8.2061767578125E-07	-1.18769219170645E-06	-262430.0625	2.3740676624584E-05
190	173.317620562415	0.55328369140625	0.553253173828125	-2.07855224609375E-06	-2.850341796875E-06	-7.71789550781251E-07	-1.14996555566904E-06	-266172.375	2.36355281231226E-05
191	173.367620562289	0.548248291015625	0.5482177734375	-2.0294189453125E-06	-2.7606201171875E-06	-7.31201171875E-07	-1.11256349555333E-06	-270135.34375	2.35328279813984E-05
192	173.417620562163	0.543212890625	0.54315185546875	-1.97998046875E-06	-2.67852783203125E-06	-6.9854736328125E-07	-1.07543007743516E-06	-274321.84375	2.34325943893055E-05
193	173.467620562036	0.538177490234375	0.538177490234375	-1.93084716796875E-06	-2.6025390625E-06	-6.71691894531251E-07	-1.03913839666347E-06	-278726.125	2.33348237088649E-05
194	173.51762056191	0.53314208984375	0.533203125	-1.88140869140625E-06	-2.53143310546875E-06	-6.500244140625E-07	-1.00317299711605E-06	-283406.34375	2.32395159400767E-05
195	173.567620561784	0.528106689453125	0.528076171875	-1.83380126953125E-06	-2.4652099609375E-06	-6.3140869140625E-07	-9.6838675744948E-07	-287968.0625	2.31466365221422E-05
196	173.617620561658	0.5230712890625	0.523040771484375	-1.78680419921875E-06	-2.40386962890625E-06	-6.17065429687499E-07	-9.34571460220468E-07	-292724.15625	2.30561217904324E-05
197	173.667620561531	0.518035888671875	0.51800537109375	-1.7413330078125E-06	-2.34619140625E-06	-6.04858398437501E-07	-9.02019849036151E-07	-297476.34375	2.2967917175265E-05
198	173.717620561405	0.51300048828125	0.512969970703125	-1.69647216796875E-06	-2.2918701171875E-06	-5.9539794921875E-07	-8.70239261985262E-07	-302374.53125	2.28819735639263E-05
199	173.767620561279	0.507965087890625	0.5079345703125	-1.65313720703125E-06	-2.24029541015625E-06	-5.87158203125E-07	-8.39685526443645E-07	-307254.9375	2.27982327487553E-05
200	173.817620561153	0.5029296875	0.502899169921875	-1.61163330078125E-06	-2.19268798828125E-06	-5.810546875E-07	-8.10489041214169E-07	-312043.1875	2.27166128752287E-05
201	173.867620561026	0.497894287109375	0.49786376953125	-1.5704345703125E-06	-2.14691162109375E-06	-5.76477050781251E-07	-7.8186246810219E-07	-317022.9375	2.26370611926541E-05
202	173.9176205609	0.49285888671875	0.49285888671875	-1.5313720703125E-06	-2.10357666015625E-06	-5.7220458984375E-07	-7.54750317355501E-07	-321841.375	2.25595158553915E-05
203	173.967620560774	0.487823486328125	0.48779296875	-1.49322509765625E-06	-2.06268310546875E-06	-5.694580078125E-07	-7.28384691228712E-07	-326670.75	2.24839022848755E-05
204	174.017620560648	0.4827880859375	0.482696533203125	-1.456298828125E-06	-2.02362060546875E-06	-5.6732177734375E-07	-7.02950387676538E-07	-331454.3125	2.24101640924346E-05
205	174.067620560522	0.477752685546875	0.477691650390625	-1.42059326171875E-06	-1.9866943359375E-06	-5.6610107421875E-07	-6.78605488246831E-07	-336262.09375	2.23382412514184E-05
206	174.117620560395	0.47271728515625	0.47271728515625	-1.3861083984375E-06	-1.9512939453125E-06	-5.65185546875001E-07	-6.55237386126828E-07	-341039.1875	2.22680737351766E-05
207	174.167620560269	0.467681884765625	0.467620849609375	-1.3519287109375E-06	-1.91741943359375E-06	-5.65490722656251E-07	-6.32189994576038E-07	-345891.65625	2.21996233449318E-05
208	174.217620560143	0.462646484375	0.462615966796875	-1.31988525390625E-06	-1.88507080078125E-06	-5.65185546874999E-07	-6.10599954598001E-07	-350497.125	2.21328264160547E-05
209	174.267620560017	0.457611083984375	0.4576416015625	-1.28814697265625E-06	-1.85455322265625E-06	-5.6640625E-07	-5.8950962511517E-07	-355271.28125	2.2067626559874E-05
210	174.31762055989	0.45257568359375	0.45257568359375	-1.2579345703125E-06	-1.82464599609375E-06	-5.66711425781251E-07	-5.69310600440076E-07	-359776.8125	2.20039746636758E-05
211	174.367620559764	0.447540283203125	0.44757080078125	-1.22894287109375E-06	-1.79534912109375E-06	-5.66406250000001E-07	-5.50038976143696E-07	-364191.6875	2.19418016058626E-05
212	174.417620559638	0.4425048828125	0.44256591796875	-1.199951171875E-06	-1.76788330078125E-06	-5.67932128906251E-07	-5.31057480657182E-07	-368819.9375	2.18810801015934E-05
213	174.467620559512	0.437469482421875	0.4375	-1.173095703125E-06	-1.74102783203125E-06	-5.6793212890625E-07	-5.13229394982773E-07	-372944.84375	2.18217537621967E-05
214	174.517620559385	0.43243408203125	0.43243408203125	-1.14593505859375E-06	-1.71478271484375E-06	-5.6884765625E-07	-4.95541371492436E-07	-377363.53125	2.17637789319269E-05
215	174.567620559259	0.427398681640625	0.4273681640625	-1.12030029296875E-06	-1.6888427734375E-06	-5.68542480468751E-07	-4.78780634693976E-07	-381476.46875	2.17071228689747E-05
216	174.617620559133	0.42236328125	0.422393798828125	-1.0955810546875E-06	-1.663818359375E-06	-5.682373046875E-07	-4.6276664988909E-07	-385543.15625	2.16517255466897E-05
217	174.667620559007	0.417327880859375	0.417266845703125	-1.07177734375E-06	-1.63970947265625E-06	-5.67932128906251E-07	-4.47217132659716E-07	-389322.34375	2.15975414903369E-05
218	174.71762055888	0.41229248046875	0.4122314453125	-1.048583984375E-06	-1.61651611328125E-06	-5.6793212890625E-07	-4.32259270155555E-07	-393131.5625	2.15445325011387E-05
219	174.767620558754	0.407257080078125	0.4072265625	-1.02630615234375E-06	-1.593017578125E-06	-5.66711425781249E-07	-4.17939105545884E-07	-396788.59375	2.14926603803178E-05
220	174.817620558628	0.4022216796875	0.4022216796875	-1.0040283203125E-06	-1.57135009765625E-06	-5.6732177734375E-07	-4.03841937668403E-07	-400607.9375	2.14419014810119E-05
221	174.867620558502	0.397186279296875	0.397216796875	-9.8297119140625E-07	-1.5496826171875E-06	-5.66711425781251E-07	-3.90452669307706E-07	-404098.09375	2.13922266993904E-05
222	174.917620558375	0.39215087890625	0.39215087890625	-9.619140625E-07	-1.5283203125E-06	-5.66406250000001E-07	-3.77215428670752E-07	-407677.6875	2.13436051126337E-05
223	174.967620558249	0.387115478515625	0.387115478515625	-9.42382812500001E-07	-1.5081787109375E-06	-5.65795898437499E-07	-3.64810944120109E-07	-410783.6875	2.12959967029747E-05
224	175.017620558123	0.382080078125	0.38201904296875	-9.228515625E-07	-1.48834228515625E-06	-5.65490722656249E-07	-3.52546862814052E-07	-413955.03125	2.12493669096148E-05
225	175.067620557997	0.377044677734375	0.377105712890625	-9.0301513671875E-07	-1.4691162109375E-06	-5.6610107421875E-07	-3.40532153586537E-07	-417607.3125	2.12037193705328E-05
226	175.117620557871	0.37200927734375	0.372039794921875	-8.8470458984375E-07	-1.4508056640625E-06	-5.6610107421875E-07	-3.29145308342049E-07	-420524.34375	2.11590268008877E-05
227	175.167620557744	0.366973876953125	0.36700439453125	-8.6639404296875E-07	-1.43310546875E-06	-5.6671142578125E-07	-3.17970403784784E-07	-423599.875	2.11152491829125E-05
228	175.217620557618	0.3619384765625	0.3619384765625	-8.4869384765625E-07	-1.41632080078125E-06	-5.67626953125E-07	-3.07174957470124E-07	-426465.3125	2.10723719646921E-05
229	175.267620557492	0.356903076171875	0.356903076171875	-8.30993652343751E-07	-1.39923095703125E-06	-5.682373046875E-07	-2.96584204306782E-07	-429489.53125	2.10303805943113E-05
230	175.317620557366	0.35186767578125	0.351898193359375	-8.1329345703125E-07	-1.38275146484375E-06	-5.694580078125E-07	-2.86196495835611E-07	-432682.9375	2.09892732527805E-05
231	175.367620557239	0.346832275390625	0.346893310546875	-7.9620361328125E-07	-1.3671875E-06	-5.7098388671875E-07	-2.76197710036286E-07	-435684.1875	2.09490353881847E-05
232	175.417620557113	0.341796875	0.341766357421875	-7.7972412109375E-07	-1.35284423828125E-06	-5.73120117187501E-07	-2.66483453970068E-07	-438317.0625	2.09096360777039E-05
233	175.467620556987	0.336761474609375	0.3367919921875	-7.6324462890625E-07	-1.33819580078125E-06	-5.74951171875E-07	-2.57054665553369E-07	-441263.5	2.08710625884123E-05
234	175.517620556861	0.33172607421875	0.331756591796875	-7.46765136718749E-07	-1.3238525390625E-06	-5.77087402343751E-07	-2.47744253556448E-07	-444258.28125	2.08333131013205E-05
235	175.567620556734	0.326690673828125	0.3267822265625	-7.3089599609375E-07	-1.31103515625E-06	-5.8013916015625E-07	-2.3884382471806E-07	-447098.125	2.07963712455239E-05
236	175.617620556608	0.3216552734375	0.3216552734375	-7.1563720703125E-07	-1.29852294921875E-06	-5.828857421875E-07	-2.30188490490946E-07	-449466.9375	2.0760207917192E-05
237	175.667620556482	0.316619873046875	0.316650390625	-7.0037841796875E-07	-1.28631591796875E-06	-5.859375E-07	-2.21775096065358E-07	-452113.3125	2.07248067454202E-05
238	175.717620556356	0.31158447265625	0.311553955078125	-6.8634033203125E-07	-1.2744140625E-06	-5.88073730468749E-07	-2.13832052509133E-07	-453935.0625	2.0690138626378E-05
239	175.767620556229	0.306549072265625	0.306549072265625	-6.70776367187501E-07	-1.2628173828125E-06	-5.92041015625E-07	-2.05625866556147E-07	-457006.40625	2.06562108360231E-05
240	175.817620556103	0.301513671875	0.301483154296875	-6.561279296875E-07	-1.25213623046875E-06	-5.9600830078125E-07	-1.97811502289369E-07	-459488.40625	2.06230379262706E-05
241	175.867620555977	0.296478271484375	0.296478271484375	-6.41479492187499E-07	-1.241455078125E-06	-5.99975585937501E-07	-1.90184721304831E-07	-462178.90625	2.05905980692478E-05
242	175.917620555851	0.29144287109375	0.291412353515625	-6.2774658203125E-07	-1.2322998046875E-06	-6.04553222656251E-07	-1.8293309267392E-07	-464219.75	2.05588676180923E-05
243	175.967620555724	0.286407470703125	0.286407470703125	-6.1370849609375E-07	-1.22344970703125E-06	-6.097412109375E-07	-1.75770693999766E-07	-466683.25	2.0527832020889E-05
244	176.017620555598	0.2813720703125	0.2813720703125	-5.999755859375E-07	-1.21490478515625E-06	-6.1492919921875E-07	-1.68816370660352E-07	-468972.53125	2.04974894586485E-05
245	176.067620555472	0.276336669921875	0.276336669921875	-5.8624267578125E-07	-1.20635986328125E-06	-6.20117187500001E-07	-1.62000347359026E-07	-471369.09375	2.04678344744025E-05
246	176.117620555346	0.27130126953125	0.27130126953125	-5.73120117187501E-07	-1.19873046875E-06	-6.256103515625E-07	-1.5548820897493E-07	-473375.96875	2.04388506972464E-05
247	176.16762055522	0.266265869140625	0.266265869140625	-5.5999755859375E-07	-1.19140625E-06	-6.3140869140625E-07	-1.49108231539685E-07	-475476.84375	2.04105217562756E-05
248	176.217620555093	0.26123046875	0.261199951171875	-5.4656982421875E-07	-1.18560791015625E-06	-6.390380859375E-07	-1.42764008614904E-07	-477889.4375	2.03828585654264E-05
249	176.267620554967	0.256195068359375	0.256195068359375	-5.3436279296875E-07	-1.18072509765625E-06	-6.46362304687501E-07	-1.36901107339327E-07	-479440.34375	2.0355833839858E-05
250	176.317620554841	0.25115966796875	0.251220703125	-5.218505859375E-07	-1.175537109375E-06	-6.536865234375E-07	-1.31099668010393E-07	-481403.53125	2.03294293896761E-05
251	176.367620554715	0.246124267578125	0.246124267578125	-5.08728027343749E-07	-1.17156982421875E-06	-6.62841796875001E-07	-1.25210306123336E-07	-483803.25	2.03036652237643E-05
252	176.417620554588	0.2410888671875	0.2410888671875	-4.9591064453125E-07	-1.16912841796875E-06	-6.732177734375E-07	-1.19558535516262E-07	-486153.875	2.02785486180801E-05
253	176.467620554462	0.236053466796875	0.236114501953125	-4.83093261718751E-07	-1.1676025390625E-06	-6.84509277343749E-07	-1.14065315415246E-07	-488755.5625	2.02540741156554E-05
254	176.517620554336	0.23101806640625	0.231048583984375	-4.69970703125E-07	-1.1669921875E-06	-6.97021484375E-07	-1.08586064584415E-07	-491623.375	2.02302471734583E-05
255	176.56762055421	0.225982666015625	0.22601318359375	-4.5745849609375E-07	-1.1676025390625E-06	-7.1014404296875E-07	-1.03391649020068E-07	-494062.71875	2.02070605155313E-05
256	176.617620554083	0.220947265625	0.220947265625	-4.4403076171875E-07	-1.170654296875E-06	-7.2662353515625E-07	-9.81073782213571E-08	-497594.53125	2.01845232368214E-05
257	176.667620553957	0.215911865234375	0.21600341796875	-4.30908203124999E-07	-1.17431640625E-06	-7.43408203125001E-07	-9.307763804145E-08	-501274.8125	2.01626498892438E-05
258	176.717620553831	0.21087646484375	0.2109375	-4.1656494140625E-07	-1.1810302734375E-06	-7.6446533203125E-07	-8.78691679417898E-08	-506373.625	2.01414641196607E-05
259	176.767620553705	0.205841064453125	0.20587158203125	-4.0283203125E-07	-1.190185546875E-06	-7.87353515625E-07	-8.29316704198391E-08	-511060.59375	2.01209786609979E-05
260	176.817620553578	0.2008056640625	0.200775146484375	-3.875732421875E-07	-1.20086669921875E-06	-8.1329345703125E-07	-7.78150734959127E-08	-518031.5	2.01012189791072E-05
261	176.867620553452	0.195770263671875	0.195770263671875	-3.72924804687499E-07	-1.21551513671875E-06	-8.42590332031251E-07	-7.3007583978324E-08	-524959.0625	2.00822069018614E-05
262	176.917620553326	0.19073486328125	0.1907958984375	-3.570556640625E-07	-1.23291015625E-06	-8.758544921875E-07	-6.81247556144626E-08	-534359	2.00639569811756E-05
263	176.9676205532	0.185699462890625	0.18572998046875	-3.41186523437501E-07	-1.2542724609375E-06	-9.130859375E-07	-6.33685601769685E-08	-544364.9375	2.00465001398697E-05
264	177.017620553073	0.1806640625	0.1806640625	-3.24096679687499E-07	-1.28021240234375E-06	-9.56115722656251E-07	-5.85526223062516E-08	-557438.8125	2.00298691197531E-05
265	177.067620552947	0.175628662109375	0.1756591796875	-3.070068359375E-07	-1.31195068359375E-06	-1.00494384765625E-06	-5.39285665013267E-08	-572167.0625	2.00140912056668E-05
266	177.117620552821	0.17059326171875	0.170654296875	-2.8839111328125E-07	-1.34979248046875E-06	-1.0614013671875E-06	-4.92151812636621E-08	-591746.0625	1.99992064153776E-05
267	177.167620552695	0.165557861328125	0.165557861328125	-2.6824951171875E-07	-1.3958740234375E-06	-1.12762451171875E-06	-4.44108110286834E-08	-617178.625	1.9985289327451E-05
268	177.217620552569	0.1605224609375	0.16058349609375	-2.459716796875E-07	-1.4508056640625E-06	-1.204833984375E-06	-3.9498992521203E-08	-652853.625	1.99724345293362E-05
269	177.267620552442	0.155487060546875	0.155548095703125	-2.20336914062499E-07	-1.517333984375E-06	-1.2969970703125E-06	-3.42729862268243E-08	-705955.6875	1.99607766262488E-05
270	177.317620552316	0.15045166015625	0.150482177734375	-1.9073486328125E-07	-1.59637451171875E-06	-1.4056396484375E-06	-2.87021961753453E-08	-788960.0625	1.99504993361188E-05
271	177.36762055219	0.145416259765625	0.14544677734375	-1.56249999999999E-07	-1.690673828125E-06	-1.534423828125E-06	-2.27260592566836E-08	-930859.375	1.99418245756533E-05
272	177.417620552064	0.140380859375	0.140411376953125	-1.1627197265625E-07	-1.80145263671875E-06	-1.6851806640625E-06	-1.63259077368139E-08	-1207611.625	1.9935012460337E-05
273	177.467620551937	0.135345458984375	0.135406494140625	-6.98852539062503E-08	-1.92962646484375E-06	-1.8597412109375E-06	-9.4629175606542E-09	-1937554.625	1.99303576664533E-05
274	177.517620551811	0.13031005859375	0.130340576171875	-1.8310546875E-08	-2.07763671875E-06	-2.059326171875E-06	-2.38660713414163E-09	-7118333.5	1.99281530512962E-05
275	177.567620551685	0.125274658203125	0.12530517578125	4.05883789062506E-08	-2.2467041015625E-06	-2.28729248046875E-06	5.08593389625389E-09	3087218	1.99287096620537E-05
276	177.617620551559	0.1202392578125	0.12030029296875	1.0528564453125E-07	-2.435302734375E-06	-2.54058837890625E-06	1.26658941113078E-08	1142608.75	1.99323567358078E-05
277	177.667620551432	0.115203857421875	0.115264892578125	1.7669677734375E-07	-2.6446533203125E-06	-2.82135009765625E-06	2.03669348053381E-08	652331.625	1.9939407138736E-05
278	177.717620551306	0.11016845703125	0.11016845703125	2.545166015625E-07	-2.874755859375E-06	-3.1292724609375E-06	2.80397021157341E-08	432853.71875	1.99501864699414E-05
279	177.76762055118	0.105133056640625	0.10516357421875	3.37829589843749E-07	-3.12286376953125E-06	-3.460693359375E-06	3.55273677143941E-08	311291.78125	1.99649966816651E-05
280	177.817620551054	0.10009765625	0.10009765625	4.254150390625E-07	-3.38623046875E-06	-3.8116455078125E-06	4.25830499750646E-08	235294.125	1.99840760615189E-05
281	177.867620550927	0.095062255859375	0.0950927734375	5.157470703125E-07	-3.65570068359375E-06	-4.17144775390625E-06	4.90438161193651E-08	184378.703125	2.00076065084431E-05
282	177.917620550801	0.09002685546875	0.090087890625	6.1004638671875E-07	-3.93524169921875E-06	-4.5452880859375E-06	5.49577912067889E-08	147673.84375	2.00357517314842E-05
283	177.967620550675	0.084991455078125	0.085052490234375	6.9854736328125E-07	-4.21600341796875E-06	-4.91455078125E-06	5.94131925879537E-08	121756.2265625	2.0068466255907E-05
284	178.017620550549	0.0799560546875	0.08001708984375	7.794189453125E-07	-4.486083984375E-06	-5.2655029296875E-06	6.23668370280939E-08	102662.4921875	2.01054153876612E-05
285	178.067620550422	0.074920654296875	0.074951171875	8.4991455078125E-07	-4.7454833984375E-06	-5.59539794921875E-06	6.37020889371342E-08	88186.7109375	2.01461480173748E-05
286	178.117620550296	0.06988525390625	0.069854736328125	9.0362548828125E-07	-4.98046875E-06	-5.88409423828125E-06	6.31225205438568E-08	77304.96875	2.01899874809897E-05
287	178.16762055017	0.064849853515625	0.064910888671875	9.37499999999999E-07	-5.18798828125E-06	-6.12548828125E-06	6.08539565405408E-08	69238.28125	2.0236015188857E-05
288	178.217620550044	0.059814453125	0.059814453125	9.47265625E-07	-5.35888671875E-06	-6.30615234375E-06	5.66601734419692E-08	63144.33203125	2.02831342903664E-05
289	178.267620549918	0.054779052734375	0.054779052734375	9.307861328125E-07	-5.487060546875E-06	-6.4178466796875E-06	5.09875803800242E-08	58852.4609375	2.03300860448508E-05
290	178.317620549791	0.04974365234375	0.049810791015625	8.819580078125E-07	-5.56640625E-06	-6.4483642578125E-06	4.39310241517887E-08	56477.5078125	2.03754043468507E-05
291	178.367620549665	0.044708251953125	0.0447540283203125	8.1451416015625E-07	-5.5999755859375E-06	-6.41448974609375E-06	3.64527892315891E-08	54945.67578125	2.04178159037838E-05
292	178.417620549539	0.0396728515625	0.0397491455078125	7.1563720703125E-07	-5.5816650390625E-06	-6.29730224609375E-06	2.84459673594029E-08	55543.7109375	2.04560692509403E-05
293	178.467620549413	0.034637451171875	0.03468017578125	5.9173583984375E-07	-5.5145263671875E-06	-6.10626220703125E-06	2.05215027193617E-08	58607.53125	2.04887528525433E-05
294	178.517620549286	0.02960205078125	0.02965087890625	4.49218749999999E-07	-5.40771484375E-06	-5.85693359375E-06	1.33197302076837E-08	66005.4375	2.05147771339398E-05
295	178.56762054916	0.024566650390625	0.024658203125	2.911376953125E-07	-5.267333984375E-06	-5.5584716796875E-06	7.17893255952617E-09	84696.015625	2.05332871701103E-05
296	178.617620549034	0.01953125	0.019586181640625	1.21459960937501E-07	-5.096435546875E-06	-5.2178955078125E-06	2.3789368253091E-09	161256.28125	2.05436008400284E-05
297	178.667620548908	0.014495849609375	0.014556884765625	-5.37109374999997E-08	-4.9041748046875E-06	-4.8504638671875E-06	-7.8186390695123E-10	-271022.75	2.05452943191631E-05
298	178.717620548781	0.00946044921875	0.009552001953125	-2.2918701171875E-07	-4.7027587890625E-06	-4.47357177734375E-06	-2.18919482541935E-09	-41677.76171875	2.05382220883621E-05
299	178.767620548655	0.004425048828125	0.00449523925781251	-3.997802734375E-07	-4.4952392578125E-06	-4.095458984375E-06	-1.79710801795352E-09	-11244.275390625	2.05224987439578E-05
300	178.817620548529	-0.0006103515625	-0.000537109374999997	-5.62744140625E-07	-4.2919921875E-06	-3.729248046875E-06	3.02255137585306E-10	954.446960449219	2.04984353331383E-05
301	178.867620548403	-0.005645751953125	-0.0055511474609375	-7.1685791015625E-07	-4.0924072265625E-06	-3.37554931640625E-06	3.97938348939419E-09	7743.720703125	2.04664447664982E-05
302	178.917620548276	-0.01068115234375	-0.0105926513671875	-8.514404296875E-07	-3.90167236328125E-06	-3.05023193359375E-06	9.0190113155586E-09	12440.8603515625	2.04272382688941E-05
303	178.96762054815	-0.015716552734375	-0.0155853271484375	-9.71069335937499E-07	-3.720703125E-06	-2.7496337890625E-06	1.51344341503545E-08	16049.6552734375	2.03816744033247E-05
304	179.017620548024	-0.020751953125	-0.0206390380859375	-1.072998046875E-06	-3.5546875E-06	-2.481689453125E-06	2.21456453175506E-08	19234.927734375	2.03305735340109E-05
305	179.067620547898	-0.025787353515625	-0.025689697265625	-1.15814208984375E-06	-3.40179443359375E-06	-2.24365234375E-06	2.97523179426662E-08	22181.818359375	2.02747942239512E-05
306	179.117620547771	-0.03082275390625	-0.0306610107421875	-1.22711181640625E-06	-3.26324462890625E-06	-2.0361328125E-06	3.76244884137122E-08	24986.32421875	2.02151641133241E-05
307	179.167620547645	-0.035858154296875	-0.0357208251953125	-1.28082275390625E-06	-3.13720703125E-06	-1.85638427734375E-06	4.57520457075589E-08	27888.96875	2.01524653675733E-05
308	179.217620547519	-0.0408935546875	-0.0407501220703125	-1.322021484375E-06	-3.023681640625E-06	-1.70166015625E-06	5.3872540206612E-08	30824.1015625	2.00873946596403E-05
309	179.267620547393	-0.045928955078125	-0.04578857421875	-1.35101318359375E-06	-2.923583984375E-06	-1.57257080078125E-06	6.18609661273695E-08	33892.02734375	2.00205686269328E-05
310	179.317620547267	-0.05096435546875	-0.0509033203125	-1.36932373046875E-06	-2.8326416015625E-06	-1.46331787109375E-06	6.97031268259707E-08	37174.05859375	1.9952560251113E-05
311	179.36762054714	-0.055999755859375	-0.055908203125	-1.3812255859375E-06	-2.75360107421875E-06	-1.37237548828125E-06	7.72218342603992E-08	40477.24609375	1.98837969946908E-05
312	179.417620547014	-0.06103515625	-0.060943603515625	-1.38580322265625E-06	-2.68157958984375E-06	-1.2957763671875E-06	8.44558414314633E-08	43977.09765625	1.98146208276739E-05
313	179.467620546888	-0.066070556640625	-0.066070556640625	-1.3848876953125E-06	-2.6190185546875E-06	-1.234130859375E-06	9.15003042223361E-08	47708.2421875	1.97453537111869E-05
314	179.517620546762	-0.07110595703125	-0.07098388671875	-1.3787841796875E-06	-2.5634765625E-06	-1.1846923828125E-06	9.787146382223E-08	51482.95703125	1.96762612176826E-05
315	179.567620546635	-0.076141357421875	-0.076080322265625	-1.3702392578125E-06	-2.51434326171875E-06	-1.14410400390625E-06	1.04248243815164E-07	55523.38671875	1.96075361600379E-05
316	179.617620546509	-0.0811767578125	-0.0811767578125	-1.35986328125E-06	-2.47039794921875E-06	-1.11053466796875E-06	1.10389294150082E-07	59694.79296875	1.9539284039638E-05
317	179.667620546383	-0.086212158203125	-0.086090087890625	-1.34674072265625E-06	-2.43133544921875E-06	-1.0845947265625E-06	1.1594102033996E-07	63924.76953125	1.94716176338261E-05
318	179.717620546257	-0.09124755859375	-0.09112548828125	-1.331787109375E-06	-2.3968505859375E-06	-1.0650634765625E-06	1.21359747140559E-07	68423.46875	1.94046551769134E-05
319	179.76762054613	-0.096282958984375	-0.096221923828125	-1.3165283203125E-06	-2.3663330078125E-06	-1.0498046875E-06	1.26678884271314E-07	73087.625	1.93384476006031E-05
320	179.817620546004	-0.101318359375	-0.101226806640625	-1.300048828125E-06	-2.3388671875E-06	-1.038818359375E-06	1.31599790620385E-07	77863.8515625	1.92730331036728E-05
321	179.867620545878	-0.106353759765625	-0.10626220703125	-1.2847900390625E-06	-2.31475830078125E-06	-1.02996826171875E-06	1.36524619165357E-07	82707.84375	1.92084116861224E-05
322	179.917620545752	-0.11138916015625	-0.111297607421875	-1.268310546875E-06	-2.2930908203125E-06	-1.0247802734375E-06	1.41159915756361E-07	87752.6484375	1.9144583347952E-05
323	179.967620545625	-0.116424560546875	-0.1163330078125	-1.2530517578125E-06	-2.274169921875E-06	-1.0211181640625E-06	1.45771281268026E-07	92839.7421875	1.90815499081509E-05
324	180.017620545499	-0.1214599609375	-0.121368408203125	-1.23748779296875E-06	-2.257080078125E-06	-1.01959228515625E-06	1.50191908687702E-07	98076.453125	1.90192859008675E-05
325	180.067620545373	-0.126495361328125	-0.12640380859375	-1.22283935546875E-06	-2.24212646484375E-06	-1.019287109375E-06	1.54571537791526E-07	103369.109375	1.8957778593176E-05
326	180.117620545247	-0.13153076171875	-0.131439208984375	-1.2078857421875E-06	-2.22930908203125E-06	-1.02142333984375E-06	1.58763540980544E-07	108817.5859375	1.88970097951824E-05
327	180.16762054512	-0.136566162109375	-0.136474609375	-1.19415283203125E-06	-2.21771240234375E-06	-1.0235595703125E-06	1.62971531381118E-07	114285.71875	1.88369594980031E-05
328	180.217620544994	-0.1416015625	-0.141510009765625	-1.18072509765625E-06	-2.20794677734375E-06	-1.0272216796875E-06	1.67084422741937E-07	119850.0859375	1.87775876838714E-05
329	180.267620544868	-0.146636962890625	-0.14654541015625	-1.16790771484375E-06	-2.19940185546875E-06	-1.031494140625E-06	1.71151512518009E-07	125476.875	1.87188707059249E-05
330	180.317620544742	-0.15167236328125	-0.1514892578125	-1.1553955078125E-06	-2.1917724609375E-06	-1.036376953125E-06	1.750299958303E-07	131114.640625	1.86607885552803E-05
331	180.367620544616	-0.156707763671875	-0.15655517578125	-1.143798828125E-06	-2.1856689453125E-06	-1.0418701171875E-06	1.79067626504548E-07	136873	1.86033084901283E-05
332	180.417620544489	-0.1617431640625	-0.16162109375	-1.13250732421875E-06	-2.18109130859375E-06	-1.048583984375E-06	1.83037073497871E-07	142710.859375	1.85464014066383E-05
333	180.467620544363	-0.166778564453125	-0.16656494140625	-1.1224365234375E-06	-2.177734375E-06	-1.0552978515625E-06	1.86958573067386E-07	148395.875	1.84900272870436E-05
334	180.517620544237	-0.17181396484375	-0.171630859375	-1.1126708984375E-06	-2.1746826171875E-06	-1.06201171875E-06	1.90968648894341E-07	154251.25	1.84341497515561E-05
335	180.567620544111	-0.176849365234375	-0.17669677734375	-1.103515625E-06	-2.17315673828125E-06	-1.06964111328125E-06	1.94987649138056E-07	160121.6875	1.83787451533135E-05
336	180.617620543984	-0.181884765625	-0.1817626953125	-1.0955810546875E-06	-2.1722412109375E-06	-1.07666015625E-06	1.99135769207714E-07	165905.296875	1.83237680175807E-05
337	180.667620543858	-0.186920166015625	-0.186737060546875	-1.08734130859375E-06	-2.1728515625E-06	-1.08551025390625E-06	2.03046909064142E-07	171737.3125	1.82691946974955E-05
338	180.717620543732	-0.19195556640625	-0.19183349609375	-1.08062744140625E-06	-2.174072265625E-06	-1.09344482421875E-06	2.07300530519205E-07	177520.484375	1.82149960892275E-05
339	180.767620543606	-0.196990966796875	-0.196868896484375	-1.07391357421875E-06	-2.17529296875E-06	-1.10137939453125E-06	2.1142015782516E-07	183319.140625	1.81611321750097E-05
340	180.817620543479	-0.2020263671875	-0.20184326171875	-1.06781005859375E-06	-2.178955078125E-06	-1.11114501953125E-06	2.155302496476E-07	189025.453125	1.81075884029269E-05
