Potential - Start 1.5 V, Stop -0.2 V, Step -0.005 V; Modulation - Amplitude -0.05 V, Time 0.025 s, Interval time 0.05 s
Index	Base.Time (s)	Potential applied (V)	WE(1).Base.Potential (V)	WE(1).Base.Current (A)	WE(1).Pulse.Current (A)	WE(1).δ.Current (A)	WE(1).Base.Power (W)	WE(1).Base.Resistance (Ω)	WE(1).Base.Charge (C)
1	161.140567593159	1.49993896484375	1.4996337890625	2.50335693359375E-06	1.2811279296875E-06	-1.22222900390625E-06	3.75411855202401E-06	599049.125	0
2	161.190567593033	1.49490356445313	1.49505615234375	2.5634765625E-06	1.26739501953125E-06	-1.29608154296875E-06	3.83254155167378E-06	583214.3125	1.26670840927545E-07
3	161.240567592907	1.4898681640625	1.48956298828125	2.47406005859375E-06	1.234130859375E-06	-1.23992919921875E-06	3.68526821148407E-06	602072.3125	2.52609254403069E-07
4	161.29056759278	1.48483276367188	1.48529052734375	2.38494873046875E-06	1.19964599609375E-06	-1.185302734375E-06	3.54234157384781E-06	622776.75	3.74084464738189E-07
5	161.340567592654	1.47979736328125	1.47979736328125	2.30255126953125E-06	1.16668701171875E-06	-1.1358642578125E-06	3.40730912284926E-06	642677.3125	4.91271975988639E-07
6	161.390567592528	1.47476196289063	1.47552490234375	2.2271728515625E-06	1.13555908203125E-06	-1.09161376953125E-06	3.28624901158037E-06	662510.25	6.04515037139208E-07
7	161.440567592402	1.4697265625	1.47003173828125	2.1588134765625E-06	1.107177734375E-06	-1.0516357421875E-06	3.17352419187955E-06	680944.3125	7.14164741566492E-07
8	161.490567592276	1.46469116210938	1.46484375	2.09686279296875E-06	1.08062744140625E-06	-1.0162353515625E-06	3.07157642964739E-06	698588.25	8.20556635972025E-07
9	161.540567592149	1.45965576171875	1.4599609375	2.0416259765625E-06	1.055908203125E-06	-9.857177734375E-07	2.98069426207803E-06	715097.1875	9.24018820569472E-07
10	161.590567592023	1.45462036132813	1.453857421875	1.9921875E-06	1.03302001953125E-06	-9.5916748046875E-07	2.89635659100895E-06	729779.4375	1.02486421837966E-06
11	161.640567591897	1.4495849609375	1.4495849609375	1.947021484375E-06	1.0113525390625E-06	-9.356689453125E-07	2.82237306237221E-06	744514.125	1.12334441837447E-06
12	161.690567591771	1.44454956054688	1.4447021484375	1.90643310546875E-06	9.9029541015625E-07	-9.161376953125E-07	2.75422803497349E-06	757803.75	1.21968071198353E-06
13	161.740567591644	1.43951416015625	1.43890380859375	1.87042236328125E-06	9.7076416015625E-07	-8.99658203125001E-07	2.69135784947139E-06	769293.5	1.31410217818484E-06
14	161.790567591518	1.43447875976563	1.434326171875	1.83837890625E-06	9.51232910156249E-07	-8.87145996093751E-07	2.63683477896848E-06	780212.5	1.40682220717281E-06
15	161.840567591392	1.429443359375	1.429443359375	1.80938720703125E-06	9.32922363281249E-07	-8.76464843750001E-07	2.58641648542834E-06	790015.1875	1.49801633142488E-06
16	161.890567591266	1.42440795898438	1.42425537109375	1.78375244140625E-06	9.136962890625E-07	-8.7005615234375E-07	2.54051883530337E-06	798460.25	1.58784484938224E-06
17	161.940567591139	1.41937255859375	1.419677734375	1.76055908203125E-06	8.953857421875E-07	-8.6517333984375E-07	2.49942650043522E-06	806378.9375	1.67645259807614E-06
18	161.990567591013	1.41433715820313	1.41387939453125	1.73980712890625E-06	8.76770019531251E-07	-8.63037109374999E-07	2.4598773507023E-06	812664.4375	1.76396179085714E-06
19	162.040567590887	1.4093017578125	1.40960693359375	1.72210693359375E-06	8.58154296874999E-07	-8.63952636718751E-07	2.4274936549773E-06	818536.3125	1.85050964773836E-06
20	162.090567590761	1.40426635742188	1.40411376953125	1.70623779296875E-06	8.38623046875001E-07	-8.67614746093749E-07	2.39575183513807E-06	822929.75	1.93621826838353E-06
21	162.140567590634	1.39923095703125	1.3995361328125	1.69189453125E-06	8.18481445312499E-07	-8.73413085937501E-07	2.36786740970274E-06	827200.625	2.02117143999203E-06
22	162.190567590508	1.39419555664063	1.39404296875	1.68060302734375E-06	7.977294921875E-07	-8.82873535156249E-07	2.34283265854174E-06	829489.75	2.10548387258314E-06
23	162.240567590382	1.38916015625	1.3885498046875	1.66961669921875E-06	7.76062011718751E-07	-8.93554687499999E-07	2.31834587793855E-06	831657.875	2.18923946704308E-06
24	162.290567590256	1.38412475585938	1.38458251953125	1.66046142578125E-06	7.5347900390625E-07	-9.06982421874999E-07	2.29904594561958E-06	833854.0625	2.27249142881192E-06
25	162.340567590129	1.37908935546875	1.37939453125	1.6534423828125E-06	7.305908203125E-07	-9.228515625E-07	2.28074941333034E-06	834256.1875	2.35533889281214E-06
26	162.390567590003	1.37405395507813	1.37420654296875	1.64703369140625E-06	7.0648193359375E-07	-9.40551757812499E-07	2.26336442210595E-06	834352.4375	2.43785098064109E-06
27	162.440567589877	1.3690185546875	1.36962890625	1.641845703125E-06	6.8206787109375E-07	-9.5977783203125E-07	2.24871928367065E-06	834200.75	2.52007293966017E-06
28	162.490567589751	1.36398315429688	1.36322021484375	1.6375732421875E-06	6.57958984375E-07	-9.796142578125E-07	2.23237293539569E-06	832463.6875	2.60205843005679E-06
29	162.540567589625	1.35894775390625	1.3592529296875	1.634521484375E-06	6.33544921875E-07	-1.0009765625E-06	2.22172820940614E-06	831590.75	2.683860657271E-06
30	162.590567589498	1.35391235351563	1.35345458984375	1.63116455078125E-06	6.09741210937501E-07	-1.02142333984375E-06	2.20770721170993E-06	829747.4375	2.7655028134177E-06
31	162.640567589372	1.348876953125	1.34857177734375	1.6278076171875E-06	5.86853027343751E-07	-1.04095458984375E-06	2.19521530198108E-06	828458.9375	2.84697716779192E-06
32	162.690567589246	1.34384155273438	1.3433837890625	1.624755859375E-06	5.6610107421875E-07	-1.05865478515625E-06	2.18267064155953E-06	826822	2.92829122372495E-06
33	162.74056758912	1.33880615234375	1.3385009765625	1.62109375E-06	5.4656982421875E-07	-1.07452392578125E-06	2.16983539758075E-06	825677.75	3.00943747788551E-06
34	162.790567588993	1.33377075195313	1.33331298828125	1.6162109375E-06	5.2947998046875E-07	-1.08673095703125E-06	2.15491490962449E-06	824962.25	3.09037000079115E-06
35	162.840567588867	1.3287353515625	1.32843017578125	1.611328125E-06	5.1605224609375E-07	-1.09527587890625E-06	2.14053693525784E-06	824431.8125	3.17105855174304E-06
36	162.890567588741	1.32369995117188	1.3238525390625	1.60430908203125E-06	5.047607421875E-07	-1.09954833984375E-06	2.12386862585845E-06	825185.4375	3.25144947055378E-06
37	162.940567588615	1.31866455078125	1.318359375	1.59698486328125E-06	4.9591064453125E-07	-1.10107421875E-06	2.1053999716969E-06	825530.3125	3.33148182107834E-06
38	162.990567588488	1.31362915039063	1.3140869140625	1.5863037109375E-06	4.8980712890625E-07	-1.09649658203125E-06	2.08454093808541E-06	828395.5625	3.41106397172553E-06
39	163.040567588362	1.30859375	1.30889892578125	1.57501220703125E-06	4.864501953125E-07	-1.08856201171875E-06	2.06153185899893E-06	831040.5	3.49009701494651E-06
40	163.090567588236	1.30355834960938	1.3043212890625	1.5625E-06	4.8492431640625E-07	-1.07757568359375E-06	2.03800186682201E-06	834765.625	3.56853479388519E-06
41	163.14056758811	1.29852294921875	1.2982177734375	1.54937744140625E-06	4.84619140625001E-07	-1.06475830078125E-06	2.01142938749399E-06	837896.375	3.6463316064328E-06
42	163.190567587983	1.29348754882813	1.2933349609375	1.53533935546875E-06	4.85839843749999E-07	-1.04949951171875E-06	1.98570796783315E-06	842377.3125	3.7234497085592E-06
43	163.240567587857	1.2884521484375	1.2884521484375	1.5203857421875E-06	4.87670898437501E-07	-1.03271484375E-06	1.95894426724408E-06	847450.875	3.79984271603462E-06
44	163.290567587731	1.28341674804688	1.2835693359375	1.50665283203125E-06	4.90417480468749E-07	-1.0162353515625E-06	1.93389337255212E-06	851934.375	3.87551881431136E-06
45	163.340567587605	1.27838134765625	1.278076171875	1.492919921875E-06	4.925537109375E-07	-1.0003662109375E-06	1.9080653146375E-06	856091.625	3.95050801671459E-06
46	163.390567587478	1.27334594726563	1.273193359375	1.4801025390625E-06	4.94995117187499E-07	-9.85107421875001E-07	1.88445665116888E-06	860206.25	4.02483374273288E-06
47	163.440567587352	1.268310546875	1.268310546875	1.46728515625E-06	4.974365234375E-07	-9.69848632812501E-07	1.86097315690859E-06	864392.75	4.09851827498642E-06
48	163.490567587226	1.26327514648438	1.26312255859375	1.45721435546875E-06	4.9896240234375E-07	-9.58251953125E-07	1.84064026598207E-06	866806.3125	4.17163073507254E-06
49	163.5405675871	1.25823974609375	1.258544921875	1.446533203125E-06	4.99572753906249E-07	-9.46960449218751E-07	1.8205269043392E-06	870042.25	4.2442243284313E-06
50	163.590567586974	1.25320434570313	1.2530517578125	1.43798828125E-06	4.99572753906249E-07	-9.3841552734375E-07	1.80187362275319E-06	871392.25	4.31633725384017E-06
51	163.640567586847	1.2481689453125	1.2481689453125	1.4300537109375E-06	4.9896240234375E-07	-9.3109130859375E-07	1.78494860847422E-06	872812.6875	4.3880386328965E-06
52	163.690567586721	1.24313354492188	1.24298095703125	1.42364501953125E-06	4.9713134765625E-07	-9.26513671875E-07	1.76956359609903E-06	873097.5625	4.45938121629297E-06
53	163.740567586595	1.23809814453125	1.2384033203125	1.4178466796875E-06	4.94384765625E-07	-9.234619140625E-07	1.75586603745614E-06	873439.5625	4.53041820946964E-06
54	163.790567586469	1.23306274414063	1.23382568359375	1.41357421875E-06	4.913330078125E-07	-9.222412109375E-07	1.7441041109123E-06	872841.125	4.60120372736128E-06
55	163.840567586342	1.22802734375	1.22802734375	1.40869140625E-06	4.8675537109375E-07	-9.2193603515625E-07	1.72991144609114E-06	871750.5	4.67176050733542E-06
56	163.890567586216	1.22299194335938	1.22344970703125	1.4056396484375E-06	4.81567382812501E-07	-9.24072265624999E-07	1.71972942553111E-06	870386.4375	4.74211856271722E-06
57	163.94056758609	1.21795654296875	1.21826171875	1.40289306640625E-06	4.75158691406249E-07	-9.27734375E-07	1.70909095231764E-06	868392.4375	4.81233200844144E-06
58	163.990567585964	1.21292114257813	1.2127685546875	1.4013671875E-06	4.67834472656251E-07	-9.33532714843749E-07	1.69953409567825E-06	865418.125	4.88243858853821E-06
59	164.040567585837	1.2078857421875	1.20758056640625	1.400146484375E-06	4.59899902343749E-07	-9.40246582031251E-07	1.69078953149437E-06	862467.375	4.95247650178499E-06
60	164.090567585711	1.20285034179688	1.202392578125	1.39923095703125E-06	4.498291015625E-07	-9.4940185546875E-07	1.68242479503533E-06	859323.9375	5.02246075484436E-06
61	164.140567585585	1.19781494140625	1.19781494140625	1.39923095703125E-06	4.38537597656249E-07	-9.60693359375001E-07	1.6760196785981E-06	856052.375	5.09242227053619E-06
62	164.190567585459	1.19277954101563	1.192626953125	1.400146484375E-06	4.26025390625E-07	-9.74121093750001E-07	1.66985228133854E-06	851787.3125	5.16240697834291E-06
63	164.240567585332	1.187744140625	1.187744140625	1.40106201171875E-06	4.1168212890625E-07	-9.89379882812499E-07	1.66410313795495E-06	847745.625	5.23243716088473E-06
64	164.290567585206	1.18270874023438	1.18194580078125	1.40350341796875E-06	3.95812988281249E-07	-1.0076904296875E-06	1.65886490322009E-06	842139.625	5.30255101693911E-06
65	164.34056758508	1.17767333984375	1.17767333984375	1.40625E-06	3.7811279296875E-07	-1.02813720703125E-06	1.65610310887132E-06	837456.5625	5.37279493073584E-06
66	164.390567584954	1.17263793945313	1.1724853515625	1.41021728515625E-06	3.570556640625E-07	-1.05316162109375E-06	1.65345909408643E-06	831421.8125	5.44320664630504E-06
67	164.440567584827	1.1676025390625	1.16790771484375	1.4154052734375E-06	3.338623046875E-07	-1.08154296875E-06	1.65306266808329E-06	825140.1875	5.51384709979175E-06
68	164.490567584701	1.16256713867188	1.16241455078125	1.4215087890625E-06	3.07617187500001E-07	-1.1138916015625E-06	1.65238247973321E-06	817732.9375	5.58476995138335E-06
69	164.540567584575	1.15753173828125	1.15753173828125	1.4288330078125E-06	2.7801513671875E-07	-1.15081787109375E-06	1.6539195257792E-06	810123.875	5.65602840651991E-06
70	164.590567584449	1.15249633789063	1.15264892578125	1.4373779296875E-06	2.4383544921875E-07	-1.19354248046875E-06	1.65679216479475E-06	801910.8125	5.72768385609379E-06
71	164.640567584323	1.1474609375	1.14715576171875	1.44775390625E-06	2.056884765625E-07	-1.2420654296875E-06	1.66079928476393E-06	792369.3125	5.79981224291259E-06
72	164.690567584196	1.14242553710938	1.14227294921875	1.4593505859375E-06	1.6326904296875E-07	-1.29608154296875E-06	1.6669766864652E-06	782726.9375	5.87248996453127E-06
73	164.74056758407	1.13739013671875	1.1370849609375	1.47369384765625E-06	1.1627197265625E-07	-1.357421875E-06	1.67571511155984E-06	771588.3125	5.94581570112496E-06
74	164.790567583944	1.13235473632813	1.13189697265625	1.4886474609375E-06	6.46972656249994E-08	-1.4239501953125E-06	1.68499548180989E-06	760352.625	6.01987449044827E-06
75	164.840567583818	1.1273193359375	1.1273193359375	1.50634765625E-06	7.01904296875056E-09	-1.49932861328125E-06	1.69813483807957E-06	748379.25	6.09474909651908E-06
76	164.890567583691	1.12228393554688	1.1224365234375	1.52587890625E-06	-5.37109374999997E-08	-1.57958984375E-06	1.71270210103103E-06	735600.0625	6.1705550251645E-06
77	164.940567583565	1.11724853515625	1.1175537109375	1.54693603515625E-06	-1.190185546875E-07	-1.66595458984375E-06	1.72878412740829E-06	722430.5	6.24737549514975E-06
78	164.990567583439	1.11221313476563	1.1126708984375	1.56951904296875E-06	-1.87072753906251E-07	-1.756591796875E-06	1.74635806615697E-06	708924.75	6.32528690402978E-06
79	165.040567583313	1.107177734375	1.107177734375	1.59332275390625E-06	-2.58483886718749E-07	-1.851806640625E-06	1.76409150753898E-06	694886.0625	6.40435791865457E-06
80	165.090567583186	1.10214233398438	1.10198974609375	1.617431640625E-06	-3.30505371093751E-07	-1.94793701171875E-06	1.78239304204908E-06	681320.75	6.48462673780159E-06
81	165.14056758306	1.09710693359375	1.09649658203125	1.64093017578125E-06	-4.0130615234375E-07	-2.042236328125E-06	1.79927428689552E-06	668216.5	6.56608563076588E-06
82	165.190567582934	1.09207153320313	1.0919189453125	1.66351318359375E-06	-4.6966552734375E-07	-2.1331787109375E-06	1.8164214452554E-06	656393.375	6.64869685351732E-06
83	165.240567582808	1.0870361328125	1.08734130859375	1.6827392578125E-06	-5.3436279296875E-07	-2.21710205078125E-06	1.82971189133241E-06	646173.375	6.7323530856811E-06
84	165.290567582681	1.08200073242188	1.08184814453125	1.69891357421875E-06	-5.9356689453125E-07	-2.29248046875E-06	1.83796635155886E-06	636788.25	6.8168942561897E-06
85	165.340567582555	1.07696533203125	1.0772705078125	1.7108154296875E-06	-6.44836425781251E-07	-2.35565185546875E-06	1.84301097760908E-06	629682.5	6.90213755660807E-06
86	165.390567582429	1.07192993164063	1.07208251953125	1.71722412109375E-06	-6.8695068359375E-07	-2.4041748046875E-06	1.84100599653902E-06	624311.375	6.98783878760878E-06
87	165.440567582303	1.06689453125	1.06689453125	1.71722412109375E-06	-7.2174072265625E-07	-2.43896484375E-06	1.83209704118781E-06	621290.1875	7.07369963492965E-06
88	165.490567582176	1.06185913085938	1.06170654296875	1.71051025390625E-06	-7.464599609375E-07	-2.45697021484375E-06	1.81605992111145E-06	620695.8125	7.1593931352254E-06
89	165.54056758205	1.05682373046875	1.0565185546875	1.6973876953125E-06	-7.60498046875E-07	-2.4578857421875E-06	1.79332153038558E-06	622438	7.24459050616133E-06
90	165.590567581924	1.05178833007813	1.05194091796875	1.67755126953125E-06	-7.647705078125E-07	-2.44232177734375E-06	1.76468483914505E-06	627069.3125	7.32896387489745E-06
91	165.640567581798	1.0467529296875	1.046142578125	1.6534423828125E-06	-7.6171875E-07	-2.4151611328125E-06	1.72973648204788E-06	632705.8125	7.41223902878119E-06
92	165.690567581672	1.04171752929688	1.0418701171875	1.624755859375E-06	-7.5225830078125E-07	-2.37701416015625E-06	1.69278450812271E-06	641247.1875	7.4941940511053E-06
93	165.740567581545	1.03668212890625	1.036376953125	1.59210205078125E-06	-7.373046875E-07	-2.32940673828125E-06	1.6500177935086E-06	650948.875	7.57461521061487E-06
94	165.790567581419	1.03164672851563	1.03118896484375	1.55853271484375E-06	-7.18994140625E-07	-2.27752685546875E-06	1.60714159846975E-06	661640.9375	7.65338154451456E-06
95	165.840567581293	1.026611328125	1.02630615234375	1.5234375E-06	-6.9915771484375E-07	-2.22259521484375E-06	1.56351325131254E-06	673677.875	7.73043029766995E-06
96	165.890567581167	1.02157592773438	1.02142333984375	1.4892578125E-06	-6.7962646484375E-07	-2.16888427734375E-06	1.52116263052449E-06	685860.6875	7.80574737291317E-06
97	165.94056758104	1.01654052734375	1.01715087890625	1.456298828125E-06	-6.6192626953125E-07	-2.11822509765625E-06	1.48127560350986E-06	698449.3125	7.87938643043162E-06
98	165.990567580914	1.01150512695313	1.0113525390625	1.42486572265625E-06	-6.48193359375E-07	-2.07305908203125E-06	1.44104149057966E-06	709788	7.95141568232793E-06
99	166.040567580788	1.0064697265625	1.00616455078125	1.39862060546875E-06	-6.41479492187499E-07	-2.04010009765625E-06	1.40724250741187E-06	719397.75	8.02200338512193E-06
100	166.090567580662	1.00143432617188	1.00128173828125	1.375732421875E-06	-6.40869140625E-07	-2.0166015625E-06	1.37749566420098E-06	727817.25	8.09136145107914E-06
101	166.140567580535	0.99639892578125	0.99639892578125	1.358642578125E-06	-6.49414062500001E-07	-2.008056640625E-06	1.35374989440606E-06	733378.3125	8.15972089185379E-06
102	166.190567580409	0.991363525390625	0.9918212890625	1.34735107421875E-06	-6.6864013671875E-07	-2.0159912109375E-06	1.33633147925138E-06	736126.875	8.22737092676107E-06
103	166.240567580283	0.986328125	0.98663330078125	1.34124755859375E-06	-6.99462890624999E-07	-2.04071044921875E-06	1.32331945223996E-06	735608.6875	8.29458622320089E-06
104	166.290567580157	0.981292724609375	0.9814453125	1.3421630859375E-06	-7.40661621093749E-07	-2.08282470703125E-06	1.31725960272888E-06	731241.5	8.36167146189837E-06
105	166.34056758003	0.97625732421875	0.9759521484375	1.3494873046875E-06	-7.9315185546875E-07	-2.14263916015625E-06	1.31703507122438E-06	723202.1875	8.42896224639844E-06
106	166.390567579904	0.971221923828125	0.9710693359375	1.36260986328125E-06	-8.59680175781249E-07	-2.2222900390625E-06	1.32318859868974E-06	712654	8.49676507641561E-06
107	166.440567579778	0.9661865234375	0.96649169921875	1.383056640625E-06	-9.37499999999999E-07	-2.320556640625E-06	1.3367127849051E-06	698808.4375	8.56540646054782E-06
108	166.490567579652	0.961151123046875	0.96099853515625	1.40899658203125E-06	-1.026611328125E-06	-2.43560791015625E-06	1.35404366119474E-06	682044.625	8.63520835991949E-06
109	166.540567579525	0.95611572265625	0.955810546875	1.4398193359375E-06	-1.12548828125E-06	-2.5653076171875E-06	1.37619440465642E-06	663840.625	8.70642816153122E-06
110	166.590567579399	0.951080322265625	0.95062255859375	1.4752197265625E-06	-1.23443603515625E-06	-2.70965576171875E-06	1.40237716550473E-06	644393.875	8.77930415299488E-06
111	166.640567579273	0.946044921875	0.946044921875	1.51397705078125E-06	-1.35009765625E-06	-2.86407470703125E-06	1.43229033255921E-06	624874	8.85403460415546E-06
112	166.690567579147	0.941009521484375	0.941162109375	1.553955078125E-06	-1.47003173828125E-06	-3.02398681640625E-06	1.4625236417487E-06	605655.9375	8.93073229235597E-06
113	166.740567579021	0.93597412109375	0.9356689453125	1.5924072265625E-06	-1.5911865234375E-06	-3.18359375E-06	1.48996593907214E-06	587581.4375	9.0093917606282E-06
114	166.790567578894	0.930938720703125	0.93109130859375	1.629638671875E-06	-1.71234130859375E-06	-3.34197998046875E-06	1.51734241171653E-06	571348.3125	9.08994297788013E-06
115	166.840567578768	0.9259033203125	0.92620849609375	1.66229248046875E-06	-1.82891845703125E-06	-3.4912109375E-06	1.5396293520098E-06	557187.4375	9.17224133445416E-06
116	166.890567578642	0.920867919921875	0.92071533203125	1.6876220703125E-06	-1.9378662109375E-06	-3.62548828125E-06	1.5538194020337E-06	545569.625	9.25598851608811E-06
117	166.940567578516	0.91583251953125	0.91583251953125	1.70379638671875E-06	-2.03582763671875E-06	-3.7396240234375E-06	1.56039209286973E-06	537524.625	9.34077434067149E-06
118	166.990567578389	0.910797119140625	0.91064453125	1.71051025390625E-06	-2.12005615234375E-06	-3.83056640625E-06	1.55766679199587E-06	532381.8125	9.42613223742228E-06
119	167.040567578263	0.90576171875	0.90606689453125	1.705322265625E-06	-2.188720703125E-06	-3.89404296875E-06	1.54513600136852E-06	531317.125	9.51152742345585E-06
120	167.090567578137	0.900726318359375	0.90087890625	1.6876220703125E-06	-2.23785400390625E-06	-3.92547607421875E-06	1.52034306211135E-06	533815.5625	9.5963514468167E-06
121	167.140567578011	0.89569091796875	0.8953857421875	1.65802001953125E-06	-2.266845703125E-06	-3.92486572265625E-06	1.48456740589609E-06	540033.125	9.67999221757054E-06
122	167.190567577884	0.890655517578125	0.89080810546875	1.6180419921875E-06	-2.276611328125E-06	-3.8946533203125E-06	1.44136492963298E-06	550546.9375	9.7618940344546E-06
123	167.240567577758	0.8856201171875	0.88592529296875	1.5673828125E-06	-2.26715087890625E-06	-3.83453369140625E-06	1.38858410991816E-06	565225.875	9.84152939054184E-06
124	167.290567577632	0.880584716796875	0.88043212890625	1.5087890625E-06	-2.23968505859375E-06	-3.74847412109375E-06	1.32838636091037E-06	583535.625	9.91843353403965E-06
125	167.340567577506	0.87554931640625	0.875244140625	1.44317626953125E-06	-2.197265625E-06	-3.64044189453125E-06	1.26313148030022E-06	606470.75	9.99223266262561E-06
126	167.390567577379	0.870513916015625	0.8709716796875	1.3726806640625E-06	-2.14324951171875E-06	-3.51593017578125E-06	1.19556602840021E-06	634504.1875	1.00626293715322E-05
127	167.440567577253	0.865478515625	0.86578369140625	1.3006591796875E-06	-2.08099365234375E-06	-3.38165283203125E-06	1.1260895007581E-06	665649.9375	1.01294626801973E-05
128	167.490567577127	0.860443115234375	0.86029052734375	1.229248046875E-06	-2.01446533203125E-06	-3.24371337890625E-06	1.05751041701296E-06	699851.0625	1.0192710760748E-05
129	167.540567577001	0.85540771484375	0.855712890625	1.15936279296875E-06	-1.94732666015625E-06	-3.106689453125E-06	9.92081709227932E-07	738089	1.02524254543823E-05
130	167.590567576874	0.850372314453125	0.850830078125	1.09466552734375E-06	-1.8841552734375E-06	-2.97882080078125E-06	9.31374358970061E-07	777251.1875	1.03087768366095E-05
131	167.640567576748	0.8453369140625	0.845947265625	1.036376953125E-06	-1.82861328125E-06	-2.864990234375E-06	8.76720264386677E-07	816254.4375	1.03620523077552E-05
132	167.690567576622	0.840301513671875	0.841064453125	9.857177734375E-07	-1.783447265625E-06	-2.7691650390625E-06	8.29052169137867E-07	853250.8125	1.04126047517639E-05
133	167.740567576496	0.83526611328125	0.8355712890625	9.43908691406251E-07	-1.7510986328125E-06	-2.69500732421875E-06	7.887030051279E-07	885224.6875	1.04608452602406E-05
134	167.79056757637	0.830230712890625	0.830078125	9.124755859375E-07	-1.73370361328125E-06	-2.64617919921875E-06	7.57425993924699E-07	909699	1.05072549558827E-05
135	167.840567576243	0.8251953125	0.82489013671875	8.9111328125E-07	-1.7333984375E-06	-2.62451171875E-06	7.35070500468282E-07	925684.9375	1.05523449747125E-05
136	167.890567576117	0.820159912109375	0.8203125	8.807373046875E-07	-1.75018310546875E-06	-2.63092041015625E-06	7.22479796877451E-07	931392.9375	1.05966410046676E-05
137	167.940567575991	0.81512451171875	0.81573486328125	8.8226318359375E-07	-1.7877197265625E-06	-2.66998291015625E-06	7.19692820894124E-07	924593.5625	1.06407160274102E-05
138	167.990567575865	0.810089111328125	0.80963134765625	8.9447021484375E-07	-1.84478759765625E-06	-2.7392578125E-06	7.24191124845674E-07	905151.875	1.06851348391501E-05
139	168.040567575738	0.8050537109375	0.80474853515625	9.16442871093751E-07	-1.9219970703125E-06	-2.83843994140625E-06	7.37506013592792E-07	878121.875	1.0730407666415E-05
140	168.090567575612	0.800018310546875	0.79986572265625	9.48486328125001E-07	-2.021484375E-06	-2.969970703125E-06	7.58661713007314E-07	843307.5625	1.0777031093312E-05
141	168.140567575486	0.79498291015625	0.79498291015625	9.8419189453125E-07	-2.137451171875E-06	-3.12164306640625E-06	7.82415668254544E-07	807752	1.08253479993436E-05
142	168.19056757536	0.789947509765625	0.79010009765625	1.031494140625E-06	-2.27020263671875E-06	-3.30169677734375E-06	8.14983593500074E-07	765976.375	1.08757394627901E-05
143	168.240567575233	0.784912109375	0.784912109375	1.083984375E-06	-2.4169921875E-06	-3.5009765625E-06	8.50832407195412E-07	724099.125	1.09286265796982E-05
144	168.290567575107	0.779876708984375	0.77972412109375	1.13861083984375E-06	-2.57568359375E-06	-3.71429443359375E-06	8.87802343640942E-07	684803	1.09841912490083E-05
145	168.340567574981	0.77484130859375	0.7745361328125	1.19476318359375E-06	-2.744140625E-06	-3.93890380859375E-06	9.25387269035127E-07	648275.875	1.104252623918E-05
146	168.390567574855	0.769805908203125	0.770263671875	1.2481689453125E-06	-2.9180908203125E-06	-4.166259765625E-06	9.61419232226035E-07	617114.9375	1.11035997178988E-05
147	168.440567574728	0.7647705078125	0.76507568359375	1.29608154296875E-06	-3.09326171875E-06	-4.38934326171875E-06	9.91600472843857E-07	590299	1.11672052298672E-05
148	168.490567574602	0.759735107421875	0.7598876953125	1.3348388671875E-06	-3.2659912109375E-06	-4.600830078125E-06	1.01432760857278E-06	569273	1.12329789772048E-05
149	168.540567574476	0.75469970703125	0.75531005859375	1.36322021484375E-06	-3.43292236328125E-06	-4.796142578125E-06	1.02965395853971E-06	554063.125	1.13004298327724E-05
150	168.59056757435	0.749664306640625	0.749603271484375	1.380615234375E-06	-3.58856201171875E-06	-4.96917724609375E-06	1.0349136800869E-06	542948.75	1.13690257421695E-05
151	168.640567574223	0.74462890625	0.744598388671875	1.37664794921875E-06	-3.72894287109375E-06	-5.1055908203125E-06	1.02504975529882E-06	540877.875	1.14379572551115E-05
152	168.690567574097	0.739593505859375	0.739501953125	1.3580322265625E-06	-3.8482666015625E-06	-5.206298828125E-06	1.0042674603028E-06	544539.375	1.15063248813385E-05
153	168.740567573971	0.73455810546875	0.7344970703125	1.3250732421875E-06	-3.9453125E-06	-5.2703857421875E-06	9.73262331172009E-07	554306.8125	1.15734019345837E-05
154	168.790567573845	0.729522705078125	0.7294921875	1.27532958984375E-06	-4.01580810546875E-06	-5.2911376953125E-06	9.30342935134831E-07	572002.9375	1.16384126158664E-05
155	168.840567573719	0.7244873046875	0.724395751953125	1.21124267578125E-06	-4.05548095703125E-06	-5.2667236328125E-06	8.77419040534733E-07	598060	1.17005765787326E-05
156	168.890567573592	0.719451904296875	0.719390869140625	1.1346435546875E-06	-4.06341552734375E-06	-5.19805908203125E-06	8.1625216807879E-07	634023.6875	1.1759223525587E-05
157	168.940567573466	0.71441650390625	0.714324951171875	1.04583740234375E-06	-4.03961181640625E-06	-5.08544921875E-06	7.47067758766207E-07	683017.25	1.18137359095272E-05
158	168.99056757334	0.709381103515625	0.709320068359375	9.4879150390625E-07	-3.984375E-06	-4.93316650390625E-06	6.72996804951254E-07	747603.75	1.1863601685036E-05
159	169.040567573214	0.704345703125	0.704315185546875	8.43505859375E-07	-3.897705078125E-06	-4.7412109375E-06	5.94093990002875E-07	834985.5	1.19084088510135E-05
160	169.090567573087	0.699310302734375	0.699310302734375	7.3272705078125E-07	-3.78448486328125E-06	-4.5172119140625E-06	5.12403573793563E-07	954394.0625	1.19478145279572E-05
161	169.140567572961	0.69427490234375	0.694244384765625	6.20422363281251E-07	-3.6492919921875E-06	-4.26971435546875E-06	4.30724725219989E-07	1118986.75	1.19816431833897E-05
162	169.190567572835	0.689239501953125	0.689208984375	5.07202148437499E-07	-3.49761962890625E-06	-4.00482177734375E-06	3.49568267665745E-07	1358844.875	1.20098338811658E-05
163	169.240567572709	0.6842041015625	0.684173583984375	3.96118164062501E-07	-3.3349609375E-06	-3.7310791015625E-06	2.7101359023618E-07	1727195.625	1.20324166346109E-05
164	169.290567572582	0.679168701171875	0.67913818359375	2.8839111328125E-07	-3.16650390625E-06	-3.45489501953125E-06	1.95857410290046E-07	2354920.75	1.20495296869194E-05
165	169.340567572456	0.67413330078125	0.674072265625	1.861572265625E-07	-2.99774169921875E-06	-3.18389892578125E-06	1.25483424540107E-07	3620983.75	1.20613931358093E-05
166	169.39056757233	0.669097900390625	0.6690673828125	9.09423828125006E-08	-2.83203125E-06	-2.9229736328125E-06	6.08465811069436E-08	7357047.5	1.20683207569527E-05
167	169.440567572204	0.6640625	0.663970947265625	4.88281249999972E-09	-2.672119140625E-06	-2.677001953125E-06	3.24204552093477E-09	135981248	1.20707163659972E-05
168	169.490567572077	0.659027099609375	0.658935546875	-7.171630859375E-08	-2.520751953125E-06	-2.44903564453125E-06	-4.72564245512785E-08	-9188085	1.20690456242301E-05
169	169.540567571951	0.65399169921875	0.653900146484375	-1.38244628906251E-07	-2.38067626953125E-06	-2.242431640625E-06	-9.03981813848986E-08	-4730022	1.20637969303061E-05
170	169.590567571825	0.648956298828125	0.64892578125	-1.94702148437501E-07	-2.25067138671875E-06	-2.05596923828125E-06	-1.26347231343971E-07	-3332915.5	1.20554732347955E-05
171	169.640567571699	0.6439208984375	0.64385986328125	-2.410888671875E-07	-2.1307373046875E-06	-1.8896484375E-06	-1.55227439790906E-07	-2670633	1.2044578397763E-05
172	169.690567571573	0.638885498046875	0.63885498046875	-2.7923583984375E-07	-2.0220947265625E-06	-1.74285888671875E-06	-1.78391189820104E-07	-2287869	1.20315698950435E-05
173	169.740567571446	0.63385009765625	0.63385009765625	-3.0853271484375E-07	-1.92352294921875E-06	-1.614990234375E-06	-1.95563501392826E-07	-2054401.5	1.20168760986417E-05
174	169.79056757132	0.628814697265625	0.6287841796875	-3.30505371093751E-07	-1.83319091796875E-06	-1.502685546875E-06	-2.07816555075624E-07	-1902493.125	1.20008999147103E-05
175	169.840567571194	0.623779296875	0.623748779296875	-3.45458984374999E-07	-1.75201416015625E-06	-1.40655517578125E-06	-2.15479616372249E-07	-1805565.5	1.19840005936567E-05
176	169.890567571068	0.618743896484375	0.618682861328125	-3.5552978515625E-07	-1.67877197265625E-06	-1.3232421875E-06	-2.19960185177115E-07	-1740171.75	1.19664764497429E-05
177	169.940567570941	0.61370849609375	0.613739013671875	-3.6041259765625E-07	-1.61163330078125E-06	-1.251220703125E-06	-2.21199272232298E-07	-1702878.875	1.1948577594012E-05
178	169.990567570815	0.608673095703125	0.608642578125	-3.61328125E-07	-1.55059814453125E-06	-1.18927001953125E-06	-2.19919684241177E-07	-1684459.5	1.19305341286235E-05
179	170.040567570689	0.6036376953125	0.60357666015625	-3.59191894531249E-07	-1.495361328125E-06	-1.13616943359375E-06	-2.16799833197001E-07	-1680373.875	1.19125206765602E-05
180	170.090567570563	0.598602294921875	0.598602294921875	-3.5430908203125E-07	-1.4447021484375E-06	-1.09039306640625E-06	-2.12090213835836E-07	-1689491.875	1.18946836664691E-05
181	170.140567570436	0.59356689453125	0.59356689453125	-3.4820556640625E-07	-1.39892578125E-06	-1.05072021484375E-06	-2.06683296255505E-07	-1704645.125	1.18771204142831E-05
182	170.19056757031	0.588531494140625	0.58856201171875	-3.399658203125E-07	-1.35589599609375E-06	-1.01593017578125E-06	-2.00090966018251E-07	-1731238.75	1.18599164125044E-05
183	170.240567570184	0.58349609375	0.58349609375	-3.30505371093751E-07	-1.31561279296875E-06	-9.85107421874999E-07	-1.9284858865376E-07	-1765466.25	1.18431544251507E-05
184	170.290567570058	0.578460693359375	0.578460693359375	-3.204345703125E-07	-1.27960205078125E-06	-9.59167480468751E-07	-1.85358800308677E-07	-1805238.125	1.18268808364519E-05
185	170.340567569931	0.57342529296875	0.573394775390625	-3.0975341796875E-07	-1.24542236328125E-06	-9.356689453125E-07	-1.7761098547453E-07	-1851133.125	1.18111265692278E-05
186	170.390567569805	0.568389892578125	0.56842041015625	-2.99072265625E-07	-1.21368408203125E-06	-9.1461181640625E-07	-1.6999878482693E-07	-1900612.25	1.17959061753936E-05
187	170.440567569679	0.5633544921875	0.56341552734375	-2.87780761718751E-07	-1.18377685546875E-06	-8.9599609375E-07	-1.62140139536859E-07	-1957794.375	1.17812342068646E-05
188	170.490567569553	0.558319091796875	0.558319091796875	-2.76794433593749E-07	-1.15570068359375E-06	-8.7890625E-07	-1.54539606000981E-07	-2017089.375	1.17671197585878E-05
189	170.540567569426	0.55328369140625	0.553314208984375	-2.6519775390625E-07	-1.12945556640625E-06	-8.642578125E-07	-1.46737676232078E-07	-2086421.25	1.17535701065208E-05
190	170.5905675693	0.548248291015625	0.548248291015625	-2.545166015625E-07	-1.1041259765625E-06	-8.49609375E-07	-1.39538300913955E-07	-2154076.75	1.17405770652113E-05
191	170.640567569174	0.543212890625	0.543212890625	-2.43530273437501E-07	-1.080322265625E-06	-8.36791992187499E-07	-1.32288789700397E-07	-2230576.5	1.1728126082744E-05
192	170.690567569048	0.538177490234375	0.538177490234375	-2.33154296875E-07	-1.0577392578125E-06	-8.24584960937499E-07	-1.25478393897538E-07	-2308246	1.17162089736667E-05
193	170.740567568922	0.53314208984375	0.533111572265625	-2.2247314453125E-07	-1.03607177734375E-06	-8.135986328125E-07	-1.18603004750639E-07	-2396296.5	1.17048184620216E-05
194	170.790567568795	0.528106689453125	0.52813720703125	-2.1240234375E-07	-1.01593017578125E-06	-8.03527832031251E-07	-1.12177581002015E-07	-2486494.25	1.16939463623567E-05
195	170.840567568669	0.5230712890625	0.523101806640625	-2.0294189453125E-07	-9.9609375E-07	-7.9315185546875E-07	-1.06159269819273E-07	-2577594	1.16835626613465E-05
196	170.890567568543	0.518035888671875	0.518035888671875	-1.934814453125E-07	-9.77783203125E-07	-7.843017578125E-07	-1.00230330701834E-07	-2677444.75	1.1673652807076E-05
197	170.940567568417	0.51300048828125	0.5130615234375	-1.83715820312499E-07	-9.6038818359375E-07	-7.7667236328125E-07	-9.42575155704617E-08	-2792691.25	1.16642222565133E-05
198	170.99056756829	0.507965087890625	0.50799560546875	-1.74560546874999E-07	-9.429931640625E-07	-7.68432617187501E-07	-8.86759892182454E-08	-2910140	1.16552655526903E-05
199	171.040567568164	0.5029296875	0.5029296875	-1.65405273437499E-07	-9.2681884765625E-07	-7.6141357421875E-07	-8.31872171147552E-08	-3040590.5	1.16467663247022E-05
200	171.090567568038	0.497894287109375	0.49786376953125	-1.568603515625E-07	-9.112548828125E-07	-7.54394531249999E-07	-7.8095084177221E-08	-3173930	1.16387100206339E-05
201	171.140567567912	0.49285888671875	0.49285888671875	-1.4801025390625E-07	-8.96606445312501E-07	-7.48596191406251E-07	-7.29481612893323E-08	-3329897.25	1.16310875455383E-05
202	171.190567567785	0.487823486328125	0.48785400390625	-1.4007568359375E-07	-8.8165283203125E-07	-7.415771484375E-07	-6.83364831388644E-08	-3482788.75	1.16238861664897E-05
203	171.240567567659	0.4827880859375	0.482757568359375	-1.31835937499999E-07	-8.6822509765625E-07	-7.36389160156251E-07	-6.36447907709226E-08	-3661805.75	1.16170876935939E-05
204	171.290567567533	0.477752685546875	0.477783203125	-1.24206542968749E-07	-8.544921875E-07	-7.30285644531251E-07	-5.93437974316657E-08	-3846683.25	1.16106866698829E-05
205	171.340567567407	0.47271728515625	0.4727783203125	-1.1627197265625E-07	-8.41064453125E-07	-7.2479248046875E-07	-5.49708651931269E-08	-4066141.75	1.16046749099041E-05
206	171.39056756728	0.467681884765625	0.46771240234375	-1.0833740234375E-07	-8.282470703125E-07	-7.1990966796875E-07	-5.0670745821435E-08	-4317183	1.15990596896154E-05
207	171.440567567154	0.462646484375	0.462615966796875	-1.01318359374999E-07	-8.15429687499999E-07	-7.14111328125E-07	-4.68714880241805E-08	-4565964	1.15938182716491E-05
208	171.490567567028	0.457611083984375	0.45758056640625	-9.46044921875E-08	-8.03222656249999E-07	-7.086181640625E-07	-4.32891766877219E-08	-4836774.5	1.158892064268E-05
209	171.540567566902	0.45257568359375	0.452606201171875	-8.81958007812503E-08	-7.9071044921875E-07	-7.02514648437499E-07	-3.9917964045344E-08	-5131834	1.15843504318036E-05
210	171.590567566775	0.447540283203125	0.447601318359375	-8.20922851562503E-08	-7.781982421875E-07	-6.9610595703125E-07	-3.67446162385932E-08	-5452416.5	1.15800930871046E-05
211	171.640567566649	0.4425048828125	0.4425048828125	-7.62939453125E-08	-7.66601562499999E-07	-6.903076171875E-07	-3.37604433298111E-08	-5800000	1.15761331471731E-05
212	171.690567566523	0.437469482421875	0.437469482421875	-7.11059570312506E-08	-7.54699707031251E-07	-6.8359375E-07	-3.11066870040122E-08	-6152360.5	1.15724487841362E-05
213	171.740567566397	0.43243408203125	0.432403564453125	-6.59179687499997E-08	-7.4310302734375E-07	-6.7718505859375E-07	-2.85031642732747E-08	-6559722.5	1.15690227175946E-05
214	171.790567566271	0.427398681640625	0.427459716796875	-6.04248046875006E-08	-7.3150634765625E-07	-6.71081542968749E-07	-2.58291699140045E-08	-7074242.5	1.15658640424954E-05
215	171.840567566144	0.42236328125	0.42242431640625	-5.58471679687506E-08	-7.20825195312499E-07	-6.64978027343749E-07	-2.35912018808904E-08	-7563934.5	1.15629572974285E-05
216	171.890567566018	0.417327880859375	0.417388916015625	-5.09643554687494E-08	-7.098388671875E-07	-6.5887451171875E-07	-2.12719566405895E-08	-8189821	1.15602870209841E-05
217	171.940567565892	0.41229248046875	0.412353515625	-4.63867187499994E-08	-6.9915771484375E-07	-6.5277099609375E-07	-1.91277251815336E-08	-8889474	1.15578532131622E-05
218	171.990567565766	0.407257080078125	0.407318115234375	-4.18090820312494E-08	-6.88781738281249E-07	-6.4697265625E-07	-1.70295955115307E-08	-9742336	1.15556485980051E-05
219	172.040567565639	0.4022216796875	0.402313232421875	-3.69262695312497E-08	-6.793212890625E-07	-6.4239501953125E-07	-1.48559271551107E-08	-10895041	1.15536804514704E-05
220	172.090567565513	0.397186279296875	0.397216796875	-3.204345703125E-08	-6.70471191406249E-07	-6.38427734375E-07	-1.27281989392714E-08	-12396191	1.15519560495159E-05
221	172.140567565387	0.39215087890625	0.392242431640625	-2.77709960937497E-08	-6.610107421875E-07	-6.3323974609375E-07	-1.08929629760723E-08	-14124176	1.15504608402262E-05
222	172.190567565261	0.387115478515625	0.38714599609375	-2.38037109375006E-08	-6.5277099609375E-07	-6.2896728515625E-07	-9.21551102095464E-09	-16264103	1.1549171176739E-05
223	172.240567565134	0.382080078125	0.382171630859375	-1.95312500000003E-08	-6.44836425781251E-07	-6.2530517578125E-07	-7.4642896308319E-09	-19567188	1.15480879685492E-05
224	172.290567565008	0.377044677734375	0.377166748046875	-1.46484375000006E-08	-6.3751220703125E-07	-6.2286376953125E-07	-5.52490320160359E-09	-25747918	1.15472330435296E-05
225	172.340567564882	0.37200927734375	0.372039794921875	-1.03759765625003E-08	-6.298828125E-07	-6.195068359375E-07	-3.86027609877715E-09	-35855884	1.15466073111747E-05
226	172.390567564756	0.366973876953125	0.36700439453125	-5.49316406250056E-09	-6.2255859375E-07	-6.170654296875E-07	-2.01601535465556E-09	-66811112	1.15462107714848E-05
227	172.440567564629	0.3619384765625	0.361968994140625	-6.10351562499445E-10	-6.1676025390625E-07	-6.1614990234375E-07	-2.20928331184922E-10	-593049984	1.15460579763749E-05
228	172.490567564503	0.356903076171875	0.35693359375	3.66210937499945E-09	-6.103515625E-07	-6.14013671874999E-07	1.30712984880432E-09	97466672	1.15461343739298E-05
229	172.540567564377	0.35186767578125	0.35186767578125	7.93457031249972E-09	-6.0455322265625E-07	-6.12487792968749E-07	2.79191891827679E-09	44346152	1.15464245027397E-05
230	172.590567564251	0.346832275390625	0.34686279296875	1.28173828124994E-08	-5.99060058593751E-07	-6.1187744140625E-07	4.4458730030783E-09	27061904	1.15469438242144E-05
231	172.640567564124	0.341796875	0.341796875	1.70898437499997E-08	-5.9417724609375E-07	-6.11267089843749E-07	5.84125459113238E-09	20000002	1.15476914288593E-05
232	172.690567563998	0.336761474609375	0.336822509765625	2.16674804687497E-08	-5.89599609374999E-07	-6.11267089843749E-07	7.29809501720524E-09	15545071	1.15486600407166E-05
233	172.740567563872	0.33172607421875	0.331787109375	2.65502929687494E-08	-5.85021972656249E-07	-6.11572265624999E-07	8.80904504896307E-09	12496552	1.15498651211965E-05
234	172.790567563746	0.326690673828125	0.32672119140625	3.11279296874994E-08	-5.8135986328125E-07	-6.1248779296875E-07	1.01701536081578E-08	10496079	1.15513075797935E-05
235	172.84056756362	0.3216552734375	0.321685791015625	3.54003906249997E-08	-5.7830810546875E-07	-6.1370849609375E-07	1.13878027008241E-08	9087069	1.1552971045603E-05
236	172.890567563493	0.316619873046875	0.316680908203125	4.02832031249994E-08	-5.755615234375E-07	-6.15844726562499E-07	1.27569208530076E-08	7861364	1.15548627945827E-05
237	172.940567563367	0.31158447265625	0.31158447265625	4.425048828125E-08	-5.72509765625E-07	-6.1676025390625E-07	1.37877647077289E-08	7041379.5	1.15569764602697E-05
238	172.990567563241	0.306549072265625	0.30657958984375	4.91333007812497E-08	-5.706787109375E-07	-6.1981201171875E-07	1.50632661899408E-08	6239752	1.15593102236744E-05
239	173.040567563115	0.301513671875	0.301483154296875	5.340576171875E-08	-5.69763183593749E-07	-6.23168945312499E-07	1.61009374721743E-08	5645143	1.15618740892387E-05
240	173.090567562988	0.296478271484375	0.29644775390625	5.76782226562503E-08	-5.694580078125E-07	-6.2713623046875E-07	1.7098578553032E-08	5139682.5	1.15646507765632E-05
241	173.140567562862	0.29144287109375	0.29144287109375	6.256103515625E-08	-5.69763183593749E-07	-6.32324218749999E-07	1.82329671361003E-08	4658536.5	1.15676575660473E-05
242	173.190567562736	0.286407470703125	0.286468505859375	6.7138671875E-08	-5.7037353515625E-07	-6.3751220703125E-07	1.92331146564584E-08	4266818	1.15708999146591E-05
243	173.24056756261	0.2813720703125	0.281402587890625	7.20214843749997E-08	-5.7220458984375E-07	-6.4422607421875E-07	2.02670324966903E-08	3907203.25	1.15743787318934E-05
244	173.290567562483	0.276336669921875	0.276397705078125	7.72094726562506E-08	-5.74645996093751E-07	-6.51855468750001E-07	2.13405204618766E-08	3579842	1.157810947916E-05
245	173.340567562357	0.27130126953125	0.271331787109375	8.17871093750006E-08	-5.780029296875E-07	-6.59790039062501E-07	2.21914415732272E-08	3317537.5	1.15820839710068E-05
246	173.390567562231	0.266265869140625	0.26629638671875	8.697509765625E-08	-5.828857421875E-07	-6.6986083984375E-07	2.31611529954989E-08	3061754.5	1.15863031169283E-05
247	173.440567562105	0.26123046875	0.261260986328125	9.18579101562497E-08	-5.88378906250001E-07	-6.8023681640625E-07	2.39988864336738E-08	2844186.25	1.15907741928822E-05
248	173.490567561978	0.256195068359375	0.25628662109375	9.79614257812497E-08	-5.95703124999999E-07	-6.93664550781249E-07	2.51062033385097E-08	2616199.5	1.15955199362361E-05
249	173.540567561852	0.25115966796875	0.25115966796875	1.03149414062501E-07	-6.04248046875E-07	-7.07397460937501E-07	2.59069725672134E-08	2434911.25	1.16005476229475E-05
250	173.590567561726	0.246124267578125	0.246185302734375	1.09252929687501E-07	-6.15234375E-07	-7.244873046875E-07	2.68964654992487E-08	2253352	1.16058572530164E-05
251	173.6405675616	0.2410888671875	0.24114990234375	1.15356445312501E-07	-6.28051757812501E-07	-7.43408203125001E-07	2.78181957469315E-08	2090476.25	1.16114724733052E-05
252	173.690567561473	0.236053466796875	0.236083984375	1.220703125E-07	-6.427001953125E-07	-7.647705078125E-07	2.88188441999182E-08	1934000.125	1.16174087452237E-05
253	173.740567561347	0.23101806640625	0.231048583984375	1.29089355468751E-07	-6.60400390625E-07	-7.89489746093751E-07	2.98259124065225E-08	1789834.5	1.16236878966447E-05
254	173.790567561221	0.225982666015625	0.22601318359375	1.36413574218749E-07	-6.81457519531251E-07	-8.1787109375E-07	3.08312664287769E-08	1656823.25	1.16303253889782E-05
255	173.840567561095	0.220947265625	0.22100830078125	1.446533203125E-07	-7.061767578125E-07	-8.50830078125001E-07	3.1969584313174E-08	1527848.125	1.16373521450441E-05
256	173.890567560969	0.215911865234375	0.215972900390625	1.53503417968751E-07	-7.3455810546875E-07	-8.880615234375E-07	3.3152577572082E-08	1406958.375	1.16448054541252E-05
257	173.940567560842	0.21087646484375	0.2109375	1.63879394531249E-07	-7.6812744140625E-07	-9.32006835937499E-07	3.45683091040883E-08	1287150.875	1.16527398859034E-05
258	173.990567560716	0.205841064453125	0.2059326171875	1.74865722656251E-07	-8.06884765625E-07	-9.81750488281251E-07	3.60105545382794E-08	1177661.5	1.16612091005663E-05
259	174.04056756059	0.2008056640625	0.200897216796875	1.87072753906251E-07	-8.52050781249999E-07	-1.03912353515625E-06	3.75823923093321E-08	1073898.875	1.16702576633543E-05
260	174.090567560464	0.195770263671875	0.19580078125	2.0172119140625E-07	-9.04235839843751E-07	-1.10595703125E-06	3.94971664263721E-08	970650.5	1.16799774332321E-05
261	174.140567560337	0.19073486328125	0.19085693359375	2.17590332031251E-07	-9.6435546875E-07	-1.18194580078125E-06	4.1528622318765E-08	877138.875	1.16904602691648E-05
262	174.190567560211	0.185699462890625	0.18572998046875	2.362060546875E-07	-1.0345458984375E-06	-1.270751953125E-06	4.38705463068345E-08	786304.9375	1.170180439658E-05
263	174.240567560085	0.1806640625	0.180755615234375	2.57568359375E-07	-1.11480712890625E-06	-1.37237548828125E-06	4.65569272023458E-08	701777.25	1.17141489681671E-05
264	174.290567559959	0.175628662109375	0.175689697265625	2.81677246093751E-07	-1.2066650390625E-06	-1.48834228515625E-06	4.94877916423775E-08	623727	1.17276304081315E-05
265	174.340567559832	0.17059326171875	0.170654296875	3.1005859375E-07	-1.312255859375E-06	-1.622314453125E-06	5.29128314497029E-08	550393.6875	1.17424233394559E-05
266	174.390567559706	0.165557861328125	0.16558837890625	3.4210205078125E-07	-1.43157958984375E-06	-1.773681640625E-06	5.66481261898844E-08	484032.09375	1.17587278509745E-05
267	174.44056755958	0.1605224609375	0.1605224609375	3.79028320312499E-07	-1.56524658203125E-06	-1.94427490234375E-06	6.08425594350592E-08	423510.46875	1.17767558549531E-05
268	174.490567559454	0.155487060546875	0.155517578125	4.2083740234375E-07	-1.71478271484375E-06	-2.1356201171875E-06	6.54476082218025E-08	369543.15625	1.1796752914961E-05
269	174.540567559327	0.15045166015625	0.150482177734375	4.681396484375E-07	-1.88140869140625E-06	-2.34954833984375E-06	7.04466742718068E-08	321447.21875	1.18189773274935E-05
270	174.590567559201	0.145416259765625	0.1455078125	5.206298828125E-07	-2.064208984375E-06	-2.5848388671875E-06	7.57557145902865E-08	279484.15625	1.1843696483993E-05
271	174.640567559075	0.140380859375	0.140411376953125	5.7830810546875E-07	-2.26348876953125E-06	-2.841796875E-06	8.1201037005485E-08	242796.828125	1.18711695904494E-05
272	174.690567558949	0.135345458984375	0.135406494140625	6.4056396484375E-07	-2.47711181640625E-06	-3.11767578125E-06	8.6736520188424E-08	211386.375	1.19016413009376E-05
273	174.740567558822	0.13031005859375	0.13043212890625	7.0556640625E-07	-2.7056884765625E-06	-3.4112548828125E-06	9.20285216921002E-08	184861.59375	1.19352944238926E-05
274	174.790567558696	0.125274658203125	0.1253662109375	7.72705078124999E-07	-2.94677734375E-06	-3.719482421875E-06	9.68711049154081E-08	162243.296875	1.19722517410992E-05
275	174.84056755857	0.1202392578125	0.120330810546875	8.392333984375E-07	-3.19580078125E-06	-4.0350341796875E-06	1.00985637629947E-07	143381.8125	1.20125496323453E-05
276	174.890567558444	0.115203857421875	0.115264892578125	9.014892578125E-07	-3.450927734375E-06	-4.3524169921875E-06	1.03910061000079E-07	127860.53125	1.20560680443305E-05
277	174.940567558318	0.11016845703125	0.110260009765625	9.57336425781249E-07	-3.709716796875E-06	-4.66705322265625E-06	1.05555919560629E-07	115173.734375	1.21025386761175E-05
278	174.990567558191	0.105133056640625	0.105194091796875	1.0040283203125E-06	-3.96728515625E-06	-4.9713134765625E-06	1.05617843360051E-07	104772.0390625	1.21515731734689E-05
279	175.040567558065	0.10009765625	0.10015869140625	1.03729248046875E-06	-4.21966552734375E-06	-5.2569580078125E-06	1.03893853520276E-07	96557.8125	1.22026058306801E-05
280	175.090567557939	0.095062255859375	0.09515380859375	1.05316162109375E-06	-4.4586181640625E-06	-5.51177978515625E-06	1.00212332654337E-07	90350.625	1.22548672152334E-05
281	175.140567557813	0.09002685546875	0.090118408203125	1.0565185546875E-06	-4.6875E-06	-5.7440185546875E-06	9.52117673591601E-08	85297.5234375	1.23076097224839E-05
282	175.190567557686	0.084991455078125	0.085052490234375	1.03515625E-06	-4.901123046875E-06	-5.936279296875E-06	8.80426114235888E-08	82163.921875	1.23599011203623E-05
283	175.24056755756	0.0799560546875	0.080047607421875	9.9365234375E-07	-5.0872802734375E-06	-6.0809326171875E-06	7.95394896613288E-08	80558.96875	1.24106209113961E-05
284	175.290567557434	0.074920654296875	0.074951171875	9.320068359375E-07	-5.2490234375E-06	-6.1810302734375E-06	6.9854998230312E-08	80419.125	1.24587631944451E-05
285	175.340567557308	0.06988525390625	0.0699462890625	8.53881835937501E-07	-5.3802490234375E-06	-6.234130859375E-06	5.97258633661113E-08	81915.65625	1.25034102893551E-05
286	175.390567557181	0.064849853515625	0.064910888671875	7.598876953125E-07	-5.4779052734375E-06	-6.23779296875E-06	4.93249814326191E-08	85421.6875	1.2543754564831E-05
287	175.440567557055	0.059814453125	0.059814453125	6.5155029296875E-07	-5.535888671875E-06	-6.18743896484375E-06	3.89721250826369E-08	91803.28125	1.25790402307757E-05
288	175.490567556929	0.054779052734375	0.054901123046875	5.322265625E-07	-5.55419921875E-06	-6.08642578125E-06	2.92198336637739E-08	103153.6796875	1.26086342788767E-05
289	175.540567556803	0.04974365234375	0.04986572265625	4.046630859375E-07	-5.535888671875E-06	-5.9405517578125E-06	2.01788168396888E-08	123227.7578125	1.26320564959315E-05
290	175.590567556676	0.044708251953125	0.0448211669921875	2.6824951171875E-07	-5.4718017578125E-06	-5.74005126953125E-06	1.2023255280269E-08	167087.609375	1.26488794194302E-05
291	175.64056755655	0.0396728515625	0.0397918701171875	1.3275146484375E-07	-5.37109375E-06	-5.50384521484375E-06	5.28242916075783E-09	299747.125	1.26589047795278E-05
292	175.690567556424	0.034637451171875	0.0347412109375	-5.49316406250056E-09	-5.2337646484375E-06	-5.228271484375E-06	-1.90839177793833E-10	-6324444.5	1.26620861919946E-05
293	175.740567556298	0.02960205078125	0.0297149658203125	-1.446533203125E-07	-5.072021484375E-06	-4.9273681640625E-06	-4.2983683279374E-09	-205421.953125	1.26583327073604E-05
294	175.790567556171	0.024566650390625	0.0246795654296875	-2.79846191406249E-07	-4.8858642578125E-06	-4.60601806640625E-06	-6.90648205292632E-09	-88189.7578125	1.26477198136854E-05
295	175.840567556045	0.01953125	0.0196441650390625	-4.119873046875E-07	-4.6875E-06	-4.2755126953125E-06	-8.09314659733218E-09	-47681.484375	1.26304239529418E-05
296	175.890567555919	0.014495849609375	0.0146087646484375	-5.3680419921875E-07	-4.4830322265625E-06	-3.94622802734375E-06	-7.84204612358508E-09	-27214.328125	1.26067043311195E-05
297	175.940567555793	0.00946044921875	0.0095855712890625	-6.53991699218751E-07	-4.278564453125E-06	-3.62457275390625E-06	-6.26888363441935E-09	-14657.0244140625	1.25769347505411E-05
298	175.990567555667	0.004425048828125	0.00455322265624999	-7.611083984375E-07	-4.07684326171875E-06	-3.31573486328125E-06	-3.46549589025358E-09	-5982.35791015625	1.25415572256315E-05
299	176.04056755554	-0.0006103515625	-0.000469970703125003	-8.5662841796875E-07	-3.890380859375E-06	-3.03375244140625E-06	4.0259023892375E-10	548.62841796875	1.25011138152331E-05
300	176.090567555414	-0.005645751953125	-0.005511474609375	-9.429931640625E-07	-3.71307373046875E-06	-2.77008056640625E-06	5.19728304837486E-09	5844.66064453125	1.24561229313258E-05
301	176.140567555288	-0.01068115234375	-0.010516357421875	-1.01470947265625E-06	-3.5491943359375E-06	-2.53448486328125E-06	1.06710480451966E-08	10363.91015625	1.24071802929393E-05
302	176.190567555162	-0.015716552734375	-0.0155548095703125	-1.07330322265625E-06	-3.39935302734375E-06	-2.3260498046875E-06	1.66950275826139E-08	14492.4658203125	1.2354979844531E-05
303	176.240567555035	-0.020751953125	-0.02059326171875	-1.11968994140625E-06	-3.26446533203125E-06	-2.144775390625E-06	2.30580674553948E-08	18391.931640625	1.23001555039082E-05
304	176.290567554909	-0.025787353515625	-0.0256134033203125	-1.1553955078125E-06	-3.1439208984375E-06	-1.988525390625E-06	2.959360934085E-08	22168.515625	1.22432784337434E-05
305	176.340567554783	-0.03082275390625	-0.0306396484375	-1.18011474609375E-06	-3.03680419921875E-06	-1.856689453125E-06	3.61583012420397E-08	25963.279296875	1.2184890692879E-05
306	176.390567554657	-0.035858154296875	-0.035675048828125	-1.19598388671875E-06	-2.94158935546875E-06	-1.74560546875E-06	4.26667803310465E-08	29829.0390625	1.21254879559274E-05
307	176.44056755453	-0.0408935546875	-0.0407135009765625	-1.2042236328125E-06	-2.85797119140625E-06	-1.65374755859375E-06	4.90281593101827E-08	33808.921875	1.20654831334832E-05
308	176.490567554404	-0.045928955078125	-0.04573974609375	-1.20574951171875E-06	-2.7850341796875E-06	-1.57928466796875E-06	5.5150678690552E-08	37934.69921875	1.20052336569643E-05
309	176.540567554278	-0.05096435546875	-0.05084228515625	-1.19842529296875E-06	-2.7203369140625E-06	-1.52191162109375E-06	6.09306809451482E-08	42424.2421875	1.19451287901029E-05
310	176.590567554152	-0.055999755859375	-0.05584716796875	-1.19140625E-06	-2.66448974609375E-06	-1.47308349609375E-06	6.65366641783294E-08	46875	1.18853831736487E-05
311	176.640567554025	-0.06103515625	-0.06097412109375	-1.1785888671875E-06	-2.61505126953125E-06	-1.43646240234375E-06	7.18634183272115E-08	51734.85546875	1.1826133231807E-05
312	176.690567553899	-0.066070556640625	-0.06597900390625	-1.163330078125E-06	-2.57232666015625E-06	-1.40899658203125E-06	7.67553558489453E-08	56715.63671875	1.17675854198751E-05
313	176.740567553773	-0.07110595703125	-0.071014404296875	-1.1456298828125E-06	-2.53509521484375E-06	-1.38946533203125E-06	8.13562266444023E-08	61987.21484375	1.1709861610143E-05
314	176.790567553647	-0.076141357421875	-0.076019287109375	-1.12579345703125E-06	-2.5030517578125E-06	-1.37725830078125E-06	8.55820161405063E-08	67525.078125	1.16530754894484E-05
315	176.84056755352	-0.0811767578125	-0.081024169921875	-1.1065673828125E-06	-2.4749755859375E-06	-1.368408203125E-06	8.9658698243511E-08	73221.1875	1.15972670755582E-05
316	176.890567553394	-0.086212158203125	-0.08612060546875	-1.085205078125E-06	-2.4505615234375E-06	-1.3653564453125E-06	9.34585173695268E-08	79358.828125	1.15424727482605E-05
317	176.940567553268	-0.09124755859375	-0.091156005859375	-1.06414794921875E-06	-2.4298095703125E-06	-1.36566162109375E-06	9.70034719216528E-08	85661.03125	1.1488738891785E-05
318	176.990567553142	-0.096282958984375	-0.09613037109375	-1.04278564453125E-06	-2.412109375E-06	-1.36932373046875E-06	1.00243362055608E-07	92186.1328125	1.14360655061319E-05
319	177.040567553016	-0.101318359375	-0.1011962890625	-1.021728515625E-06	-2.39654541015625E-06	-1.37481689453125E-06	1.03395130679473E-07	99044.203125	1.13844525913009E-05
320	177.090567552889	-0.106353759765625	-0.106201171875	-1.0009765625E-06	-2.38311767578125E-06	-1.38214111328125E-06	1.06304881342112E-07	106097.5625	1.13338846858824E-05
321	177.140567552763	-0.11138916015625	-0.111236572265625	-9.80224609374999E-07	-2.3724365234375E-06	-1.3922119140625E-06	1.09036825790554E-07	113480.6953125	1.12843545139185E-05
322	177.190567552637	-0.116424560546875	-0.116241455078125	-9.600830078125E-07	-2.36236572265625E-06	-1.40228271484375E-06	1.11601437424724E-07	121074.3828125	1.12358475234942E-05
323	177.240567552511	-0.1214599609375	-0.121307373046875	-9.40856933593751E-07	-2.354736328125E-06	-1.41387939453125E-06	1.14132880923989E-07	128932.859375	1.11883236968424E-05
324	177.290567552384	-0.126495361328125	-0.126373291015625	-9.2193603515625E-07	-2.34893798828125E-06	-1.427001953125E-06	1.16508090286516E-07	137073.8125	1.11417539301328E-05
325	177.340567552258	-0.13153076171875	-0.131378173828125	-9.0362548828125E-07	-2.34375E-06	-1.44012451171875E-06	1.18716663166651E-07	145390.078125	1.10961145765032E-05
326	177.390567552132	-0.136566162109375	-0.136383056640625	-8.8531494140625E-07	-2.340087890625E-06	-1.45477294921875E-06	1.20741958653525E-07	154050.328125	1.10513910840382E-05
327	177.440567552006	-0.1416015625	-0.141448974609375	-8.685302734375E-07	-2.33734130859375E-06	-1.46881103515625E-06	1.22852711115229E-07	162860.15625	1.10075452539604E-05
328	177.490567551879	-0.146636962890625	-0.146484375	-8.52050781249999E-07	-2.33612060546875E-06	-1.48406982421875E-06	1.24812117974216E-07	171919.78125	1.09645307020401E-05
329	177.540567551753	-0.15167236328125	-0.1514892578125	-8.36181640625E-07	-2.33551025390625E-06	-1.49932861328125E-06	1.26672532019256E-07	181167.890625	1.09223246909096E-05
330	177.590567551627	-0.156707763671875	-0.15655517578125	-8.209228515625E-07	-2.33489990234375E-06	-1.51397705078125E-06	1.28519715758557E-07	190706.328125	1.08808972072438E-05
331	177.640567551501	-0.1617431640625	-0.16156005859375	-8.06579589843751E-07	-2.3358154296875E-06	-1.52923583984375E-06	1.30311050838827E-07	200302.6875	1.08402100522653E-05
332	177.690567551374	-0.166778564453125	-0.166656494140625	-7.92236328125E-07	-2.337646484375E-06	-1.54541015625E-06	1.32031331645521E-07	210362.09375	1.08002395791118E-05
333	177.740567551248	-0.17181396484375	-0.171600341796875	-7.7850341796875E-07	-2.3394775390625E-06	-1.56097412109375E-06	1.33591456119575E-07	220423.359375	1.07609712358681E-05
334	177.790567551122	-0.176849365234375	-0.1766357421875	-7.6507568359375E-07	-2.3419189453125E-06	-1.57684326171875E-06	1.35139700319087E-07	230873.5625	1.07223813756718E-05
335	177.840567550996	-0.181884765625	-0.18170166015625	-7.52868652343749E-07	-2.34527587890625E-06	-1.5924072265625E-06	1.36797481786743E-07	241345.765625	1.06844327092404E-05
336	177.890567550869	-0.186920166015625	-0.186676025390625	-7.403564453125E-07	-2.3492431640625E-06	-1.60888671875E-06	1.38206800670559E-07	252143.453125	1.06471024992061E-05
337	177.940567550743	-0.19195556640625	-0.191741943359375	-7.28454589843749E-07	-2.3529052734375E-06	-1.62445068359375E-06	1.3967529355341E-07	263217.4375	1.0610381650622E-05
338	177.990567550617	-0.196990966796875	-0.19683837890625	-7.1685791015625E-07	-2.357177734375E-06	-1.64031982421875E-06	1.41105147122289E-07	274584.9375	1.057424924511E-05
