Potential - Start 1.505 V, Stop -0.205 V, Step -0.005 V; Modulation - Amplitude -0.05 V, Time 0.025 s, Interval time 0.05 s
Index	Base.Time (s)	Potential applied (V)	WE(1).Base.Potential (V)	WE(1).Base.Current (A)	WE(1).Pulse.Current (A)	WE(1).δ.Current (A)	WE(1).Base.Power (W)	WE(1).Base.Resistance (Ω)	WE(1).Base.Charge (C)
1	159.589539597075	1.50497436523438	1.50482177734375	1.11419677734375E-06	5.499267578125E-07	-5.6427001953125E-07	1.67666746619943E-06	1350589	0
2	159.639539596949	1.49993896484375	1.49993896484375	1.23931884765625E-06	5.79833984375E-07	-6.5948486328125E-07	1.85890269222E-06	1210293	5.88378910038045E-08
3	159.689539596823	1.49490356445313	1.49505615234375	1.23779296875E-06	5.7830810546875E-07	-6.5948486328125E-07	1.85057001544919E-06	1207840.25	1.207656907809E-07
4	159.739539596696	1.4898681640625	1.48956298828125	1.2249755859375E-06	5.71594238281251E-07	-6.5338134765625E-07	1.82467829290545E-06	1215994	1.82334900955539E-07
5	159.78953959657	1.48483276367188	1.484375	1.2103271484375E-06	5.62744140625E-07	-6.475830078125E-07	1.79657934040733E-06	1226424.625	2.43217471052048E-07
6	159.839539596444	1.47979736328125	1.47979736328125	1.19598388671875E-06	5.535888671875E-07	-6.4239501953125E-07	1.76981370714202E-06	1237305.5	3.03375230714664E-07
7	159.889539596318	1.47476196289063	1.474609375	1.18133544921875E-06	5.44128417968751E-07	-6.37207031249999E-07	1.74200829405891E-06	1248256.375	3.62808208365095E-07
8	159.939539596191	1.4697265625	1.46942138671875	1.168212890625E-06	5.34667968749999E-07	-6.33544921875001E-07	1.71659701209137E-06	1257837	4.2154692891927E-07
9	159.989539596065	1.46469116210938	1.46453857421875	1.15509033203125E-06	5.2490234375E-07	-6.3018798828125E-07	1.69167435615236E-06	1267899.625	4.79629534311243E-07
10	160.039539595939	1.45965576171875	1.45965576171875	1.14288330078125E-06	5.1544189453125E-07	-6.2744140625E-07	1.66821621405688E-06	1277169.5	5.37078847173689E-07
11	160.089539595813	1.45462036132813	1.45477294921875	1.13128662109375E-06	5.06591796875E-07	-6.2469482421875E-07	1.64576510996994E-06	1285945.5	5.9393306628408E-07
12	160.139539595687	1.4495849609375	1.4495849609375	1.12030029296875E-06	4.9774169921875E-07	-6.2255859375E-07	1.62397031999717E-06	1293925.5	6.50222773401765E-07
13	160.18953959556	1.44454956054688	1.4447021484375	1.1102294921875E-06	4.8980712890625E-07	-6.2042236328125E-07	1.6039509773691E-06	1301264.375	7.05985996773961E-07
14	160.239539595434	1.43951416015625	1.43951416015625	1.1004638671875E-06	4.8065185546875E-07	-6.1981201171875E-07	1.5841332015043E-06	1308097.75	7.61253318160016E-07
15	160.289539595308	1.43447875976563	1.434326171875	1.09130859375E-06	4.72106933593749E-07	-6.1920166015625E-07	1.56529245032289E-06	1314317.625	8.16047645457729E-07
16	160.339539595182	1.429443359375	1.429443359375	1.08306884765625E-06	4.638671875E-07	-6.1920166015625E-07	1.54818553710356E-06	1319808.5	8.70407063757739E-07
17	160.389539595055	1.42440795898438	1.42425537109375	1.0748291015625E-06	4.55322265624999E-07	-6.195068359375E-07	1.53083112763852E-06	1325099.375	9.24354537801264E-07
18	160.439539594929	1.41937255859375	1.4190673828125	1.06719970703125E-06	4.47692871093749E-07	-6.195068359375E-07	1.51442827700521E-06	1329711.125	9.7790530162456E-07
19	160.489539594803	1.41433715820313	1.4141845703125	1.06048583984375E-06	4.40063476562499E-07	-6.20422363281251E-07	1.49972265717224E-06	1333525.25	1.03109744031826E-06
20	160.539539594677	1.4093017578125	1.40899658203125	1.05377197265625E-06	4.3182373046875E-07	-6.219482421875E-07	1.48476101458073E-06	1337098.25	1.08395386178017E-06
21	160.58953959455	1.40426635742188	1.40411376953125	1.04705810546875E-06	4.2449951171875E-07	-6.2255859375E-07	1.47018863572157E-06	1341008.5	1.13647456601029E-06
22	160.639539594424	1.39923095703125	1.39923095703125	1.04095458984375E-06	4.17175292968749E-07	-6.23779296875E-07	1.45653586969274E-06	1344180.625	1.18867490073171E-06
23	160.689539594298	1.39419555664063	1.39434814453125	1.03515625E-06	4.0924072265625E-07	-6.2591552734375E-07	1.44336809171364E-06	1346993	1.24057771699881E-06
24	160.739539594172	1.38916015625	1.38885498046875	1.0302734375E-06	4.01916503906249E-07	-6.2835693359375E-07	1.43090039728122E-06	1348045	1.29221336919727E-06
25	160.789539594045	1.38412475585938	1.38397216796875	1.025390625E-06	3.94592285156251E-07	-6.3079833984375E-07	1.41911198170419E-06	1349702.375	1.34360504944198E-06
26	160.839539593919	1.37908935546875	1.37908935546875	1.02020263671875E-06	3.86657714843749E-07	-6.33544921875001E-07	1.4069505596126E-06	1351779.875	1.39474479965429E-06
27	160.889539593793	1.37405395507813	1.37359619140625	1.01531982421875E-06	3.79333496093751E-07	-6.35986328124999E-07	1.39463929826888E-06	1352870.5	1.44563284720789E-06
28	160.939539593667	1.3690185546875	1.36871337890625	1.01104736328125E-06	3.72314453125E-07	-6.38732910156251E-07	1.38383393277763E-06	1353758	1.49629204315715E-06
29	160.98953959354	1.36398315429688	1.363525390625	1.00677490234375E-06	3.64990234375E-07	-6.41784667968751E-07	1.37276299483347E-06	1354349.875	1.54673762153834E-06
30	161.039539593414	1.35894775390625	1.358642578125	1.00311279296875E-06	3.5736083984375E-07	-6.45751953125E-07	1.3628716715175E-06	1354426.625	1.5969848163877E-06
31	161.089539593288	1.35391235351563	1.353759765625	9.99755859375E-07	3.497314453125E-07	-6.500244140625E-07	1.35342918383685E-06	1354090.375	1.64705647875962E-06
32	161.139539593162	1.348876953125	1.34857177734375	9.95788574218751E-07	3.42712402343751E-07	-6.53076171875E-07	1.3428923466563E-06	1354275.25	1.69694510532281E-06
33	161.189539593036	1.34384155273438	1.343994140625	9.918212890625E-07	3.35083007812501E-07	-6.56738281249999E-07	1.33300193283503E-06	1355077	1.74663534835418E-06
34	161.239539592909	1.33880615234375	1.33880615234375	9.8907470703125E-07	3.277587890625E-07	-6.6131591796875E-07	1.32417926579365E-06	1353594.625	1.79615778961306E-06
35	161.289539592783	1.33377075195313	1.33392333984375	9.857177734375E-07	3.204345703125E-07	-6.65283203125E-07	1.31487195176305E-06	1353250.75	1.84552754944889E-06
36	161.339539592657	1.3287353515625	1.32843017578125	9.8236083984375E-07	3.1280517578125E-07	-6.695556640625E-07	1.30499768147274E-06	1352283.375	1.89472950751224E-06
37	161.389539592531	1.32369995117188	1.32354736328125	9.7930908203125E-07	3.0517578125E-07	-6.7413330078125E-07	1.29616194044502E-06	1351511.375	1.94377139450808E-06
38	161.439539592404	1.31866455078125	1.3189697265625	9.7625732421875E-07	2.972412109375E-07	-6.7901611328125E-07	1.28765384488361E-06	1351047.25	1.99266037270718E-06
39	161.489539592278	1.31362915039063	1.3140869140625	9.74121093749999E-07	2.89306640625001E-07	-6.84814453124999E-07	1.28007980038092E-06	1348997.5	2.04141997528495E-06
40	161.539539592152	1.30859375	1.30859375	9.7076416015625E-07	2.8106689453125E-07	-6.89697265625E-07	1.27033592889347E-06	1348003.75	2.09004201678908E-06
41	161.589539592026	1.30355834960938	1.3037109375	9.6771240234375E-07	2.7313232421875E-07	-6.94580078125E-07	1.26161717162177E-06	1347209.125	2.1385039872257E-06
42	161.639539591899	1.29852294921875	1.2982177734375	9.65270996093751E-07	2.64892578125001E-07	-7.0037841796875E-07	1.25313192711474E-06	1344925.75	2.18682862396236E-06
43	161.689539591773	1.29348754882813	1.2933349609375	9.625244140625E-07	2.5665283203125E-07	-7.05871582031251E-07	1.24486643926502E-06	1343690.625	2.23502343033033E-06
44	161.739539591647	1.2884521484375	1.28753662109375	9.600830078125E-07	2.484130859375E-07	-7.11669921875E-07	1.23614199765143E-06	1341068.125	2.2830886337033E-06
45	161.789539591521	1.28341674804688	1.282958984375	9.57336425781249E-07	2.40173339843749E-07	-7.171630859375E-07	1.22822336834361E-06	1340133.875	2.33102400670759E-06
46	161.839539591394	1.27838134765625	1.2786865234375	9.5550537109375E-07	2.3193359375E-07	-7.2357177734375E-07	1.22179187656002E-06	1338230.625	2.37884523812681E-06
47	161.889539591268	1.27334594726563	1.273193359375	9.521484375E-07	2.23388671874999E-07	-7.28759765625001E-07	1.21226901228511E-06	1337179.5	2.42653641180368E-06
48	161.939539591142	1.268310546875	1.26800537109375	9.50012207031251E-07	2.14538574218751E-07	-7.354736328125E-07	1.20462050290371E-06	1334725.375	2.47409047915426E-06
49	161.989539591016	1.26327514648438	1.2628173828125	9.478759765625E-07	2.05383300781251E-07	-7.42492675781249E-07	1.1969942761425E-06	1332260.125	2.52153768087737E-06
50	162.039539590889	1.25823974609375	1.258544921875	9.4512939453125E-07	1.96533203125E-07	-7.48596191406249E-07	1.18948776162142E-06	1331611.25	2.56886278293678E-06
51	162.089539590763	1.25320434570313	1.2530517578125	9.42382812500001E-07	1.87072753906251E-07	-7.5531005859375E-07	1.18085438316484E-06	1329663.25	2.61605055129621E-06
52	162.139539590637	1.2481689453125	1.24847412109375	9.3994140625E-07	1.7822265625E-07	-7.6171875E-07	1.17349247830134E-06	1328246.75	2.66310871666064E-06
53	162.189539590511	1.24313354492188	1.24298095703125	9.381103515625E-07	1.68457031249999E-07	-7.69653320312501E-07	1.16605326638819E-06	1324983.75	2.71006001639762E-06
54	162.239539590385	1.23809814453125	1.23809814453125	9.3536376953125E-07	1.59606933593751E-07	-7.75756835937499E-07	1.15807210931962E-06	1323654.25	2.75689694717585E-06
55	162.289539590258	1.23306274414063	1.23291015625	9.32922363281249E-07	1.50146484374999E-07	-7.8277587890625E-07	1.15020941393595E-06	1321557.125	2.8036040475854E-06
56	162.339539590132	1.22802734375	1.22833251953125	9.3109130859375E-07	1.40380859375E-07	-7.9071044921875E-07	1.14368970116629E-06	1319239.625	2.85020428236749E-06
57	162.389539590006	1.22299194335938	1.22314453125	9.28344726562499E-07	1.312255859375E-07	-7.97119140624999E-07	1.13549981506367E-06	1317554.25	2.8966903755645E-06
58	162.43953958988	1.21795654296875	1.21734619140625	9.25598144531251E-07	1.21459960937501E-07	-8.0413818359375E-07	1.12677332708699E-06	1315199.5	2.94303890768788E-06
59	162.489539589753	1.21292114257813	1.21337890625	9.234619140625E-07	1.11999511718749E-07	-8.1146240234375E-07	1.12050918232853E-06	1313945.875	2.98926534014754E-06
60	162.539539589627	1.2078857421875	1.207275390625	9.2041015625E-07	1.019287109375E-07	-8.18481445312499E-07	1.11118845325109E-06	1311671.125	3.0353621696122E-06
61	162.589539589501	1.20285034179688	1.20269775390625	9.17663574218749E-07	9.21630859374994E-08	-8.2550048828125E-07	1.10367193428829E-06	1310608.625	3.08131393467193E-06
62	162.639539589375	1.19781494140625	1.19720458984375	9.14916992187501E-07	8.23974609375E-08	-8.32519531250001E-07	1.09534278180945E-06	1308539	3.12712859340536E-06
63	162.689539589248	1.19277954101563	1.192626953125	9.1217041015625E-07	7.23266601562494E-08	-8.39843750000001E-07	1.08787901353935E-06	1307460.75	3.17280569106515E-06
64	162.739539589122	1.187744140625	1.18743896484375	9.09423828125E-07	6.28662109374997E-08	-8.465576171875E-07	1.07988523723179E-06	1305704.75	3.21834545502497E-06
65	162.789539588996	1.18270874023438	1.18255615234375	9.063720703125E-07	5.24902343749994E-08	-8.53881835937501E-07	1.07183586806059E-06	1304713.75	3.26374038195354E-06
66	162.83953958887	1.17767333984375	1.17767333984375	9.0362548828125E-07	4.30297851562497E-08	-8.60595703125E-07	1.06417564893491E-06	1303276	3.30899047185085E-06
67	162.889539588743	1.17263793945313	1.1724853515625	9.0057373046875E-07	3.29589843750006E-08	-8.67614746093749E-07	1.05590947896417E-06	1301931.625	3.35409526996955E-06
68	162.939539588617	1.1676025390625	1.16729736328125	8.9752197265625E-07	2.34985351562494E-08	-8.740234375E-07	1.04767502762115E-06	1300578.125	3.3990477277257E-06
69	162.989539588491	1.16256713867188	1.1627197265625	8.9447021484375E-07	1.373291015625E-08	-8.807373046875E-07	1.04001810541376E-06	1299897.625	3.44384761774563E-06
70	163.039539588365	1.15753173828125	1.1578369140625	8.91723632812499E-07	3.66210937499945E-09	-8.880615234375E-07	1.03247054994426E-06	1298425.75	3.48850244336063E-06
71	163.089539588238	1.15249633789063	1.15234375	8.88671874999999E-07	-5.49316406250056E-09	-8.941650390625E-07	1.02405545021611E-06	1296703.25	3.5330122045707E-06
72	163.139539588112	1.1474609375	1.14776611328125	8.8470458984375E-07	-1.52587890625E-08	-8.9996337890625E-07	1.01543389519065E-06	1297344	3.57734666067699E-06
73	163.189539587986	1.14242553710938	1.142578125	8.819580078125E-07	-2.50244140624994E-08	-9.06982421874999E-07	1.00770591870969E-06	1295501.75	3.62151331501082E-06
74	163.23953958786	1.13739013671875	1.1370849609375	8.7860107421875E-07	-3.41796874999994E-08	-9.1278076171875E-07	9.99044004856842E-07	1294199.375	3.66552717423474E-06
75	163.289539587734	1.13235473632813	1.1322021484375	8.7493896484375E-07	-4.36401367187506E-08	-9.185791015625E-07	9.90607759376871E-07	1294035.625	3.7093657283549E-06
76	163.339539587607	1.1273193359375	1.1273193359375	8.709716796875E-07	-5.27954101562506E-08	-9.23767089843751E-07	9.81863195193E-07	1294323.875	3.75301351596136E-06
77	163.389539587481	1.12228393554688	1.12213134765625	8.685302734375E-07	-6.19506835937506E-08	-9.3048095703125E-07	9.74605086412339E-07	1291988.75	3.79650100512663E-06
78	163.439539587355	1.11724853515625	1.11724853515625	8.64562988281251E-07	-7.04956054687497E-08	-9.3505859375E-07	9.65931690188881E-07	1292269.625	3.83982842322439E-06
79	163.489539587229	1.11221313476563	1.11175537109375	8.61511230468751E-07	-7.96508789062497E-08	-9.41162109375E-07	9.57789666244935E-07	1290471.25	3.88298030884471E-06
80	163.539539587102	1.107177734375	1.1077880859375	8.58154296874999E-07	-8.81958007812503E-08	-9.4635009765625E-07	9.50653088693798E-07	1290896.125	3.92597166865016E-06
81	163.589539586976	1.10214233398438	1.1016845703125	8.544921875E-07	-9.73510742187503E-08	-9.5184326171875E-07	9.41380847052642E-07	1289285.75	3.96878795072553E-06
82	163.63953958685	1.09710693359375	1.09710693359375	8.50830078125001E-07	-1.0528564453125E-07	-9.56115722656251E-07	9.33451588025491E-07	1289454.75	4.01142096961848E-06
83	163.689539586724	1.09207153320313	1.0919189453125	8.4716796875E-07	-1.13525390624999E-07	-9.60693359374999E-07	9.25038705190673E-07	1288905	4.05387118007638E-06
84	163.739539586597	1.0870361328125	1.087646484375	8.4381103515625E-07	-1.2176513671875E-07	-9.65576171875E-07	9.17768034014443E-07	1288969.375	4.09614540330949E-06
85	163.789539586471	1.08200073242188	1.0821533203125	8.40148925781251E-07	-1.300048828125E-07	-9.7015380859375E-07	9.09169955320976E-07	1288049.375	4.13824454881251E-06
86	163.839539586345	1.07696533203125	1.07696533203125	8.3648681640625E-07	-1.37939453124999E-07	-9.74426269531249E-07	9.0086723503191E-07	1287486.375	4.18016043113312E-06
87	163.889539586219	1.07192993164063	1.07177734375	8.331298828125E-07	-1.45568847656249E-07	-9.78698730468749E-07	8.92929733709025E-07	1286446.875	4.22190078097628E-06
88	163.939539586092	1.06689453125	1.06658935546875	8.2977294921875E-07	-1.53503417968751E-07	-9.83276367187501E-07	8.85026963715063E-07	1285399	4.26347332904697E-06
89	163.989539585966	1.06185913085938	1.06201171875	8.26110839843749E-07	-1.617431640625E-07	-9.87854003906249E-07	8.7733934606149E-07	1285556	4.30487034464022E-06
90	164.03953958584	1.05682373046875	1.05682373046875	8.2244873046875E-07	-1.690673828125E-07	-9.9151611328125E-07	8.69183338636503E-07	1284972.125	4.34608455179841E-06
91	164.089539585714	1.05178833007813	1.05133056640625	8.18786621093751E-07	-1.7669677734375E-07	-9.95483398437501E-07	8.60815362102585E-07	1284010.5	4.3871154957742E-06
92	164.139539585587	1.0467529296875	1.0467529296875	8.15734863281251E-07	-1.849365234375E-07	-1.00067138671875E-06	8.53872847983439E-07	1283202.375	4.42797818323015E-06
93	164.189539585461	1.04171752929688	1.04095458984375	8.1207275390625E-07	-1.9256591796875E-07	-1.004638671875E-06	8.45330873744388E-07	1281848.875	4.46867352366098E-06
94	164.239539585335	1.03668212890625	1.03668212890625	8.087158203125E-07	-2.00500488281249E-07	-1.00921630859375E-06	8.38381254197884E-07	1281886.75	4.50919333161437E-06
95	164.289539585209	1.03164672851563	1.03179931640625	8.0535888671875E-07	-2.08129882812499E-07	-1.01348876953125E-06	8.30968701848178E-07	1281167.125	4.54954533779528E-06
96	164.339539585083	1.026611328125	1.02630615234375	8.02001953125001E-07	-2.1697998046875E-07	-1.01898193359375E-06	8.23099526314763E-07	1279680.375	4.58972908745636E-06
97	164.389539584956	1.02157592773438	1.021728515625	7.98950195312501E-07	-2.24914550781249E-07	-1.02386474609375E-06	8.16310148366028E-07	1278838.875	4.62975322079728E-06
98	164.43953958483	1.01654052734375	1.0162353515625	7.952880859375E-07	-2.33154296875E-07	-1.0284423828125E-06	8.08199843049806E-07	1277820.375	4.66960909761838E-06
99	164.489539584704	1.01150512695313	1.011962890625	7.92236328125E-07	-2.4139404296875E-07	-1.03363037109375E-06	8.01713781584112E-07	1277349.75	4.70929717266699E-06
100	164.539539584578	1.0064697265625	1.00616455078125	7.89794921875001E-07	-2.4993896484375E-07	-1.03973388671875E-06	7.94663662873063E-07	1273956.75	4.74884791401564E-06
101	164.589539584451	1.00143432617188	1.0015869140625	7.8704833984375E-07	-2.57568359375E-07	-1.04461669921875E-06	7.88297256804071E-07	1272586.375	4.78826905236929E-06
102	164.639539584325	0.99639892578125	0.9967041015625	7.8399658203125E-07	-2.66418457031251E-07	-1.0504150390625E-06	7.81412552441907E-07	1271311.875	4.827545126318E-06
103	164.689539584199	0.991363525390625	0.9918212890625	7.8155517578125E-07	-2.75573730468751E-07	-1.05712890625E-06	7.75163073285512E-07	1269035.5	4.86668386656675E-06
104	164.739539584073	0.986328125	0.986328125	7.79113769531251E-07	-2.84729003906251E-07	-1.0638427734375E-06	7.68461802636011E-07	1265961.625	4.90570073452545E-06
105	164.789539583946	0.981292724609375	0.98114013671875	7.763671875E-07	-2.93884277343751E-07	-1.07025146484375E-06	7.61725004849723E-07	1263757.875	4.94458754474181E-06
106	164.83953958382	0.97625732421875	0.9765625	7.7362060546875E-07	-3.03039550781251E-07	-1.07666015625E-06	7.55488827053341E-07	1262327.5	4.98333747600554E-06
107	164.889539583694	0.971221923828125	0.9710693359375	7.71179199218749E-07	-3.12194824218751E-07	-1.0833740234375E-06	7.48868501432298E-07	1259200.625	5.02195734952693E-06
108	164.939539583568	0.9661865234375	0.96588134765625	7.6904296875E-07	-3.216552734375E-07	-1.0906982421875E-06	7.42804274977971E-07	1255952.375	5.06046262671589E-06
109	164.989539583441	0.961151123046875	0.9613037109375	7.6629638671875E-07	-3.3111572265625E-07	-1.097412109375E-06	7.36643528398417E-07	1254480.375	5.09884648636216E-06
110	165.039539583315	0.95611572265625	0.95611572265625	7.6446533203125E-07	-3.40576171875E-07	-1.10504150390625E-06	7.30917292912636E-07	1250698.625	5.13711529492866E-06
111	165.089539583189	0.951080322265625	0.95123291015625	7.62023925781249E-07	-3.5064697265625E-07	-1.1126708984375E-06	7.24862218248745E-07	1248298	5.17527769261505E-06
112	165.139539583063	0.946044921875	0.946044921875	7.598876953125E-07	-3.60717773437499E-07	-1.12060546875E-06	7.18887861239637E-07	1244980	5.21332549396902E-06
113	165.189539582937	0.941009521484375	0.94085693359375	7.58056640625E-07	-3.704833984375E-07	-1.1285400390625E-06	7.13222846115968E-07	1241143.375	5.2512741604005E-06
114	165.23953958281	0.93597412109375	0.93597412109375	7.550048828125E-07	-3.80859375000001E-07	-1.1358642578125E-06	7.06664991412254E-07	1239692.875	5.28910049979459E-06
115	165.289539582684	0.930938720703125	0.9307861328125	7.52868652343749E-07	-3.91540527343751E-07	-1.1444091796875E-06	7.00759699157061E-07	1236319.5	5.32679723619367E-06
116	165.339539582558	0.9259033203125	0.9259033203125	7.50732421875E-07	-4.01611328125E-07	-1.15234375E-06	6.95105597969814E-07	1233333.375	5.36438756171265E-06
117	165.389539582432	0.920867919921875	0.9210205078125	7.489013671875E-07	-4.1229248046875E-07	-1.16119384765625E-06	6.89753505866975E-07	1229828.875	5.40187829756178E-06
118	165.439539582305	0.91583251953125	0.9161376953125	7.46765136718749E-07	-4.23278808593749E-07	-1.1700439453125E-06	6.841397066637E-07	1226808.375	5.43926989848842E-06
119	165.489539582179	0.910797119140625	0.91094970703125	7.4462890625E-07	-4.33959960937499E-07	-1.1785888671875E-06	6.78319452163123E-07	1223360.625	5.4765546337876E-06
120	165.539539582053	0.90576171875	0.9051513671875	7.4310302734375E-07	-4.4525146484375E-07	-1.1883544921875E-06	6.72620672048652E-07	1218069.875	5.51374796486925E-06
121	165.589539581927	0.900726318359375	0.90179443359375	7.4127197265625E-07	-4.56848144531249E-07	-1.1981201171875E-06	6.68474910980876E-07	1216550.125	5.55085762243834E-06
122	165.6395395818	0.89569091796875	0.89569091796875	7.38525390625E-07	-4.67834472656251E-07	-1.20635986328125E-06	6.6149050326203E-07	1212809.875	5.58785222892766E-06
123	165.689539581674	0.890655517578125	0.8905029296875	7.373046875E-07	-4.791259765625E-07	-1.2164306640625E-06	6.56571955914842E-07	1207781.5	5.62474815524183E-06
124	165.739539581548	0.8856201171875	0.88623046875	7.354736328125E-07	-4.901123046875E-07	-1.2255859375E-06	6.51799155093613E-07	1204979.25	5.66156768400106E-06
125	165.789539581422	0.880584716796875	0.8807373046875	7.342529296875E-07	-5.0201416015625E-07	-1.23626708984375E-06	6.46683929517167E-07	1199501.25	5.69831081520533E-06
126	165.839539581295	0.87554931640625	0.875244140625	7.3272705078125E-07	-5.13610839843751E-07	-1.246337890625E-06	6.41315011762345E-07	1194502.375	5.73498527955962E-06
127	165.889539581169	0.870513916015625	0.87066650390625	7.305908203125E-07	-5.25512695312499E-07	-1.256103515625E-06	6.36100935480499E-07	1191729.375	5.77156833969639E-06
128	165.939539581043	0.865478515625	0.865478515625	7.2906494140625E-07	-5.3680419921875E-07	-1.265869140625E-06	6.30990030003886E-07	1187107.625	5.80805954086827E-06
129	165.989539580917	0.860443115234375	0.860595703125	7.26928710937499E-07	-5.4901123046875E-07	-1.27593994140625E-06	6.25591724201513E-07	1183879.125	5.84445933782263E-06
130	166.03953958079	0.85540771484375	0.85540771484375	7.2509765625E-07	-5.5999755859375E-07	-1.28509521484375E-06	6.20254127170483E-07	1179713.75	5.88075999985449E-06
131	166.089539580664	0.850372314453125	0.8502197265625	7.23876953125E-07	-5.71289062499999E-07	-1.295166015625E-06	6.15454439412133E-07	1174536.25	5.9169842643314E-06
132	166.139539580538	0.8453369140625	0.84564208984375	7.2174072265625E-07	-5.8319091796875E-07	-1.304931640625E-06	6.10334325301665E-07	1171670.25	5.95312485529575E-06
133	166.189539580412	0.840301513671875	0.8404541015625	7.1990966796875E-07	-5.950927734375E-07	-1.31500244140625E-06	6.05051013735647E-07	1167443.875	5.98916631133761E-06
134	166.239539580286	0.83526611328125	0.8355712890625	7.18078613281251E-07	-6.06689453125001E-07	-1.32476806640625E-06	6.00005819251237E-07	1163621	6.02511590841459E-06
135	166.289539580159	0.830230712890625	0.83038330078125	7.1563720703125E-07	-6.182861328125E-07	-1.33392333984375E-06	5.94253208419104E-07	1160341.125	6.06095863986411E-06
136	166.339539580033	0.8251953125	0.82489013671875	7.1380615234375E-07	-6.31103515625001E-07	-1.34490966796875E-06	5.88811644774978E-07	1155622.125	6.09669496043352E-06
137	166.389539579907	0.820159912109375	0.8203125	7.1136474609375E-07	-6.44531249999999E-07	-1.35589599609375E-06	5.83541407195298E-07	1153153.125	6.13232396062813E-06
138	166.439539579781	0.81512451171875	0.81512451171875	7.0953369140625E-07	-6.58569335937501E-07	-1.36810302734375E-06	5.78358253733313E-07	1148817.25	6.16784654994262E-06
139	166.489539579654	0.810089111328125	0.8099365234375	7.0831298828125E-07	-6.7413330078125E-07	-1.3824462890625E-06	5.73688566873898E-07	1143472.625	6.20329274170217E-06
140	166.539539579528	0.8050537109375	0.8056640625	7.07092285156249E-07	-6.915283203125E-07	-1.39862060546875E-06	5.69678832107456E-07	1139404.375	6.2386779973167E-06
141	166.589539579402	0.800018310546875	0.79986572265625	7.06787109375E-07	-7.1319580078125E-07	-1.41998291015625E-06	5.65334744351276E-07	1131692.625	6.2740245994064E-06
142	166.639539579276	0.79498291015625	0.7952880859375	7.0526123046875E-07	-7.3577880859375E-07	-1.4410400390625E-06	5.60885837330716E-07	1127650.5	6.30932618150837E-06
143	166.689539579149	0.789947509765625	0.79071044921875	7.061767578125E-07	-7.60498046875E-07	-1.4666748046875E-06	5.58381373139127E-07	1119706.125	6.34461184745305E-06
144	166.739539579023	0.784912109375	0.78521728515625	7.086181640625E-07	-7.87353515625E-07	-1.4959716796875E-06	5.56419195163471E-07	1108096.5	6.37998164165765E-06
145	166.789539578897	0.779876708984375	0.77972412109375	7.1136474609375E-07	-8.17260742187501E-07	-1.52862548828125E-06	5.54668247332302E-07	1096096.125	6.4154814936046E-06
146	166.839539578771	0.77484130859375	0.775146484375	7.1563720703125E-07	-8.49304199218751E-07	-1.56494140625E-06	5.54723669665691E-07	1083155.625	6.45115642328165E-06
147	166.889539578644	0.769805908203125	0.7696533203125	7.2021484375E-07	-8.837890625E-07	-1.60400390625E-06	5.54315704448527E-07	1068644.125	6.48705281491857E-06
148	166.939539578518	0.7647705078125	0.7647705078125	7.2601318359375E-07	-9.19494628906251E-07	-1.6455078125E-06	5.55233498289454E-07	1053383.75	6.5232084125455E-06
149	166.989539578392	0.759735107421875	0.75927734375	7.3211669921875E-07	-9.5550537109375E-07	-1.6876220703125E-06	5.55879637431644E-07	1037098.8125	6.55966186968726E-06
150	167.039539578266	0.75469970703125	0.7550048828125	7.38525390625E-07	-9.91210937500001E-07	-1.729736328125E-06	5.57590283278842E-07	1022314.0625	6.59642773825908E-06
151	167.089539578139	0.749664306640625	0.749542236328125	7.45849609375E-07	-1.026611328125E-06	-1.7724609375E-06	5.59045759018773E-07	1004950.9375	6.63353694108082E-06
152	167.139539578013	0.74462890625	0.7445068359375	7.48596191406251E-07	-1.05865478515625E-06	-1.8072509765625E-06	5.57334942641319E-07	994537.3125	6.67089807393495E-06
153	167.189539577887	0.739593505859375	0.73944091796875	7.51647949218751E-07	-1.08673095703125E-06	-1.83837890625E-06	5.55799203993956E-07	983759.6875	6.70840427119401E-06
154	167.239539577761	0.73455810546875	0.734466552734375	7.525634765625E-07	-1.11053466796875E-06	-1.86309814453125E-06	5.52732672076672E-07	975953	6.74600960337557E-06
155	167.289539577635	0.729522705078125	0.729339599609375	7.51647949218751E-07	-1.12884521484375E-06	-1.8804931640625E-06	5.48206571693299E-07	970320.8125	6.78361493555713E-06
156	167.339539577508	0.7244873046875	0.724365234375	7.464599609375E-07	-1.1407470703125E-06	-1.88720703125E-06	5.40709606866585E-07	970400.6875	6.82106747262878E-06
157	167.389539577382	0.719451904296875	0.719329833984375	7.3822021484375E-07	-1.146240234375E-06	-1.88446044921875E-06	5.31023829353217E-07	974410.9375	6.85818486090284E-06
158	167.439539577256	0.71441650390625	0.714324951171875	7.25708007812501E-07	-1.1444091796875E-06	-1.8701171875E-06	5.18391345849523E-07	984314.5625	6.89478292770218E-06
159	167.48953957713	0.709381103515625	0.709320068359375	7.1075439453125E-07	-1.136474609375E-06	-1.84722900390625E-06	5.04152353641985E-07	997982	6.93069432600169E-06
160	167.539539577003	0.704345703125	0.70428466796875	6.92138671875001E-07	-1.12274169921875E-06	-1.81488037109375E-06	4.874626711171E-07	1017548.5	6.9657667154388E-06
161	167.589539576877	0.699310302734375	0.699188232421875	6.719970703125E-07	-1.1041259765625E-06	-1.776123046875E-06	4.69852437845475E-07	1040463.25	6.99987003827118E-06
162	167.639539576751	0.69427490234375	0.69415283203125	6.488037109375E-07	-1.08154296875E-06	-1.7303466796875E-06	4.50368901283582E-07	1069896.625	7.03289015291375E-06
163	167.689539576625	0.689239501953125	0.68914794921875	6.2591552734375E-07	-1.0552978515625E-06	-1.68121337890625E-06	4.3134838279002E-07	1101023.875	7.06475793776917E-06
164	167.739539576498	0.6842041015625	0.68408203125	6.0089111328125E-07	-1.026611328125E-06	-1.62750244140625E-06	4.11058806548681E-07	1138446	7.09542837284971E-06
165	167.789539576372	0.679168701171875	0.679107666015625	5.7647705078125E-07	-9.967041015625E-07	-1.57318115234375E-06	3.91489976436787E-07	1178030.75	7.12486234988319E-06
166	167.839539576246	0.67413330078125	0.674072265625	5.5267333984375E-07	-9.661865234375E-07	-1.51885986328125E-06	3.72541762772016E-07	1219657.625	7.15309124643682E-06
167	167.88953957612	0.669097900390625	0.669036865234375	5.291748046875E-07	-9.3505859375E-07	-1.4642333984375E-06	3.54037439365129E-07	1264302.25	7.18013734513079E-06
168	167.939539575993	0.6640625	0.663970947265625	5.06591796875E-07	-9.04541015625E-07	-1.4111328125E-06	3.36362234065746E-07	1310662.625	7.20603156878497E-06
169	167.989539575867	0.659027099609375	0.658966064453125	4.86145019531251E-07	-8.758544921875E-07	-1.36199951171875E-06	3.20353052529754E-07	1355492.875	7.23084986020694E-06
170	168.039539575741	0.65399169921875	0.653900146484375	4.67529296874999E-07	-8.489990234375E-07	-1.3165283203125E-06	3.05717463788824E-07	1398629.25	7.25469180906657E-06
171	168.089539575615	0.648956298828125	0.64892578125	4.5013427734375E-07	-8.2366943359375E-07	-1.2738037109375E-06	2.92103749188755E-07	1441627.125	7.27763335817144E-06
172	168.139539575488	0.6439208984375	0.64385986328125	4.3487548828125E-07	-8.00170898437499E-07	-1.23504638671875E-06	2.79998886298927E-07	1480561.375	7.29975863578147E-06
173	168.189539575362	0.638885498046875	0.638824462890625	4.21142578125E-07	-7.794189453125E-07	-1.2005615234375E-06	2.69036178224269E-07	1516884.125	7.32115904611419E-06
174	168.239539575236	0.63385009765625	0.633819580078125	4.08935546875E-07	-7.6019287109375E-07	-1.16912841796875E-06	2.59191352824928E-07	1549925.375	7.34191098672454E-06
175	168.28953957511	0.628814697265625	0.628753662109375	3.98864746093749E-07	-7.415771484375E-07	-1.14044189453125E-06	2.50787650202255E-07	1576358.125	7.36210631657741E-06
176	168.339539574984	0.623779296875	0.623748779296875	3.89404296875E-07	-7.2479248046875E-07	-1.11419677734375E-06	2.42890450863342E-07	1601802.625	7.38181279302808E-06
177	168.389539574857	0.618743896484375	0.618743896484375	3.814697265625E-07	-7.09228515625E-07	-1.0906982421875E-06	2.36032050793256E-07	1622000.125	7.40108453101129E-06
178	168.439539574731	0.61370849609375	0.6136474609375	3.74755859375001E-07	-6.94580078125E-07	-1.0693359375E-06	2.29967966447475E-07	1637459.375	7.41999019737705E-06
179	168.489539574605	0.608673095703125	0.608673095703125	3.68652343750001E-07	-6.81152343749999E-07	-1.0498046875E-06	2.24388756464577E-07	1651076.25	7.43857572160778E-06
180	168.539539574479	0.6036376953125	0.603546142578125	3.631591796875E-07	-6.683349609375E-07	-1.031494140625E-06	2.19183306171544E-07	1661932.875	7.45687066228129E-06
181	168.589539574352	0.598602294921875	0.59857177734375	3.5888671875E-07	-6.56738281249999E-07	-1.015625E-06	2.14819465327309E-07	1667857.125	7.47492185837473E-06
182	168.639539574226	0.59356689453125	0.593505859375	3.55224609375E-07	-6.46362304687501E-07	-1.0015869140625E-06	2.10827892033194E-07	1670790.375	7.49277478462318E-06
183	168.6895395741	0.588531494140625	0.5885009765625	3.51867675781251E-07	-6.35986328125E-07	-9.87854003906251E-07	2.07074464242396E-07	1672506.5	7.51045217839419E-06
184	168.739539573974	0.58349609375	0.58349609375	3.4820556640625E-07	-6.268310546875E-07	-9.7503662109375E-07	2.03176583113418E-07	1675723.125	7.52795403968776E-06
185	168.789539573847	0.578460693359375	0.578460693359375	3.4637451171875E-07	-6.17370605468751E-07	-9.63745117187501E-07	2.00364027591604E-07	1670044.125	7.54531856728136E-06
186	168.839539573721	0.57342529296875	0.573394775390625	3.44238281250001E-07	-6.0943603515625E-07	-9.5367431640625E-07	1.97384423472613E-07	1665691.625	7.56258350520511E-06
187	168.889539573595	0.568389892578125	0.568359375	3.41796875E-07	-6.011962890625E-07	-9.429931640625E-07	1.94263449770915E-07	1662857.25	7.57973475629115E-06
188	168.939539573469	0.5633544921875	0.56329345703125	3.399658203125E-07	-5.9417724609375E-07	-9.3414306640625E-07	1.91500518553767E-07	1656912	7.59677868700237E-06
189	168.989539573342	0.558319091796875	0.5582275390625	3.387451171875E-07	-5.87158203125E-07	-9.259033203125E-07	1.89096851954673E-07	1647928	7.61374622015865E-06
190	169.039539573216	0.55328369140625	0.553253173828125	3.3843994140625E-07	-5.8135986328125E-07	-9.197998046875E-07	1.87242974902802E-07	1634715.875	7.6306760092848E-06
191	169.08953957309	0.548248291015625	0.5482177734375	3.36608886718751E-07	-5.755615234375E-07	-9.1217041015625E-07	1.84534968639127E-07	1628649.125	7.6475525929709E-06
192	169.139539572964	0.543212890625	0.543212890625	3.35693359375E-07	-5.6915283203125E-07	-9.0484619140625E-07	1.82352962951882E-07	1618181.875	7.66436005505966E-06
193	169.189539572837	0.538177490234375	0.538177490234375	3.3447265625E-07	-5.6488037109375E-07	-8.99353027343749E-07	1.80005642391734E-07	1609032.875	7.68111385696102E-06
194	169.239539572711	0.53314208984375	0.533111572265625	3.338623046875E-07	-5.596923828125E-07	-8.93554687500001E-07	1.77985853611062E-07	1596800.75	7.69782218412729E-06
195	169.289539572585	0.528106689453125	0.528076171875	3.33251953124999E-07	-5.5572509765625E-07	-8.88977050781249E-07	1.75982407313313E-07	1584615.5	7.7145004979684E-06
196	169.339539572459	0.5230712890625	0.52301025390625	3.3294677734375E-07	-5.51452636718749E-07	-8.84399414062499E-07	1.74134569874695E-07	1570852.5	7.73115516494727E-06
197	169.389539572333	0.518035888671875	0.51800537109375	3.326416015625E-07	-5.48095703125E-07	-8.807373046875E-07	1.72310137713794E-07	1557247.75	7.74779528001091E-06
198	169.439539572206	0.51300048828125	0.512939453125	3.326416015625E-07	-5.450439453125E-07	-8.77685546875E-07	1.7062500035081E-07	1542018.375	7.76442720962223E-06
199	169.48953957208	0.507965087890625	0.507965087890625	3.3294677734375E-07	-5.4168701171875E-07	-8.746337890625E-07	1.69125328852715E-07	1525664.625	7.78106641519116E-06
200	169.539539571954	0.5029296875	0.502899169921875	3.3294677734375E-07	-5.39550781250001E-07	-8.7249755859375E-07	1.67438656717422E-07	1510449.125	7.79771380621241E-06
201	169.589539571828	0.497894287109375	0.497833251953125	3.338623046875E-07	-5.3741455078125E-07	-8.7127685546875E-07	1.66207755114556E-07	1491133.5	7.81438393460121E-06
202	169.639539571701	0.49285888671875	0.492767333984375	3.34777832031249E-07	-5.35888671875E-07	-8.70666503906249E-07	1.64967588034415E-07	1471923.375	7.8311004472198E-06
203	169.689539571575	0.487823486328125	0.48773193359375	3.3538818359375E-07	-5.34667968749999E-07	-8.7005615234375E-07	1.63579514378398E-07	1454231.25	7.84785424912116E-06
204	169.739539571449	0.4827880859375	0.482696533203125	3.36303710937499E-07	-5.328369140625E-07	-8.69140624999999E-07	1.62332639774831E-07	1435299.5	7.86464715929469E-06
205	169.789539571323	0.477752685546875	0.47772216796875	3.3721923828125E-07	-5.31921386718751E-07	-8.69140625000001E-07	1.61097105433328E-07	1416651.625	7.88148463470861E-06
206	169.839539571196	0.47271728515625	0.47271728515625	3.38134765625001E-07	-5.316162109375E-07	-8.697509765625E-07	1.59842144853428E-07	1398014.5	7.89836849435233E-06
207	169.88953957107	0.467681884765625	0.467620849609375	3.387451171875E-07	-5.30090332031249E-07	-8.68835449218749E-07	1.58404276362489E-07	1380450.5	7.91529055277351E-06
208	169.939539570944	0.462646484375	0.462646484375	3.4027099609375E-07	-5.291748046875E-07	-8.6944580078125E-07	1.57425176894321E-07	1359641.25	7.9322662713821E-06
209	169.989539570818	0.457611083984375	0.45758056640625	3.4027099609375E-07	-5.2825927734375E-07	-8.685302734375E-07	1.55701386006513E-07	1344753.375	7.94927927927347E-06
210	170.039539570691	0.45257568359375	0.45257568359375	3.40576171875E-07	-5.27343750000001E-07	-8.67919921875E-07	1.54136486685275E-07	1328853.125	7.96630047261715E-06
211	170.089539570565	0.447540283203125	0.447479248046875	3.40881347656249E-07	-5.25817871093751E-07	-8.6669921875E-07	1.52537324993318E-07	1312712.625	7.98333712737076E-06
212	170.139539570439	0.4425048828125	0.4425048828125	3.40881347656249E-07	-5.2398681640625E-07	-8.64868164062499E-07	1.50841657386991E-07	1298120	8.00038105808198E-06
213	170.189539570313	0.437469482421875	0.437530517578125	3.4149169921875E-07	-5.22766113281251E-07	-8.64257812500001E-07	1.49413040162472E-07	1281233.25	8.01744045020314E-06
214	170.239539570186	0.43243408203125	0.43243408203125	3.4149169921875E-07	-5.2154541015625E-07	-8.63037109375001E-07	1.47672650996356E-07	1266309.25	8.03451530373422E-06
215	170.28953957006	0.427398681640625	0.4273681640625	3.41186523437501E-07	-5.206298828125E-07	-8.6181640625E-07	1.4581225116217E-07	1252594	8.05158197181299E-06
216	170.339539569934	0.42236328125	0.422332763671875	3.41186523437501E-07	-5.1849365234375E-07	-8.59680175781251E-07	1.4409424409223E-07	1237835.5	8.06864136393415E-06
217	170.389539569808	0.417327880859375	0.417327880859375	3.4149169921875E-07	-5.18188476562501E-07	-8.59680175781251E-07	1.42514011258754E-07	1222073.25	8.08570803201292E-06
218	170.439539569682	0.41229248046875	0.41229248046875	3.40881347656249E-07	-5.169677734375E-07	-8.5784912109375E-07	1.40542809390354E-07	1209489.75	8.10276742413407E-06
219	170.489539569555	0.407257080078125	0.40728759765625	3.4149169921875E-07	-5.1605224609375E-07	-8.575439453125E-07	1.39085329919908E-07	1192672	8.11982681625523E-06
220	170.539539569429	0.4022216796875	0.402252197265625	3.4210205078125E-07	-5.157470703125E-07	-8.5784912109375E-07	1.37611309014574E-07	1175825.125	8.13691713119624E-06
221	170.589539569303	0.397186279296875	0.397216796875	3.42712402343751E-07	-5.1544189453125E-07	-8.58154296875001E-07	1.36131120598293E-07	1159038.375	8.15403745946242E-06
222	170.639539569177	0.39215087890625	0.39215087890625	3.436279296875E-07	-5.157470703125E-07	-8.59375E-07	1.34753989300407E-07	1141207.75	8.17119598650606E-06
223	170.68953956905	0.387115478515625	0.387054443359375	3.43933105468749E-07	-5.157470703125E-07	-8.5968017578125E-07	1.33120835243972E-07	1125377.125	8.18838452687487E-06
224	170.739539568924	0.382080078125	0.382110595703125	3.45458984374999E-07	-5.169677734375E-07	-8.624267578125E-07	1.32003535213698E-07	1106095.5	8.20561945147347E-06
225	170.789539568798	0.377044677734375	0.3770751953125	3.4637451171875E-07	-5.17883300781249E-07	-8.642578125E-07	1.30609222992462E-07	1088634.375	8.22291531221708E-06
226	170.839539568672	0.37200927734375	0.37200927734375	3.46984863281249E-07	-5.18798828125E-07	-8.6578369140625E-07	1.29081584532287E-07	1072119.625	8.24024937173817E-06
227	170.889539568545	0.366973876953125	0.36700439453125	3.4820556640625E-07	-5.206298828125E-07	-8.68835449218749E-07	1.27792972648422E-07	1053987.75	8.25762890599435E-06
228	170.939539568419	0.3619384765625	0.3619384765625	3.50036621093749E-07	-5.22766113281251E-07	-8.72802734375E-07	1.26691716673122E-07	1034001.8125	8.27508483780548E-06
229	170.989539568293	0.356903076171875	0.356903076171875	3.52783203125E-07	-5.2490234375E-07	-8.77685546875E-07	1.2590940912105E-07	1011678.25	8.29265536594903E-06
230	171.039539568167	0.35186767578125	0.351837158203125	3.5369873046875E-07	-5.27343750000001E-07	-8.81042480468751E-07	1.24444355265041E-07	994736.875	8.31031775305746E-06
231	171.08953956804	0.346832275390625	0.346893310546875	3.558349609375E-07	-5.2978515625E-07	-8.85620117187499E-07	1.23436763033169E-07	974871.4375	8.32805653772084E-06
232	171.139539567914	0.341796875	0.341827392578125	3.57666015624999E-07	-5.328369140625E-07	-8.90502929687499E-07	1.22260033208477E-07	955716.75	8.34589354781201E-06
233	171.189539567788	0.336761474609375	0.336761474609375	3.59497070312501E-07	-5.3680419921875E-07	-8.96301269531251E-07	1.21064758218381E-07	936757.25	8.36382241686806E-06
234	171.239539567662	0.33172607421875	0.331695556640625	3.6163330078125E-07	-5.40771484374999E-07	-9.0240478515625E-07	1.19952147770164E-07	917215.25	8.38185133034131E-06
235	171.289539567535	0.326690673828125	0.32672119140625	3.63769531249999E-07	-5.450439453125E-07	-9.08813476562499E-07	1.18851211539095E-07	898154.375	8.39998574519996E-06
236	171.339539567409	0.3216552734375	0.32159423828125	3.662109375E-07	-5.50231933593751E-07	-9.16442871093751E-07	1.17771328689287E-07	878166.6875	8.41823566588573E-06
237	171.389539567283	0.316619873046875	0.316619873046875	3.6895751953125E-07	-5.54809570312501E-07	-9.23767089843751E-07	1.16819279583069E-07	858147.25	8.43661473481916E-06
238	171.439539567157	0.31158447265625	0.3115234375	3.7109375E-07	-5.60607910156249E-07	-9.31701660156249E-07	1.15604393613467E-07	839473.75	8.45511567604262E-06
239	171.489539567031	0.306549072265625	0.3065185546875	3.7384033203125E-07	-5.66711425781249E-07	-9.40551757812499E-07	1.14588992516929E-07	819918.375	8.47373939905083E-06
240	171.539539566904	0.301513671875	0.301544189453125	3.7689208984375E-07	-5.7373046875E-07	-9.5062255859375E-07	1.1364961238769E-07	800081	8.49250773171661E-06
241	171.589539566778	0.296478271484375	0.29644775390625	3.79638671875E-07	-5.80749511718751E-07	-9.60388183593751E-07	1.12543027341871E-07	780868.1875	8.51142067403998E-06
242	171.639539566652	0.29144287109375	0.291412353515625	3.826904296875E-07	-5.88073730468749E-07	-9.7076416015625E-07	1.11520712664515E-07	761483.25	8.53047913551563E-06
243	171.689539566526	0.286407470703125	0.286376953125	3.8604736328125E-07	-5.963134765625E-07	-9.8236083984375E-07	1.10555063770335E-07	741818.1875	8.5496976680588E-06
244	171.739539566399	0.2813720703125	0.2813720703125	3.89404296875E-07	-6.05163574218751E-07	-9.9456787109375E-07	1.09567487527329E-07	722570.5625	8.56908354762709E-06
245	171.789539566273	0.276336669921875	0.27630615234375	3.93066406250001E-07	-6.1370849609375E-07	-1.00677490234375E-06	1.08606663218325E-07	702950.375	8.58864586916752E-06
246	171.839539566147	0.27130126953125	0.271270751953125	3.96118164062501E-07	-6.21948242187501E-07	-1.01806640625E-06	1.0745527134759E-07	684822.8125	8.60837553773308E-06
247	171.889539566021	0.266265869140625	0.266265869140625	4.00390624999999E-07	-6.3201904296875E-07	-1.03240966796875E-06	1.06610350769643E-07	665015.25	8.6282880147337E-06
248	171.939539565894	0.26123046875	0.26123046875	4.03747558593751E-07	-6.4208984375E-07	-1.04583740234375E-06	1.0547115891768E-07	647014.375	8.64839148562169E-06
249	171.989539565768	0.256195068359375	0.256195068359375	4.071044921875E-07	-6.52465820312501E-07	-1.0595703125E-06	1.04298166547778E-07	629310.3125	8.6686632130295E-06
250	172.039539565642	0.25115966796875	0.25115966796875	4.1015625E-07	-6.634521484375E-07	-1.0736083984375E-06	1.03014706098747E-07	612351.1875	8.68909410201013E-06
251	172.089539565516	0.246124267578125	0.246124267578125	4.1473388671875E-07	-6.756591796875E-07	-1.09039306640625E-06	1.02076072039381E-07	593451.0625	8.70971689437283E-06
252	172.139539565389	0.2410888671875	0.24114990234375	4.180908203125E-07	-6.89697265625E-07	-1.1077880859375E-06	1.00822560966662E-07	576788.3125	8.73053704708582E-06
253	172.189539565263	0.236053466796875	0.236053466796875	4.2236328125E-07	-7.0465087890625E-07	-1.12701416015625E-06	9.97003084535208E-08	558887.3125	8.75154819368618E-06
254	172.239539565137	0.23101806640625	0.231048583984375	4.2694091796875E-07	-7.20825195312499E-07	-1.14776611328125E-06	9.86440937822408E-08	541172.25	8.77278125699377E-06
255	172.289539565011	0.225982666015625	0.225982666015625	4.3212890625E-07	-7.40661621093749E-07	-1.17279052734375E-06	9.76536398411554E-08	522952	8.79425806488143E-06
256	172.339539564884	0.220947265625	0.220916748046875	4.3792724609375E-07	-7.62939453125E-07	-1.20086669921875E-06	9.67454596434436E-08	504459.9375	8.81600954016903E-06
257	172.389539564758	0.215911865234375	0.215911865234375	4.44946289062501E-07	-7.891845703125E-07	-1.234130859375E-06	9.60691792784019E-08	485253.8125	8.83808115759166E-06
258	172.439539564632	0.21087646484375	0.21087646484375	4.53796386718749E-07	-8.197021484375E-07	-1.27349853515625E-06	9.56949790520412E-08	464694	8.86054931470426E-06
259	172.489539564506	0.205841064453125	0.205810546875	4.63256835937501E-07	-8.55102539062499E-07	-1.318359375E-06	9.53431396055748E-08	444268.8125	8.88347585714655E-06
260	172.53953956438	0.2008056640625	0.20086669921875	4.74853515625E-07	-8.96606445312501E-07	-1.3714599609375E-06	9.53822549831784E-08	423007.71875	8.90692899702117E-06
261	172.589539564253	0.195770263671875	0.195770263671875	4.8828125E-07	-9.4512939453125E-07	-1.43341064453125E-06	9.55909413846712E-08	400937.53125	8.9310069597559E-06
262	172.639539564127	0.19073486328125	0.19073486328125	5.04455566406251E-07	-1.00067138671875E-06	-1.505126953125E-06	9.62172634899616E-08	378100.4375	8.95582525117788E-06
263	172.689539564001	0.185699462890625	0.185699462890625	5.2398681640625E-07	-1.06719970703125E-06	-1.5911865234375E-06	9.73040670260161E-08	354397.21875	8.98153666639701E-06
264	172.739539563875	0.1806640625	0.180633544921875	5.46874999999999E-07	-1.1444091796875E-06	-1.6912841796875E-06	9.87839641197752E-08	330301.375	9.00830855243839E-06
265	172.789539563748	0.175628662109375	0.175628662109375	5.74340820312499E-07	-1.234130859375E-06	-1.8084716796875E-06	1.00870707342438E-07	305791.71875	9.03633826965233E-06
266	172.839539563622	0.17059326171875	0.170654296875	6.05163574218751E-07	-1.3385009765625E-06	-1.94366455078125E-06	1.03273762874778E-07	281996.96875	9.06582590687321E-06
267	172.889539563496	0.165557861328125	0.16558837890625	6.41784667968751E-07	-1.45904541015625E-06	-2.100830078125E-06	1.06272082689429E-07	258012.375	9.09699974727118E-06
268	172.93953956337	0.1605224609375	0.16058349609375	6.8359375E-07	-1.59698486328125E-06	-2.28057861328125E-06	1.09773871770358E-07	234910.71875	9.13013445824618E-06
269	172.989539563243	0.155487060546875	0.155548095703125	7.3211669921875E-07	-1.75384521484375E-06	-2.4859619140625E-06	1.1387935927587E-07	212463.53125	9.16552744456567E-06
270	173.039539563117	0.15045166015625	0.15045166015625	7.8765869140625E-07	-1.93084716796875E-06	-2.718505859375E-06	1.185045590546E-07	191011.234375	9.20352158573223E-06
271	173.089539562991	0.145416259765625	0.14544677734375	8.4991455078125E-07	-2.12921142578125E-06	-2.9791259765625E-06	1.23617340364035E-07	171131.0625	9.24446067074314E-06
272	173.139539562865	0.140380859375	0.14044189453125	9.197998046875E-07	-2.34954833984375E-06	-3.26934814453125E-06	1.29178431507171E-07	152687.46875	9.28870395000558E-06
273	173.189539562738	0.135345458984375	0.1353759765625	9.9639892578125E-07	-2.59002685546875E-06	-3.58642578125E-06	1.34888466618577E-07	135865.25	9.33660885493737E-06
274	173.239539562612	0.13031005859375	0.13031005859375	1.0791015625E-06	-2.8521728515625E-06	-3.9312744140625E-06	1.40617771648976E-07	120757.9296875	9.38849643716821E-06
275	173.289539562486	0.125274658203125	0.125335693359375	1.16729736328125E-06	-3.13323974609375E-06	-4.300537109375E-06	1.46304017789589E-07	107372.5546875	9.44465591601329E-06
276	173.33953956236	0.1202392578125	0.12030029296875	1.25946044921875E-06	-3.427734375E-06	-4.68719482421875E-06	1.51513461332797E-07	95517.328125	9.50532466958975E-06
277	173.389539562233	0.115203857421875	0.115142822265625	1.3519287109375E-06	-3.73382568359375E-06	-5.08575439453125E-06	1.55664878320749E-07	85169.3046875	9.57061001827242E-06
278	173.439539562107	0.11016845703125	0.11016845703125	1.4422607421875E-06	-4.04815673828125E-06	-5.49041748046875E-06	1.58891637624947E-07	76385.953125	9.64046466833679E-06
279	173.489539561981	0.105133056640625	0.10516357421875	1.52740478515625E-06	-4.364013671875E-06	-5.89141845703125E-06	1.60627337209007E-07	68851.1484375	9.71470581134781E-06
280	173.539539561855	0.10009765625	0.100128173828125	1.60064697265625E-06	-4.67529296875E-06	-6.27593994140625E-06	1.60269848947792E-07	62554.81640625	9.79290780378506E-06
281	173.589539561729	0.095062255859375	0.0950927734375	1.6595458984375E-06	-4.96826171875E-06	-6.6278076171875E-06	1.57810816858728E-07	57300.4765625	9.87441217148444E-06
282	173.639539561602	0.09002685546875	0.09002685546875	1.7071533203125E-06	-5.2490234375E-06	-6.9561767578125E-06	1.5368964056961E-07	52735.07421875	9.95857953967061E-06
283	173.689539561476	0.084991455078125	0.08502197265625	1.72698974609375E-06	-5.5023193359375E-06	-7.22930908203125E-06	1.46832064729097E-07	49231.3125	1.00444331110339E-05
284	173.73953956135	0.0799560546875	0.079986572265625	1.72149658203125E-06	-5.7281494140625E-06	-7.44964599609375E-06	1.37696616775429E-07	46463.39453125	1.01306459328043E-05
285	173.789539561224	0.074920654296875	0.074920654296875	1.68701171875E-06	-5.9112548828125E-06	-7.5982666015625E-06	1.26392023958033E-07	44410.2734375	1.02158583104028E-05
286	173.839539561097	0.06988525390625	0.0699462890625	1.62811279296875E-06	-6.0516357421875E-06	-7.67974853515625E-06	1.13880446406256E-07	42961.578125	1.02987360151019E-05
287	173.889539560971	0.064849853515625	0.064910888671875	1.54266357421875E-06	-6.1431884765625E-06	-7.68585205078125E-06	1.00135657987721E-07	42077.15234375	1.0378005754319E-05
288	173.939539560845	0.059814453125	0.059814453125	1.43218994140625E-06	-6.182861328125E-06	-7.61505126953125E-06	8.566566123136E-08	41764.328125	1.04523769550724E-05
289	173.989539560719	0.054779052734375	0.054840087890625	1.298828125E-06	-6.170654296875E-06	-7.469482421875E-06	7.12278449555015E-08	42222.74609375	1.05206527223345E-05
290	174.039539560592	0.04974365234375	0.0498199462890625	1.14349365234375E-06	-6.1065673828125E-06	-7.25006103515625E-06	5.69687905738192E-08	43568.19140625	1.05817107396433E-05
291	174.089539560466	0.044708251953125	0.0447998046875	9.81750488281249E-07	-5.99365234375E-06	-6.97540283203125E-06	4.39822258613276E-08	45632.58203125	1.06348416011315E-05
292	174.13953956034	0.0396728515625	0.0397369384765625	8.026123046875E-07	-5.8380126953125E-06	-6.640625E-06	3.1893353735768E-08	49509.50390625	1.0679450497264E-05
293	174.189539560214	0.034637451171875	0.0346710205078125	6.1676025390625E-07	-5.645751953125E-06	-6.26251220703125E-06	2.13837072493561E-08	56214.74609375	1.07149353425484E-05
294	174.239539560087	0.02960205078125	0.0296417236328125	4.302978515625E-07	-5.43212890625E-06	-5.8624267578125E-06	1.27547687966967E-08	68886.5234375	1.07411115095601E-05
295	174.289539559961	0.024566650390625	0.024615478515625	2.42919921875E-07	-5.2001953125E-06	-5.443115234375E-06	5.97959015635752E-09	101331.65625	1.07579417090164E-05
296	174.339539559835	0.01953125	0.0195770263671875	6.103515625E-08	-4.9591064453125E-06	-5.0201416015625E-06	1.19488674510393E-09	320750.03125	1.07655405372498E-05
297	174.389539559709	0.014495849609375	0.0145782470703125	-1.1138916015625E-07	-4.7210693359375E-06	-4.60968017578125E-06	-1.62385871416149E-09	-130876.71875	1.07642817965825E-05
298	174.439539559582	0.00946044921875	0.00954589843750001	-2.7191162109375E-07	-4.4891357421875E-06	-4.21722412109375E-06	-2.59564036930726E-09	-35106.62109375	1.07546993604046E-05
299	174.489539559456	0.004425048828125	0.00449218749999999	-4.17175292968749E-07	-4.266357421875E-06	-3.84918212890625E-06	-1.87402959817007E-09	-10768.10546875	1.07374726212583E-05
300	174.53953955933	-0.0006103515625	-0.000561523437500003	-5.46874999999999E-07	-4.06280517578125E-06	-3.51593017578125E-06	3.07083108941342E-10	1026.78576660156	1.07133710116614E-05
301	174.589539559204	-0.005645751953125	-0.0055877685546875	-6.6375732421875E-07	-3.87054443359375E-06	-3.206787109375E-06	3.70892228040987E-09	8418.3916015625	1.06831048469758E-05
302	174.639539559078	-0.01068115234375	-0.0106109619140625	-7.5836181640625E-07	-3.695068359375E-06	-2.93670654296875E-06	8.0469488850099E-09	13991.9521484375	1.06475517895888E-05
303	174.689539558951	-0.015716552734375	-0.0156219482421875	-8.37097167968751E-07	-3.536376953125E-06	-2.69927978515625E-06	1.30770887452059E-08	18662.048828125	1.06076658994425E-05
304	174.739539558825	-0.020751953125	-0.0206329345703125	-9.0087890625E-07	-3.3935546875E-06	-2.49267578125E-06	1.85877748748453E-08	22903.115234375	1.05642166090547E-05
305	174.789539558699	-0.025787353515625	-0.025653076171875	-9.503173828125E-07	-3.26568603515625E-06	-2.31536865234375E-06	2.43785631681703E-08	26994.21875	1.05179360616603E-05
306	174.839539558573	-0.03082275390625	-0.0306640625	-9.86328124999999E-07	-3.15155029296875E-06	-2.16522216796875E-06	3.02448270872446E-08	31089.107421875	1.04695200207061E-05
307	174.889539558446	-0.035858154296875	-0.0357269287109375	-1.01165771484375E-06	-3.050537109375E-06	-2.03887939453125E-06	3.61434189244392E-08	35315.234375	1.04195705716847E-05
308	174.93953955832	-0.0408935546875	-0.0407745361328125	-1.02874755859375E-06	-2.9608154296875E-06	-1.93206787109375E-06	4.19467021117725E-08	39635.125	1.03685606518411E-05
309	174.989539558194	-0.045928955078125	-0.0458221435546875	-1.03729248046875E-06	-2.8814697265625E-06	-1.84417724609375E-06	4.75309640535215E-08	44174.7578125	1.03169095382327E-05
310	175.039539558068	-0.05096435546875	-0.05084228515625	-1.03729248046875E-06	-2.8118896484375E-06	-1.77459716796875E-06	5.27383186010866E-08	49014.41796875	1.02650446933694E-05
311	175.089539557941	-0.055999755859375	-0.055877685546875	-1.0369873046875E-06	-2.75054931640625E-06	-1.71356201171875E-06	5.79444510151461E-08	53884.63671875	1.02131880339584E-05
312	175.139539557815	-0.06103515625	-0.0609130859375	-1.0302734375E-06	-2.69561767578125E-06	-1.66534423828125E-06	6.27571310474195E-08	59123.22265625	1.01615059975302E-05
313	175.189539557689	-0.066070556640625	-0.06597900390625	-1.02081298828125E-06	-2.647705078125E-06	-1.62689208984375E-06	6.73522251304348E-08	64633.78125	1.01102295957389E-05
314	175.239539557563	-0.07110595703125	-0.071075439453125	-1.00860595703125E-06	-2.6043701171875E-06	-1.59576416015625E-06	7.16871113581874E-08	70468.984375	1.00594934338005E-05
315	175.289539557436	-0.076141357421875	-0.076080322265625	-9.94262695312501E-07	-2.56622314453125E-06	-1.57196044921875E-06	7.56438254256864E-08	76519.3359375	1.00094221124891E-05
316	175.33953955731	-0.0811767578125	-0.0811767578125	-9.7930908203125E-07	-2.53204345703125E-06	-1.552734375E-06	7.94971413142775E-08	82891.8671875	9.96008293441264E-06
317	175.389539557184	-0.086212158203125	-0.086181640625	-9.63439941406249E-07	-2.50152587890625E-06	-1.5380859375E-06	8.30308337640417E-08	89452.015625	9.91151409834856E-06
318	175.439539557058	-0.09124755859375	-0.09112548828125	-9.47265625E-07	-2.47406005859375E-06	-1.52679443359375E-06	8.63200426692856E-08	96198.453125	9.86374652711675E-06
319	175.489539556932	-0.096282958984375	-0.09613037109375	-9.3048095703125E-07	-2.44903564453125E-06	-1.5185546875E-06	8.9447482309879E-08	103312.5625	9.81680295808474E-06
320	175.539539556805	-0.101318359375	-0.101165771484375	-9.13391113281251E-07	-2.427978515625E-06	-1.51458740234375E-06	9.2403915630257E-08	110758.4375	9.77070612862008E-06
321	175.589539556679	-0.106353759765625	-0.106201171875	-8.9691162109375E-07	-2.408447265625E-06	-1.51153564453125E-06	9.52530641029625E-08	118407.625	9.72544876276515E-06
322	175.639539556553	-0.11138916015625	-0.111297607421875	-8.807373046875E-07	-2.39044189453125E-06	-1.50970458984375E-06	9.80239533987515E-08	126368.6796875	9.68100721365772E-06
323	175.689539556427	-0.116424560546875	-0.116302490234375	-8.6517333984375E-07	-2.37457275390625E-06	-1.5093994140625E-06	1.00621811327528E-07	134426.8125	9.63735965342494E-06
324	175.7395395563	-0.1214599609375	-0.121368408203125	-8.4991455078125E-07	-2.35992431640625E-06	-1.510009765625E-06	1.0315277876316E-07	142800.71875	9.59448243520455E-06
325	175.789539556174	-0.126495361328125	-0.126434326171875	-8.3465576171875E-07	-2.347412109375E-06	-1.51275634765625E-06	1.05529132099491E-07	151480.8125	9.55236828303896E-06
326	175.839539556048	-0.13153076171875	-0.131378173828125	-8.20312500000001E-07	-2.3358154296875E-06	-1.5155029296875E-06	1.07771157331626E-07	160156.25	9.5109935500659E-06
327	175.889539555922	-0.136566162109375	-0.136444091796875	-8.06579589843751E-07	-2.3248291015625E-06	-1.51824951171875E-06	1.10053015589529E-07	169163.828125	9.47032094700262E-06
328	175.939539555795	-0.1416015625	-0.1414794921875	-7.9376220703125E-07	-2.31658935546875E-06	-1.5228271484375E-06	1.1230107332949E-07	178239.140625	9.43031318456633E-06
329	175.989539555669	-0.146636962890625	-0.146514892578125	-7.80029296875E-07	-2.30804443359375E-06	-1.52801513671875E-06	1.14285903407563E-07	187832.5625	9.39096844376763E-06
330	176.039539555543	-0.15167236328125	-0.151519775390625	-7.6751708984375E-07	-2.30072021484375E-06	-1.533203125E-06	1.16294010865658E-07	197415.515625	9.35227944864891E-06
331	176.089539555417	-0.156707763671875	-0.15655517578125	-7.55920410156249E-07	-2.2943115234375E-06	-1.53839111328125E-06	1.18343251642727E-07	207105.375	9.31419344851747E-06
332	176.13953955529	-0.1617431640625	-0.161651611328125	-7.4493408203125E-07	-2.2894287109375E-06	-1.54449462890625E-06	1.20419798577132E-07	217001.234375	9.27667224459583E-06
333	176.189539555164	-0.166778564453125	-0.1666259765625	-7.342529296875E-07	-2.28485107421875E-06	-1.55059814453125E-06	1.22345610975572E-07	226932.671875	9.23969219002174E-06
334	176.239539555038	-0.17181396484375	-0.171630859375	-7.24182128906251E-07	-2.2808837890625E-06	-1.55670166015625E-06	1.24292000691639E-07	236999.59375	9.20323145692237E-06
335	176.289539554912	-0.176849365234375	-0.17669677734375	-7.14721679687499E-07	-2.27783203125E-06	-1.5631103515625E-06	1.26289009472202E-07	247224.609375	9.16725912247784E-06
336	176.339539554785	-0.181884765625	-0.18170166015625	-7.0526123046875E-07	-2.27569580078125E-06	-1.5704345703125E-06	1.28147121358779E-07	257637.40625	9.13175972527824E-06
337	176.389539554659	-0.186920166015625	-0.186767578125	-6.97021484375E-07	-2.2747802734375E-06	-1.5777587890625E-06	1.30181007307328E-07	267950.96875	9.0967023425037E-06
338	176.439539554533	-0.19195556640625	-0.191802978515625	-6.88781738281249E-07	-2.274169921875E-06	-1.58538818359375E-06	1.32110386630302E-07	278467	9.06205696082907E-06
339	176.489539554407	-0.196990966796875	-0.196868896484375	-6.81152343749999E-07	-2.27294921875E-06	-1.591796875E-06	1.34097703607949E-07	289023.3125	9.02780902833911E-06
340	176.539539554281	-0.2020263671875	-0.20184326171875	-6.744384765625E-07	-2.2735595703125E-06	-1.59912109375E-06	1.36130864802908E-07	299276.03125	8.99391943676164E-06
