Potential - Start -0.205 V, Stop 1.505 V, Step 0.005 V; Modulation - Amplitude 0.05 V, Time 0.025 s, Interval time 0.05 s
Index	Base.Time (s)	Potential applied (V)	WE(1).Base.Potential (V)	WE(1).Base.Current (A)	WE(1).Pulse.Current (A)	WE(1).δ.Current (A)	WE(1).Base.Power (W)	WE(1).Base.Resistance (Ω)	WE(1).Base.Charge (C)
1	140.404364645513	-0.204925537109375		-5.291748046875E-07	1.77917480468751E-07	7.07092285156251E-07	1.08360680428632E-07	386966.5625	0
2	140.454364645387	-0.19989013671875		-7.281494140625E-07	1.50451660156251E-07	8.7860107421875E-07	1.45416564123479E-07	274266.5625	-3.1433103231393E-08
3	140.504364645261	-0.194854736328125		-7.2601318359375E-07	1.5899658203125E-07	8.85009765625E-07	1.4135632397938E-07	268179.90625	-6.77871696552756E-08
4	140.554364645134	-0.1898193359375		-7.14721679687499E-07	1.73339843750001E-07	8.880615234375E-07	1.35602547857161E-07	265456.875	-1.03805540163648E-07
5	140.604364645008	-0.184783935546875		-7.0068359375E-07	1.88293457031249E-07	8.88977050781249E-07	1.29410921090312E-07	263588.84375	-1.39190674985912E-07
6	140.654364644882	-0.17974853515625		-6.87561035156251E-07	2.032470703125E-07	8.9080810546875E-07	1.23525140338643E-07	261296.0625	-1.73896779642746E-07
7	140.704364644756	-0.174713134765625		-6.756591796875E-07	2.19116210937501E-07	8.94775390625001E-07	1.17964056300934E-07	258401.078125	-2.07977294053308E-07
8	140.754364644629	-0.169677734375		-6.634521484375E-07	2.349853515625E-07	8.984375E-07	1.12471816748894E-07	255519.796875	-2.41455069271979E-07
9	140.804364644503	-0.164642333984375		-6.53076171875E-07	2.520751953125E-07	9.051513671875E-07	1.07444257935185E-07	251915.90625	-2.74368289865379E-07
10	140.854364644377	-0.15960693359375		-6.4361572265625E-07	2.6885986328125E-07	9.124755859375E-07	1.02666604107071E-07	247842.59375	-3.06785580050928E-07
11	140.904364644251	-0.154571533203125		-6.34765625E-07	2.87780761718751E-07	9.22546386718751E-07	9.80973240416461E-08	243461.53125	-3.38745110184391E-07
12	140.954364644124	-0.1495361328125		-6.26525878906251E-07	3.0792236328125E-07	9.34448242187501E-07	9.36500157422415E-08	238577.6875	-3.70277405181696E-07
13	141.004364643998	-0.144500732421875		-6.1981201171875E-07	3.28674316406249E-07	9.48486328124999E-07	8.94687133268235E-08	232890.203125	-4.01435841013154E-07
14	141.054364643872	-0.13946533203125		-6.14318847656251E-07	3.51867675781251E-07	9.66186523437501E-07	8.56199378063138E-08	226875.3125	-4.32289112950457E-07
15	141.104364643746	-0.134429931640625		-6.09741210937501E-07	3.7841796875E-07	9.88159179687501E-07	8.19116436900913E-08	220320.3125	-4.62890625385626E-07
16	141.154364643619	-0.12939453125		-6.0699462890625E-07	4.0740966796875E-07	1.014404296875E-06	7.85047333806688E-08	213071.90625	-4.93309016746935E-07
17	141.204364643493	-0.124359130859375		-6.060791015625E-07	4.40673828125E-07	1.0467529296875E-06	7.53529718622303E-08	205135.953125	-5.23635833360458E-07
18	141.254364643367	-0.11932373046875		-6.06689453125001E-07	4.791259765625E-07	1.0858154296875E-06	7.23183859463461E-08	196478.890625	-5.53955089799274E-07
19	141.304364643241	-0.114288330078125		-6.0882568359375E-07	5.22460937499999E-07	1.13128662109375E-06	6.95259245730995E-08	187568.9375	-5.84342956244654E-07
20	141.354364643115	-0.1092529296875		-6.14318847656251E-07	5.7342529296875E-07	1.187744140625E-06	6.70411424152917E-08	177645.3125	-6.14921532360313E-07
21	141.404364642988	-0.104217529296875		-6.23168945312499E-07	6.3201904296875E-07	1.25518798828125E-06	6.49070912572824E-08	167140.0625	-6.45858733605564E-07
22	141.454364642862	-0.09918212890625		-6.33850097656249E-07	6.9915771484375E-07	1.3330078125E-06	6.28472562880233E-08	156427.53125	-6.7728421981883E-07
23	141.504364642736	-0.094146728515625		-6.50939941406251E-07	7.79113769531251E-07	1.4300537109375E-06	6.12639965424933E-08	144585.09375	-7.09403991550062E-07
24	141.55436464261	-0.089111328125		-6.70776367187501E-07	8.7249755859375E-07	1.54327392578125E-06	5.97328266849217E-08	132757.0625	-7.42446900403593E-07
25	141.604364642483	-0.084075927734375		-6.95190429687501E-07	9.81750488281249E-07	1.67694091796875E-06	5.84063464259543E-08	120851.625	-7.76596039031574E-07
26	141.654364642357	-0.07904052734375		-7.25708007812501E-07	1.107177734375E-06	1.8328857421875E-06	5.72939029552799E-08	108788.8984375	-8.12118514659232E-07
27	141.704364642231	-0.074005126953125		-7.6141357421875E-07	1.25213623046875E-06	2.0135498046875E-06	5.62787967339773E-08	97074.1484375	-8.49296554861212E-07
28	141.754364642105	-0.0689697265625		-8.05053710937501E-07	1.417236328125E-06	2.2222900390625E-06	5.54751942161147E-08	85595.1484375	-8.88458203007758E-07
29	141.804364641978	-0.063934326171875		-8.55712890625E-07	1.6046142578125E-06	2.4603271484375E-06	5.47094245462176E-08	74714.6953125	-9.29977375108137E-07
30	141.854364641852	-0.05889892578125		-9.1400146484375E-07	1.815185546875E-06	2.72918701171875E-06	5.38337019406754E-08	64440.73828125	-9.74220256466651E-07
31	141.904364641726	-0.053863525390625		-9.796142578125E-07	2.0477294921875E-06	3.02734375E-06	5.27355794588402E-08	54953.2734375	-1.02156059256231E-06
32	141.9543646416	-0.048828125		-1.0516357421875E-06	2.303466796875E-06	3.3551025390625E-06	5.1201773487719E-08	46297.15625	-1.07234188817529E-06
33	142.004364641473	-0.043792724609375		-1.13372802734375E-06	2.579345703125E-06	3.71307373046875E-06	4.94725860278322E-08	38489.90625	-1.12697603071865E-06
34	142.054364641347	-0.03875732421875		-1.220703125E-06	2.87200927734375E-06	4.09271240234375E-06	4.71323708950422E-08	31630	-1.18583670882799E-06
35	142.104364641221	-0.033721923828125		-1.31011962890625E-06	3.17901611328125E-06	4.4891357421875E-06	4.40238245857927E-08	25648.73046875	-1.24910729937255E-06
36	142.154364641095	-0.0286865234375		-1.400146484375E-06	3.49365234375E-06	4.893798828125E-06	4.00371469311267E-08	20422.84375	-1.31686397253361E-06
37	142.204364640968	-0.023651123046875		-1.4886474609375E-06	3.8079833984375E-06	5.296630859375E-06	3.50582638475316E-08	15820.0087890625	-1.38908387725678E-06
38	142.254364640842	-0.01861572265625		-1.57012939453125E-06	4.11376953125E-06	5.68389892578125E-06	2.90374266853632E-08	11778.42578125	-1.46555328228715E-06
39	142.304364640716	-0.013580322265625		-1.639404296875E-06	4.40673828125E-06	6.046142578125E-06	2.20635154590809E-08	8209.2333984375	-1.54579163336166E-06
40	142.35436464059	-0.008544921875		-1.693115234375E-06	4.6783447265625E-06	6.3714599609375E-06	1.42711931161443E-08	4978.37060546875	-1.62910453127552E-06
41	142.404364640464	-0.003509521484375		-1.72607421875E-06	4.9163818359375E-06	6.6424560546875E-06	5.90493520746804E-09	1981.96606445313	-1.71458430031635E-06
42	142.454364640337	0.00152587890625		-1.7327880859375E-06	5.1239013671875E-06	6.856689453125E-06	-2.77093792355743E-09	-922.860229492188	-1.80105587332946E-06
43	142.504364640211	0.006561279296875		-1.70257568359375E-06	5.279541015625E-06	6.98211669921875E-06	-1.13009708258005E-08	-3898.54809570313	-1.88693991276523E-06
44	142.554364640085	0.0115966796875		-1.649169921875E-06	5.38330078125E-06	7.032470703125E-06	-1.9220520286467E-08	-7066.9873046875	-1.97073359231581E-06
45	142.604364639959	0.016632080078125		-1.5643310546875E-06	5.4351806640625E-06	6.99951171875E-06	-2.61421995162436E-08	-10682.7939453125	-2.05107107831282E-06
46	142.654364639832	0.02166748046875		-1.4501953125E-06	5.4290771484375E-06	6.8792724609375E-06	-3.15459978139643E-08	-15000	-2.12643431041215E-06
47	142.704364639706	0.026702880859375		-1.30828857421875E-06	5.37109375E-06	6.67938232421875E-06	-3.50548496896863E-08	-20480.5234375	-2.19539629142673E-06
48	142.75436463958	0.03173828125		-1.143798828125E-06	5.267333984375E-06	6.4111328125E-06	-3.63999461683306E-08	-27822.83984375	-2.25669850806298E-06
49	142.804364639454	0.036773681640625		-9.6038818359375E-07	5.120849609375E-06	6.08123779296875E-06	-3.53814861853152E-08	-38360.33984375	-2.30930322686618E-06
50	142.854364639327	0.04180908203125		-7.6171875E-07	4.94384765625E-06	5.70556640625E-06	-3.1893254259785E-08	-54967.94921875	-2.352355977564E-06
51	142.904364639201	0.046844482421875		-5.56640625E-07	4.742431640625E-06	5.299072265625E-06	-2.61061181561217E-08	-84254.390625	-2.38531492868788E-06
52	142.954364639075	0.0518798828125		-3.5400390625E-07	4.5257568359375E-06	4.8797607421875E-06	-1.83656805319288E-08	-146551.71875	-2.40808094531531E-06
53	143.004364638949	0.056915283203125		-1.48620605468749E-07	4.302978515625E-06	4.45159912109375E-06	-8.46331893455954E-09	-383162.21875	-2.420646524115E-06
54	143.054364638822	0.06195068359375		4.63867187499994E-08	4.08203125E-06	4.03564453125E-06	2.87368884244188E-09	1335526.375	-2.42320243160066E-06
55	143.104364638696	0.066986083984375		2.27966308593749E-07	3.86383056640625E-06	3.6358642578125E-06	1.52844830125787E-08	294109.78125	-2.41634370468091E-06
56	143.15436463857	0.072021484375		3.93066406250001E-07	3.6566162109375E-06	3.2635498046875E-06	2.83452106231152E-08	183462.734375	-2.40081772062695E-06
57	143.204364638444	0.077056884765625		5.39550781250001E-07	3.46038818359375E-06	2.92083740234375E-06	4.15761007843685E-08	142816.75	-2.37750236919965E-06
58	143.254364638317	0.08209228515625		6.68945312499999E-07	3.27728271484375E-06	2.60833740234375E-06	5.49969065843925E-08	122901.4609375	-2.34729009207513E-06
59	143.304364638191	0.087127685546875		7.7789306640625E-07	3.109130859375E-06	2.33123779296875E-06	6.78234997053551E-08	112083.171875	-2.31111903303827E-06
60	143.354364638065	0.0921630859375		8.69140625000001E-07	2.95562744140625E-06	2.08648681640625E-06	8.01822537255248E-08	106144.6640625	-2.26994325203123E-06
61	143.404364637939	0.097198486328125		9.43603515624999E-07	2.8167724609375E-06	1.8731689453125E-06	9.17168279102043E-08	103007.765625	-2.22462449528393E-06
62	143.454364637813	0.10223388671875		1.0028076171875E-06	2.69073486328125E-06	1.68792724609375E-06	1.02612730756846E-07	102038.953125	-2.17596425500233E-06
63	143.504364637686	0.107269287109375		1.048583984375E-06	2.5775146484375E-06	1.5289306640625E-06	1.12512850591884E-07	102328.2890625	-2.12467944038508E-06
64	143.55436463756	0.1123046875		1.08184814453125E-06	2.4761962890625E-06	1.39434814453125E-06	1.21496611882321E-07	103808.1796875	-2.07141874852823E-06
65	143.604364637434	0.117340087890625		1.10687255859375E-06	2.38525390625E-06	1.27838134765625E-06	1.29914297986033E-07	106038.046875	-2.01670059141179E-06
66	143.654364637308	0.12237548828125		1.12335205078125E-06	2.3040771484375E-06	1.18072509765625E-06	1.37539316824586E-07	108992.125	-1.96094515558798E-06
67	143.704364637181	0.127410888671875		1.13250732421875E-06	2.2314453125E-06	1.09893798828125E-06	1.44362886089766E-07	112557.2578125	-1.90454863968625E-06
68	143.754364637055	0.1324462890625		1.13677978515625E-06	2.16552734375E-06	1.02874755859375E-06	1.50631635165155E-07	116563.765625	-1.84781640655274E-06
69	143.804364636929	0.137481689453125		1.13677978515625E-06	2.10662841796875E-06	9.69848632812501E-07	1.56355781655293E-07	120993.296875	-1.7909774214786E-06
70	143.854364636803	0.14251708984375		1.1334228515625E-06	2.0538330078125E-06	9.2041015625E-07	1.61635895779E-07	125821.21875	-1.7342223372907E-06
71	143.904364636676	0.147552490234375		1.1279296875E-06	2.005615234375E-06	8.77685546875E-07	1.66497670761601E-07	130871.21875	-1.67768860137585E-06
72	143.95436463655	0.152587890625		1.119384765625E-06	1.962890625E-06	8.43505859374999E-07	1.70907028973488E-07	136395.859375	-1.6215057030422E-06
73	144.004364636424	0.157623291015625		1.11114501953125E-06	1.923828125E-06	8.12683105468751E-07	1.75176239736174E-07	141884.09375	-1.56574242282659E-06
74	144.054364636298	0.16265869140625		1.10137939453125E-06	1.88873291015625E-06	7.87353515625E-07	1.79182535475775E-07	147714.0625	-1.51042934248835E-06
75	144.104364636171	0.167694091796875		1.09100341796875E-06	1.85638427734375E-06	7.65380859375001E-07	1.82988117103378E-07	153734.28125	-1.45561978115438E-06
76	144.154364636045	0.1727294921875		1.0797119140625E-06	1.82647705078125E-06	7.46765136718749E-07	1.86498084531195E-07	159977.390625	-1.40135193760216E-06
77	144.204364635919	0.177764892578125		1.0687255859375E-06	1.79931640625E-06	7.305908203125E-07	1.90014489476198E-07	166362.09375	-1.34764093218109E-06
78	144.254364635793	0.18280029296875		1.0577392578125E-06	1.77398681640625E-06	7.16247558593751E-07	1.93355049304955E-07	172821.6875	-1.29447937524674E-06
79	144.304364635667	0.187835693359375		1.046142578125E-06	1.75079345703125E-06	7.04650878906249E-07	1.96502909943774E-07	179550.765625	-1.24188227346167E-06
80	144.35436463554	0.19287109375		1.03546142578125E-06	1.72943115234375E-06	6.93969726562499E-07	1.99678979129203E-07	186236.375	-1.18984223718144E-06
81	144.404364635414	0.197906494140625		1.02447509765625E-06	1.708984375E-06	6.84509277343751E-07	2.0278153556319E-07	193208.234375	-1.13834380499611E-06
82	144.454364635288	0.20294189453125		1.01409912109375E-06	1.690673828125E-06	6.7657470703125E-07	2.05834140842853E-07	200150.46875	-1.0873794735744E-06
83	144.504364635162	0.207977294921875		1.0040283203125E-06	1.673583984375E-06	6.695556640625E-07	2.08845719384954E-07	207173.265625	-1.03692627817509E-06
84	144.554364635035	0.2130126953125		9.93957519531249E-07	1.65679931640625E-06	6.62841796875001E-07	2.11755903478661E-07	214338.34375	-9.86976601780043E-07
85	144.604364634909	0.218048095703125		9.844970703125E-07	1.64154052734375E-06	6.57043457031251E-07	2.14667721820661E-07	221481.703125	-9.37515267196432E-07
86	144.654364634783	0.22308349609375		9.7564697265625E-07	1.62750244140625E-06	6.51855468750001E-07	2.17680494074557E-07	228683.15625	-8.88511635821487E-07
87	144.704364634657	0.228118896484375		9.661865234375E-07	1.61376953125E-06	6.47583007812501E-07	2.20434870357167E-07	236133.9375	-8.39965821342048E-07
88	144.75436463453	0.233154296875		9.5794677734375E-07	1.6015625E-06	6.4361572265625E-07	2.23349402972417E-07	243389.609375	-7.91862476035021E-07
89	144.804364634404	0.238189697265625		9.4970703125E-07	1.58905029296875E-06	6.3934326171875E-07	2.26239407652429E-07	250835.484375	-7.44171131827898E-07
90	144.854364634278	0.24322509765625		9.4207763671875E-07	1.57806396484375E-06	6.35986328125E-07	2.29108181315496E-07	258147.0625	-6.96876497841004E-07
91	144.904364634152	0.248260498046875		9.344482421875E-07	1.56768798828125E-06	6.3323974609375E-07	2.31986575727205E-07	265676.03125	-6.49963396881503E-07
92	144.954364634025	0.2532958984375		9.2742919921875E-07	1.55792236328125E-06	6.304931640625E-07	2.34857409964206E-07	273050.34375	-6.03416424382885E-07
93	145.004364633899	0.258331298828125		9.197998046875E-07	1.549072265625E-06	6.29272460937499E-07	2.37613079434595E-07	280856	-5.57235694031988E-07
94	145.054364633773	0.26336669921875		9.13391113281251E-07	1.54022216796875E-06	6.26831054687499E-07	2.40556801145431E-07	288339.46875	-5.11405971792556E-07
95	145.104364633647	0.268402099609375		9.05761718750001E-07	1.53228759765625E-06	6.26525878906249E-07	2.43053051462994E-07	296260.125	-4.65927115556042E-07
96	145.15436463352	0.2734375		8.9996337890625E-07	1.52496337890625E-06	6.24999999999999E-07	2.46083743604686E-07	303831.8125	-4.20784004973029E-07
97	145.204364633394	0.278472900390625		8.9385986328125E-07	1.51763916015625E-06	6.23779296875E-07	2.4891573957575E-07	311539.78125	-3.75938412844334E-07
98	145.254364633268	0.28350830078125		8.8775634765625E-07	1.5118408203125E-06	6.2408447265625E-07	2.51713373700113E-07	319388.125	-3.31398013031503E-07
99	145.304364633142	0.288543701171875		8.819580078125E-07	1.505126953125E-06	6.23168945312499E-07	2.5451032570345E-07	327197.25	-2.87155160094699E-07
100	145.354364633016	0.2935791015625		8.75244140625001E-07	1.49932861328125E-06	6.2408447265625E-07	2.56953370580959E-07	335425.40625	-2.43225116491885E-07
101	145.404364632889	0.298614501953125		8.7005615234375E-07	1.494140625E-06	6.2408447265625E-07	2.59784826539544E-07	343177.84375	-1.99592605554244E-07
102	145.454364632763	0.30364990234375		8.648681640625E-07	1.490478515625E-06	6.256103515625E-07	2.62590731381351E-07	351058.59375	-1.56219499558574E-07
103	145.504364632637	0.308685302734375		8.59375E-07	1.485595703125E-06	6.26220703125001E-07	2.65250179154464E-07	359161.9375	-1.13113415523003E-07
104	145.554364632511	0.313720703125		8.5418701171875E-07	1.48162841796875E-06	6.2744140625E-07	2.67976133727643E-07	367274.03125	-7.0274367658385E-08
105	145.604364632384	0.318756103515625		8.49304199218751E-07	1.47857666015625E-06	6.29272460937499E-07	2.70746795649757E-07	375350.34375	-2.76870917303995E-08
106	145.654364632258	0.32379150390625		8.441162109375E-07	1.47552490234375E-06	6.3140869140625E-07	2.73317652954574E-07	383586.40625	1.46484167018457E-08
107	145.704364632132	0.328826904296875		8.3953857421875E-07	1.473388671875E-06	6.33850097656251E-07	2.76062849025038E-07	391675.78125	5.67397862027974E-08
108	145.754364632006	0.3338623046875		8.343505859375E-07	1.470947265625E-06	6.365966796875E-07	2.78558189847899E-07	400146.3125	9.85870087788498E-08
109	145.804364631879	0.338897705078125		8.29467773437501E-07	1.468505859375E-06	6.39038085937499E-07	2.81104718169445E-07	408572.5	1.4018246474734E-07
110	145.854364631753	0.34393310546875		8.251953125E-07	1.468505859375E-06	6.43310546874999E-07	2.8386233452693E-07	416863.90625	1.81549040689788E-07
111	145.904364631627	0.348968505859375		8.20312500000001E-07	1.46759033203125E-06	6.4727783203125E-07	2.86313280639661E-07	425483.625	2.22686736606192E-07
112	145.954364631501	0.35400390625		8.160400390625E-07	1.4666748046875E-06	6.50634765624999E-07	2.88881352616954E-07	433807.03125	2.63595552496554E-07
113	146.004364631374	0.359039306640625		8.1146240234375E-07	1.4666748046875E-06	6.55212402343749E-07	2.91322123757709E-07	442421.96875	3.04283105379E-07
114	146.054364631248	0.36407470703125		8.0718994140625E-07	1.46636962890625E-06	6.591796875E-07	2.93902076009545E-07	451077.53125	3.44749423675239E-07
115	146.104364631122	0.369110107421875		8.0291748046875E-07	1.46759033203125E-06	6.64672851562501E-07	2.96315931791469E-07	459635.15625	3.8500209598169E-07
116	146.154364630996	0.3741455078125		7.9925537109375E-07	1.46728515625E-06	6.6802978515625E-07	2.9903779363849E-07	468117.59375	4.25056413178027E-07
117	146.204364630869	0.379180908203125		7.95593261718749E-07	1.468505859375E-06	6.7291259765625E-07	3.01673765079613E-07	476601.46875	4.64927637722212E-07
118	146.254364630743	0.38421630859375		7.9193115234375E-07	1.46942138671875E-06	6.77490234375E-07	3.04297032016621E-07	485202.3125	5.04615741192538E-07
119	146.304364630617	0.389251708984375		7.88269042968751E-07	1.4703369140625E-06	6.8206787109375E-07	3.06810989059159E-07	493766.96875	5.44120723589003E-07
120	146.354364630491	0.394287109375		7.84912109374999E-07	1.47125244140625E-06	6.8634033203125E-07	3.09552603994234E-07	502449.4375	5.83450287194864E-07
121	146.404364630365	0.399322509765625		7.81860351562499E-07	1.4727783203125E-06	6.9091796875E-07	3.12214410769229E-07	510733.84375	6.22619609202957E-07
122	146.454364630238	0.40435791015625		7.79113769531251E-07	1.4739990234375E-06	6.9488525390625E-07	3.15040807663536E-07	518997.28125	6.61643923649535E-07
123	146.504364630112	0.409393310546875		7.76062011718751E-07	1.47491455078125E-06	6.988525390625E-07	3.17690904694246E-07	527487.25	7.00523344221438E-07
124	146.554364629986	0.4144287109375		7.7392578125E-07	1.47613525390625E-06	7.0220947265625E-07	3.20737058245868E-07	535489	7.392730481115E-07
125	146.60436462986	0.419464111328125		7.708740234375E-07	1.478271484375E-06	7.07397460937501E-07	3.23377520317081E-07	544180.5625	7.77893035319721E-07
126	146.654364629733	0.42449951171875		7.6873779296875E-07	1.4801025390625E-06	7.1136474609375E-07	3.26328802202625E-07	552203.25	8.16383305846102E-07
127	146.704364629607	0.429534912109375		7.66601562499999E-07	1.48193359375E-06	7.1533203125E-07	3.29258739384386E-07	560270.6875	8.54766824431863E-07
128	146.754364629481	0.4345703125		7.6416015625E-07	1.48345947265625E-06	7.19299316406249E-07	3.32034659322744E-07	568610.25	8.93035860372038E-07
129	146.804364629355	0.439605712890625		7.6171875E-07	1.48651123046875E-06	7.2479248046875E-07	3.3483266292933E-07	577083.3125	9.311827966485E-07
130	146.854364629228	0.44464111328125		7.5958251953125E-07	1.48895263671875E-06	7.293701171875E-07	3.37741624889532E-07	585375.625	9.69215307122795E-07
131	146.904364629102	0.449676513671875		7.57751464843751E-07	1.492919921875E-06	7.35168457031249E-07	3.40766149520277E-07	593475.6875	1.00714873951802E-06
132	146.954364628976	0.4547119140625		7.55615234375E-07	1.49627685546875E-06	7.40661621093751E-07	3.43633359989326E-07	601857.875	1.04498280961707E-06
133	147.00436462885	0.459747314453125		7.52868652343749E-07	1.50054931640625E-06	7.476806640625E-07	3.46106361348575E-07	610620.1875	1.08269500742608E-06
134	147.054364628723	0.46478271484375		7.5042724609375E-07	1.50482177734375E-06	7.54394531249999E-07	3.48739803257558E-07	619276.1875	1.12027737486642E-06
135	147.104364628597	0.469818115234375		7.48291015624999E-07	1.50970458984375E-06	7.6141357421875E-07	3.51537806864144E-07	627814.0625	1.15774525966117E-06
136	147.154364628471	0.474853515625		7.45544433593751E-07	1.51519775390625E-06	7.69653320312499E-07	3.54024393800501E-07	636921.8125	1.19509115847904E-06
137	147.204364628345	0.479888916015625		7.4310302734375E-07	1.52099609375E-06	7.7789306640625E-07	3.56584223482059E-07	645749.5	1.23230734061508E-06
138	147.254364628218	0.48492431640625		7.40661621093749E-07	1.527099609375E-06	7.86437988281251E-07	3.59097015234511E-07	654594.125	1.26940153677424E-06
139	147.304364628092	0.489959716796875		7.37609863281249E-07	1.53411865234375E-06	7.965087890625E-07	3.61376606861086E-07	664211.8125	1.30635828554659E-06
140	147.354364627966	0.4949951171875		7.3516845703125E-07	1.5423583984375E-06	8.0718994140625E-07	3.63904774758339E-07	673308.4375	1.34317770061898E-06
141	147.40436462784	0.500030517578125		7.3211669921875E-07	1.55120849609375E-06	8.19091796875E-07	3.66036005061687E-07	682909.5625	1.37985989567824E-06
142	147.454364627714	0.50506591796875		7.28454589843749E-07	1.561279296875E-06	8.3282470703125E-07	3.67895324870915E-07	693297.0625	1.41637417527818E-06
143	147.504364627587	0.510101318359375		7.2479248046875E-07	1.572265625E-06	8.47473144531249E-07	3.69717582771045E-07	703789.5	1.45270530538255E-06
144	147.554364627461	0.51513671875		7.20825195312499E-07	1.5850830078125E-06	8.64257812500001E-07	3.71323523040701E-07	714648.625	1.48884578266006E-06
145	147.604364627335	0.520172119140625		7.16552734375001E-07	1.60003662109375E-06	8.8348388671875E-07	3.72708882423467E-07	725894.375	1.52478025938763E-06
146	147.654364627209	0.52520751953125		7.11669921874999E-07	1.61651611328125E-06	9.0484619140625E-07	3.73796098074308E-07	738036.0625	1.56048577082402E-06
147	147.704364627082	0.530242919921875		7.05871582031251E-07	1.6357421875E-06	9.29870605468749E-07	3.74304931938241E-07	751232.1875	1.59592434556544E-06
148	147.754364626956	0.5352783203125		7.0037841796875E-07	1.6583251953125E-06	9.5794677734375E-07	3.74876009345826E-07	764226.625	1.63108052220196E-06
149	147.80436462683	0.540313720703125		6.927490234375E-07	1.68426513671875E-06	9.9151611328125E-07	3.74301777128494E-07	779956	1.66590871231165E-06
150	147.854364626704	0.54534912109375		6.8389892578125E-07	1.715087890625E-06	1.03118896484375E-06	3.72901070022635E-07	797278	1.70032490132144E-06
151	147.904364626577	0.550384521484375		6.7474365234375E-07	1.75079345703125E-06	1.0760498046875E-06	3.71327274706346E-07	815603.8125	1.73429100414069E-06
152	147.954364626451	0.555419921875		6.622314453125E-07	1.79229736328125E-06	1.13006591796875E-06	3.67816511470664E-07	838709.75	1.76771538917819E-06
153	148.004364626325	0.560455322265625		6.47888183593751E-07	1.84112548828125E-06	1.1932373046875E-06	3.63112377499419E-07	865049.5	1.80046833975211E-06
154	148.054364626199	0.56549072265625		6.3140869140625E-07	1.898193359375E-06	1.26678466796875E-06	3.57036469722516E-07	895553.4375	1.8324508346268E-06
155	148.104364626072	0.570526123046875		6.11572265625E-07	1.96533203125E-06	1.353759765625E-06	3.48899277469172E-07	932834.3125	1.8635253127286E-06
156	148.154364625946	0.5755615234375		5.88378906250001E-07	2.04376220703125E-06	1.45538330078125E-06	3.38648248998652E-07	978215.8125	1.89352408597188E-06
157	148.20436462582	0.580596923828125		5.60607910156249E-07	2.13348388671875E-06	1.5728759765625E-06	3.25487206964681E-07	1035656	1.92224865713797E-06
158	148.254364625694	0.58563232421875		5.27343750000001E-07	2.236328125E-06	1.708984375E-06	3.08829527284615E-07	1110532.5	1.94944755094184E-06
159	148.304364625567	0.590667724609375		4.90417480468749E-07	2.353515625E-06	1.86309814453125E-06	2.89658800056714E-07	1204356	1.97489157471864E-06
160	148.354364625441	0.595703125		4.4891357421875E-07	2.48443603515625E-06	2.0355224609375E-06	2.67419210331354E-07	1326988.5	1.99837495529209E-06
161	148.404364625315	0.600738525390625		4.03747558593751E-07	2.62908935546875E-06	2.225341796875E-06	2.42546718709491E-07	1487906.25	2.01969146473857E-06
162	148.454364625189	0.60577392578125		3.558349609375E-07	2.7880859375E-06	2.4322509765625E-06	2.1556638785114E-07	1702487.25	2.03868103199056E-06
163	148.504364625063	0.610809326171875		3.06091308593751E-07	2.96051025390625E-06	2.6544189453125E-06	1.86954082437296E-07	1995413.875	2.05522906071565E-06
164	148.554364624936	0.6158447265625		2.54211425781251E-07	3.1451416015625E-06	2.89093017578125E-06	1.56554762043015E-07	2422569.25	2.069236643365E-06
165	148.60436462481	0.620880126953125		1.99279785156251E-07	3.3392333984375E-06	3.13995361328125E-06	1.23728852940985E-07	3115620.25	2.08057394956995E-06
166	148.654364624684	0.62591552734375		1.434326171875E-07	3.54095458984375E-06	3.39752197265625E-06	8.9781075018891E-08	4364042.5	2.089141844408E-06
167	148.704364624558	0.630950927734375		8.78906250000006E-08	3.746337890625E-06	3.658447265625E-06	5.54573560407334E-08	7179166.5	2.09492486646923E-06
168	148.754364624431	0.635986328125		3.44848632812506E-08	3.95050048828125E-06	3.916015625E-06	2.19287450420325E-08	18439824	2.09798417927232E-06
169	148.804364624305	0.641021728515625		-1.373291015625E-08	4.149169921875E-06	4.16290283203125E-06	-8.80183659290878E-09	-46671112	2.09850304599968E-06
170	148.854364624179	0.64605712890625		-5.4931640625E-08	4.33349609375E-06	4.388427734375E-06	-3.54856233286682E-08	-11760000	2.09678637475008E-06
171	148.904364624053	0.651092529296875		-8.544921875E-08	4.5013427734375E-06	4.5867919921875E-06	-5.56301316123609E-08	-7618929	2.09327686206962E-06
172	148.954364623926	0.6561279296875		-1.019287109375E-07	4.6478271484375E-06	4.749755859375E-06	-6.68720474550355E-08	-6436527.5	2.08859250960813E-06
173	149.0043646238	0.661163330078125		-1.03149414062501E-07	4.7637939453125E-06	4.866943359375E-06	-6.81860186091399E-08	-6408580	2.08346546060056E-06
174	149.054364623674	0.66619873046875		-8.42285156249997E-08	4.852294921875E-06	4.9365234375E-06	-5.6102646084355E-08	-7907971.5	2.07878110813908E-06
175	149.104364623548	0.671234130859375		-4.57763671875E-08	4.9041748046875E-06	4.949951171875E-06	-3.07224681250773E-08	-14661333	2.0755310288223E-06
176	149.154364623421	0.67626953125		1.15966796875006E-08	4.925537109375E-06	4.9139404296875E-06	7.84106557460973E-09	58305264	2.07467633117631E-06
177	149.204364623295	0.681304931640625		8.88061523437497E-08	4.913330078125E-06	4.82452392578125E-06	6.04905210366269E-08	7670103	2.0771865365532E-06
178	149.254364623169	0.68634033203125		1.8341064453125E-07	4.8736572265625E-06	4.69024658203125E-06	1.25859727972966E-07	3741431.25	2.08399183065922E-06
179	149.304364623043	0.691375732421875		2.9266357421875E-07	4.8095703125E-06	4.51690673828125E-06	2.02304761387495E-07	2361939.5	2.09589370570029E-06
180	149.354364622916	0.6964111328125		4.1229248046875E-07	4.72412109375E-06	4.31182861328125E-06	2.87049573444165E-07	1688675	2.11351766665757E-06
181	149.40436462279	0.701446533203125		5.37719726562499E-07	4.620361328125E-06	4.0826416015625E-06	3.77115981109455E-07	1304256.625	2.13726798392599E-06
182	149.454364622664	0.70648193359375		6.6375732421875E-07	4.510498046875E-06	3.84674072265625E-06	4.68851510504464E-07	1064184	2.16730495594675E-06
183	149.504364622538	0.711517333984375		7.9010009765625E-07	4.3975830078125E-06	3.60748291015625E-06	5.62049365271378E-07	900347.625	2.20365132008737E-06
184	149.554364622412	0.716552734375		9.10339355468751E-07	4.29046630859375E-06	3.380126953125E-06	6.52167216230737E-07	786959.4375	2.24616223931662E-06
185	149.604364622285	0.721588134765625		1.0223388671875E-06	4.18731689453125E-06	3.16497802734375E-06	7.37676430162537E-07	705791	2.29447937272198E-06
186	149.654364622159	0.72662353515625		1.121826171875E-06	4.09271240234375E-06	2.97088623046875E-06	8.15076816707005E-07	647660.5	2.34808339882875E-06
187	149.704364622033	0.731658935546875		1.20849609375E-06	4.01123046875E-06	2.802734375E-06	8.84096323261474E-07	605353.5625	2.40634153669816E-06
188	149.754364621907	0.7366943359375		1.280517578125E-06	3.94378662109375E-06	2.66326904296875E-06	9.43193697366951E-07	575214.5	2.46856689045671E-06
189	149.80436462178	0.741729736328125		1.3372802734375E-06	3.892822265625E-06	2.5555419921875E-06	9.91778051684378E-07	554587	2.53401185545954E-06
190	149.854364621654	0.74676513671875		1.37969970703125E-06	3.85955810546875E-06	2.4798583984375E-06	1.03018533081922E-06	541185.5625	2.60193633039307E-06
191	149.904364621528	0.751800537109375		1.40899658203125E-06	3.84521484375E-06	2.43621826171875E-06	1.06035940916627E-06	534113.0625	2.67165364675748E-06
192	149.954364621402	0.7568359375		1.4208984375E-06	3.8507080078125E-06	2.4298095703125E-06	1.07582059172273E-06	532860.8125	2.74240096587164E-06
193	150.004364621275	0.761871337890625		1.422119140625E-06	3.8763427734375E-06	2.4542236328125E-06	1.08325480141502E-06	535622.3125	2.81347638519946E-06
194	150.054364621149	0.76690673828125		1.41082763671875E-06	3.92181396484375E-06	2.510986328125E-06	1.08283427380229E-06	544019.0625	2.88430010186858E-06
195	150.104364621023	0.771942138671875		1.38885498046875E-06	3.9874267578125E-06	2.59857177734375E-06	1.07317521269579E-06	556361.25	2.95429231300659E-06
196	150.154364620897	0.7769775390625		1.35589599609375E-06	4.071044921875E-06	2.71514892578125E-06	1.05308697584405E-06	572811.1875	3.02291095977125E-06
197	150.20436462077	0.782012939453125		1.3153076171875E-06	4.1705322265625E-06	2.855224609375E-06	1.02878823327046E-06	594663.5625	3.08969106299628E-06
198	150.254364620644	0.78704833984375		1.26708984375E-06	4.28497314453125E-06	3.01788330078125E-06	9.96487528936996E-07	620664.75	3.15425108965428E-06
199	150.304364620518	0.792083740234375		1.2139892578125E-06	4.4097900390625E-06	3.19580078125E-06	9.62136823545734E-07	652840.625	3.21627794619417E-06
200	150.354364620392	0.797119140625		1.1572265625E-06	4.541015625E-06	3.3837890625E-06	9.22447384255065E-07	688818.625	3.27555835610838E-06
201	150.404364620265	0.802154541015625		1.10198974609375E-06	4.67529296875E-06	3.57330322265625E-06	8.83797895312455E-07	727776.25	3.3320386592095E-06
202	150.454364620139	0.80718994140625		1.04888916015625E-06	4.8095703125E-06	3.76068115234375E-06	8.46332625314972E-07	769275.5625	3.38581071446242E-06
203	150.504364620013	0.812225341796875		1.00189208984375E-06	4.9346923828125E-06	3.93280029296875E-06	8.13914994068909E-07	810843.75	3.43708029504342E-06
204	150.554364619887	0.8172607421875		9.63439941406249E-07	5.047607421875E-06	4.08416748046875E-06	7.8767561717541E-07	848590.4375	3.48621347256994E-06
205	150.604364619761	0.822296142578125		9.381103515625E-07	5.1422119140625E-06	4.2041015625E-06	7.71547604472289E-07	876707.9375	3.53375230588426E-06
206	150.654364619634	0.82733154296875		9.259033203125E-07	5.2154541015625E-06	4.28955078125E-06	7.66311586630763E-07	893869.5	3.58035276804003E-06
207	150.704364619508	0.832366943359375		9.307861328125E-07	5.2642822265625E-06	4.33349609375E-06	7.75181661083479E-07	894754.125	3.62676996701339E-06
208	150.754364619382	0.83740234375		9.53063964843751E-07	5.28564453125E-06	4.33258056640625E-06	7.98388839484687E-07	878962.5625	3.67386610378162E-06
209	150.804364619256	0.842437744140625		9.930419921875E-07	5.279541015625E-06	4.2864990234375E-06	8.36424533190439E-07	848186.8125	3.72251884073194E-06
210	150.854364619129	0.84747314453125		1.051025390625E-06	5.2490234375E-06	4.197998046875E-06	8.9167804162571E-07	807200.9375	3.77362039216678E-06
211	150.904364619003	0.852508544921875		1.1248779296875E-06	5.1910400390625E-06	4.066162109375E-06	9.59483031692798E-07	758274.5625	3.82801817977452E-06
212	150.954364618877	0.8575439453125		1.212158203125E-06	5.11474609375E-06	3.902587890625E-06	1.0398488257124E-06	707703.9375	3.88644411941641E-06
213	151.004364618751	0.862579345703125		1.3116455078125E-06	5.01708984375E-06	3.7054443359375E-06	1.13119824618479E-06	657515.125	3.94953895010985E-06
214	151.054364618624	0.86761474609375		1.41693115234375E-06	4.9072265625E-06	3.49029541015625E-06	1.22935034596594E-06	612319.625	4.01775332647958E-06
215	151.104364618498	0.872650146484375		1.5264892578125E-06	4.7882080078125E-06	3.26171875E-06	1.33139224089973E-06	571371.5	4.09133917855797E-06
216	151.154364618372	0.877685546875		1.63604736328125E-06	4.6661376953125E-06	3.03009033203125E-06	1.436434331481E-06	536653.625	4.1704024624778E-06
217	151.204364618246	0.882720947265625		1.741943359375E-06	4.541015625E-06	2.799072265625E-06	1.53791563661798E-06	506832.53125	4.25485222876887E-06
218	151.254364618119	0.88775634765625		1.842041015625E-06	4.41864013671875E-06	2.57659912109375E-06	1.63584570600506E-06	482107.375	4.34445155406138E-06
219	151.304364617993	0.892791748046875		1.93389892578125E-06	4.29931640625E-06	2.36541748046875E-06	1.72686395671917E-06	461732.71875	4.43885028289515E-06
220	151.354364617867	0.8978271484375		2.01568603515625E-06	4.18426513671875E-06	2.1685791015625E-06	1.80973768237891E-06	445420.125	4.53759002994047E-06
221	151.404364617741	0.902862548828125		2.08831787109375E-06	4.0765380859375E-06	1.98822021484375E-06	1.88641990916949E-06	432558.8125	4.64019012724748E-06
222	151.454364617614	0.90789794921875		2.14935302734375E-06	3.975830078125E-06	1.82647705078125E-06	1.95204893316259E-06	422547.25	4.7461317080888E-06
223	151.504364617488	0.912933349609375		2.2003173828125E-06	3.88275146484375E-06	1.68243408203125E-06	2.00907879843726E-06	414979.21875	4.85487362311687E-06
224	151.554364617362	0.91796875		2.24212646484375E-06	3.79791259765625E-06	1.5557861328125E-06	2.05820197152207E-06	409418.84375	4.96593474963447E-06
225	151.604364617236	0.923004150390625		2.27447509765625E-06	3.72039794921875E-06	1.4459228515625E-06	2.10039115700056E-06	406011	5.07884942635428E-06
226	151.65436461711	0.92803955078125		2.29949951171875E-06	3.64990234375E-06	1.35040283203125E-06	2.13543012250739E-06	403848.6875	5.19319883096614E-06
227	151.704364616983	0.933074951171875		2.31719970703125E-06	3.5858154296875E-06	1.26861572265625E-06	2.161767497455E-06	402607.65625	5.30861643710523E-06
228	151.754364616857	0.9381103515625		2.3297119140625E-06	3.52752685546875E-06	1.19781494140625E-06	2.18552668229677E-06	402672.28125	5.42478937859414E-06
229	151.804364616731	0.943145751953125		2.33734130859375E-06	3.47503662109375E-06	1.1376953125E-06	2.20481024371111E-06	403577.46875	5.54146572540049E-06
230	151.854364616605	0.94818115234375		2.34161376953125E-06	3.4283447265625E-06	1.08673095703125E-06	2.22098856283992E-06	405056.6875	5.65843947697431E-06
231	151.904364616478	0.953216552734375		2.342529296875E-06	3.38592529296875E-06	1.04339599609375E-06	2.23258030018769E-06	406852.53125	5.77554283154313E-06
232	151.954364616352	0.958251953125		2.33978271484375E-06	3.34716796875E-06	1.00738525390625E-06	2.24281529881409E-06	409677.84375	5.89260071137687E-06
233	152.004364616226	0.963287353515625		2.33612060546875E-06	3.31146240234375E-06	9.75341796875001E-07	2.24999894271605E-06	412279.5625	6.0094985201431E-06
234	152.0543646161	0.96832275390625		2.3309326171875E-06	3.27972412109375E-06	9.48791503906249E-07	2.25709504775295E-06	415422.875	6.12617486694944E-06
235	152.104364615973	0.973358154296875		2.32391357421875E-06	3.25042724609375E-06	9.26513671875001E-07	2.26235488298698E-06	418910.03125	6.24254607828334E-06
236	152.154364615847	0.9783935546875		2.31658935546875E-06	3.22235107421875E-06	9.0576171875E-07	2.26724296226166E-06	422474	6.35855849395739E-06
237	152.204364615721	0.983428955078125		2.308349609375E-06	3.1976318359375E-06	8.892822265625E-07	2.27045006795379E-06	426097.3125	6.47418210064643E-06
238	152.254364615595	0.98846435546875		2.2998046875E-06	3.1744384765625E-06	8.746337890625E-07	2.2732749584975E-06	429803.59375	6.5893859755306E-06
239	152.304364615468	0.993499755859375		2.29156494140625E-06	3.153076171875E-06	8.61511230468749E-07	2.27771806748933E-06	433746.1875	6.70417011860991E-06
240	152.354364615342	0.99853515625		2.28271484375E-06	3.13323974609375E-06	8.50524902343749E-07	2.2793710741098E-06	437433.15625	6.81852725392673E-06
241	152.404364615216	1.00357055664063		2.274169921875E-06	3.114013671875E-06	8.39843749999999E-07	2.28263706958387E-06	441358.03125	6.93244919602876E-06
242	152.45436461509	1.00860595703125		2.265625E-06	3.096923828125E-06	8.31298828125E-07	2.28581416195084E-06	445312.5	7.0459441303683E-06
243	152.504364614963	1.01364135742188		2.257080078125E-06	3.0810546875E-06	8.23974609375001E-07	2.28752537623222E-06	449026.5	7.15901160219801E-06
244	152.554364614837	1.0186767578125		2.24853515625E-06	3.06488037109375E-06	8.1634521484375E-07	2.28984436034807E-06	452904.46875	7.27165206626523E-06
245	152.604364614711	1.02371215820313		2.2412109375E-06	3.050537109375E-06	8.09326171875E-07	2.29401302931365E-06	456699.34375	7.38389553589514E-06
246	152.654364614585	1.02874755859375		2.23388671875E-06	3.037109375E-06	8.03222656249999E-07	2.29810530072427E-06	460519.15625	7.49577293390757E-06
247	152.704364614459	1.03378295898438		2.2265625E-06	3.023681640625E-06	7.97119140625001E-07	2.30212208407465E-06	464364.0625	7.60728426030255E-06
248	152.754364614332	1.038818359375		2.21954345703125E-06	3.01116943359375E-06	7.91625976562499E-07	2.30502496378904E-06	467894.96875	7.71843679103767E-06
249	152.804364614206	1.04385375976563		2.2125244140625E-06	2.9986572265625E-06	7.86132812500001E-07	2.30921432375908E-06	471724.15625	7.82923871156527E-06
250	152.85436461408	1.04888916015625		2.2052001953125E-06	2.98736572265625E-06	7.82165527343749E-07	2.31368358072359E-06	475781.90625	7.93968138168566E-06
251	152.904364613954	1.05392456054688		2.1990966796875E-06	2.97637939453125E-06	7.77282714843751E-07	2.31801755035121E-06	479322.8125	8.0497893577558E-06
252	152.954364613827	1.0589599609375		2.1929931640625E-06	2.9656982421875E-06	7.72705078125001E-07	2.32363049690321E-06	483161.6875	8.15959174360614E-06
253	153.004364613701	1.06399536132813		2.1875E-06	2.95623779296875E-06	7.68737792968749E-07	2.32782372222573E-06	486467.625	8.26910400064662E-06
254	153.054364613575	1.06903076171875		2.18231201171875E-06	2.94586181640625E-06	7.63549804687501E-07	2.33362447943364E-06	490001.4375	8.37834886624478E-06
255	153.104364613449	1.07406616210938		2.1759033203125E-06	2.93609619140625E-06	7.60192871093751E-07	2.33606806432363E-06	493408.125	8.48730451252777E-06
256	153.154364613322	1.0791015625		2.17132568359375E-06	2.9278564453125E-06	7.56530761718749E-07	2.34241815633141E-06	496837.6875	8.59598549141083E-06
257	153.204364613196	1.08413696289063		2.16644287109375E-06	2.91961669921875E-06	7.53173828124999E-07	2.34971230383962E-06	500633.90625	8.70442909217672E-06
258	153.25436461307	1.08917236328125		2.16217041015625E-06	2.911376953125E-06	7.4920654296875E-07	2.35431639339367E-06	503599.15625	8.81264440977247E-06
259	153.304364612944	1.09420776367188		2.15728759765625E-06	2.9034423828125E-06	7.46154785156249E-07	2.36019150179345E-06	507143.875	8.92063144419808E-06
260	153.354364612817	1.0992431640625		2.15362548828125E-06	2.8961181640625E-06	7.42492675781251E-07	2.36801520259178E-06	510556.90625	9.02840383787407E-06
261	153.404364612691	1.10427856445313		2.14935302734375E-06	2.88909912109375E-06	7.39746093749999E-07	2.37381232182088E-06	513843.5625	9.13597887119977E-06
262	153.454364612565	1.10931396484375		2.14569091796875E-06	2.882080078125E-06	7.36389160156249E-07	2.38089955928444E-06	517138.40625	9.24335472518578E-06
263	153.504364612439	1.11434936523438		2.142333984375E-06	2.8759765625E-06	7.33642578124999E-07	2.38698157772887E-06	520085.5	9.35055504669435E-06
264	153.554364612312	1.119384765625		2.138671875E-06	2.86956787109375E-06	7.3089599609375E-07	2.39399651036365E-06	523401.84375	9.45758074522018E-06
265	153.604364612186	1.12442016601563		2.135009765625E-06	2.86346435546875E-06	7.28454589843751E-07	2.40032227338816E-06	526586.625	9.56442272581626E-06
266	153.65436461206	1.12945556640625		2.13165283203125E-06	2.857666015625E-06	7.26013183593749E-07	2.40825761466112E-06	529992.875	9.67108917393489E-06
267	153.704364611934	1.13449096679688		2.12890625E-06	2.852783203125E-06	7.23876953125001E-07	2.41554948843259E-06	532970.25	9.77760282694362E-06
268	153.754364611808	1.1395263671875		2.12615966796875E-06	2.84820556640625E-06	7.22045898437501E-07	2.42346391132742E-06	536098.75	9.88397914625239E-06
269	153.804364611681	1.14456176757813		2.12310791015625E-06	2.84332275390625E-06	7.2021484375E-07	2.43035196945129E-06	539169.1875	9.99021085590357E-06
270	153.854364611555	1.14959716796875		2.12066650390625E-06	2.83935546875E-06	7.18688964843749E-07	2.43791214415978E-06	542092.375	1.00963052318548E-05
271	153.904364611429	1.15463256835938		2.11761474609375E-06	2.8350830078125E-06	7.1746826171875E-07	2.44474381361215E-06	545179.4375	1.0202262274106E-05
272	153.954364611303	1.15966796875		2.11578369140625E-06	2.83111572265625E-06	7.15332031249999E-07	2.45296087086899E-06	547959.0625	1.03080974440672E-05
273	154.004364611176	1.16470336914063		2.11334228515625E-06	2.828369140625E-06	7.15026855468751E-07	2.46238414547406E-06	551335.75	1.04138252936536E-05
274	154.05436461105	1.16973876953125		2.11181640625E-06	2.8253173828125E-06	7.13500976562501E-07	2.47091816163447E-06	554046.25	1.05194549178123E-05
275	154.104364610924	1.17477416992188		2.10968017578125E-06	2.8228759765625E-06	7.13195800781249E-07	2.47807565756375E-06	556777.125	1.06249917735113E-05
276	154.154364610798	1.1798095703125		2.10845947265625E-06	2.821044921875E-06	7.12585449218749E-07	2.48758078669198E-06	559560	1.07304458651925E-05
277	154.204364610671	1.18484497070313		2.10723876953125E-06	2.818603515625E-06	7.11364746093751E-07	2.49578670263872E-06	562056.5	1.08358381112339E-05
278	154.254364610545	1.18988037109375		2.10540771484375E-06	2.8167724609375E-06	7.1136474609375E-07	2.50518337452377E-06	565154.375	1.09411539597204E-05
279	154.304364610419	1.19491577148438		2.1044921875E-06	2.8155517578125E-06	7.11059570312501E-07	2.51501182901848E-06	567865.4375	1.10464015961043E-05
280	154.354364610293	1.199951171875		2.10357666015625E-06	2.8143310546875E-06	7.10754394531249E-07	2.52418931268039E-06	570433.75	1.1151603757753E-05
281	154.404364610166	1.20498657226563		2.1026611328125E-06	2.81402587890625E-06	7.11364746093751E-07	2.53335747402161E-06	573004.375	1.1256759535172E-05
282	154.45436461004	1.21002197265625		2.10205078125E-06	2.81402587890625E-06	7.11975097656251E-07	2.54224460149999E-06	575348.4375	1.13618771138135E-05
283	154.504364609914	1.21505737304688		2.10113525390625E-06	2.813720703125E-06	7.1258544921875E-07	2.55267900683975E-06	578213.5625	1.14669564936776E-05
284	154.554364609788	1.2200927734375		2.10113525390625E-06	2.8143310546875E-06	7.13195800781249E-07	2.56357975558785E-06	580682.6875	1.15720131361741E-05
285	154.604364609662	1.22512817382813		2.1014404296875E-06	2.81494140625E-06	7.135009765625E-07	2.57421334026731E-06	582921.875	1.16770779641229E-05
286	154.654364609535	1.23016357421875		2.100830078125E-06	2.8155517578125E-06	7.14721679687501E-07	2.58500563177222E-06	585706	1.17821346066194E-05
287	154.704364609409	1.23519897460938		2.10113525390625E-06	2.8167724609375E-06	7.1563720703125E-07	2.59499938692898E-06	587799.625	1.18871839731582E-05
288	154.754364609283	1.240234375		2.10205078125E-06	2.81890869140625E-06	7.16857910156249E-07	2.60703563981224E-06	590011.625	1.19922633530223E-05
289	154.804364609157	1.24526977539063		2.10296630859375E-06	2.82073974609375E-06	7.17773437500001E-07	2.61843933913042E-06	592076.6875	1.20973891171161E-05
290	154.85436460903	1.25030517578125		2.1038818359375E-06	2.82257080078125E-06	7.18688964843748E-07	2.62985213339562E-06	594139.8125	1.2202560355945E-05
291	154.904364608904	1.25534057617188		2.1051025390625E-06	2.82562255859375E-06	7.20520019531248E-07	2.64229947788408E-06	596259.75	1.23077843454666E-05
292	154.954364608778	1.2603759765625		2.10601806640625E-06	2.828369140625E-06	7.22351074218751E-07	2.65501716967265E-06	598608.9375	1.24130629046704E-05
293	155.004364608652	1.26541137695313		2.108154296875E-06	2.83203125E-06	7.23876953125E-07	2.66864731202077E-06	600463.25	1.25184169519343E-05
294	155.054364608525	1.27044677734375		2.1099853515625E-06	2.8363037109375E-06	7.26318359374999E-07	2.68062399300106E-06	602111.6875	1.26238701341208E-05
295	155.104364608399	1.27548217773438		2.113037109375E-06	2.84088134765625E-06	7.27844238281249E-07	2.69417387244175E-06	603408.4375	1.2729446098092E-05
296	155.154364608273	1.280517578125		2.11517333984375E-06	2.8460693359375E-06	7.30895996093751E-07	2.70916189037962E-06	605540.375	1.28351512103109E-05
297	155.204364608147	1.28555297851563		2.117919921875E-06	2.8515625E-06	7.33642578124999E-07	2.72302122539259E-06	607060.5625	1.29409781948198E-05
298	155.25436460802	1.29058837890625		2.1209716796875E-06	2.857666015625E-06	7.36694335937499E-07	2.7373014290788E-06	608489.1875	1.30469506984809E-05
299	155.304364607894	1.29562377929688		2.1240234375E-06	2.86346435546875E-06	7.3944091796875E-07	2.75225943369151E-06	610057.4375	1.3153075997252E-05
300	155.354364607768	1.3006591796875		2.12738037109375E-06	2.87139892578125E-06	7.44018554687499E-07	2.76699688583903E-06	611390.0625	1.32593604575959E-05
301	155.404364607642	1.30569458007813		2.13104248046875E-06	2.8790283203125E-06	7.47985839843748E-07	2.78281572718697E-06	612773.875	1.33658213599119E-05
302	155.454364607515	1.31072998046875		2.1343994140625E-06	2.8875732421875E-06	7.53173828124999E-07	2.79696996585699E-06	613954.8125	1.34724577947054E-05
303	155.504364607389	1.31576538085938		2.13897705078125E-06	2.8961181640625E-06	7.5714111328125E-07	2.81602365248546E-06	615494.375	1.35792915898492E-05
304	155.554364607263	1.32080078125		2.1429443359375E-06	2.90618896484375E-06	7.63244628906251E-07	2.83040253634681E-06	616348.625	1.36863400257425E-05
305	155.604364607137	1.32583618164063		2.1478271484375E-06	2.916259765625E-06	7.68432617187501E-07	2.84733891930955E-06	617220.875	1.37936094688484E-05
306	155.654364607011	1.33087158203125		2.1527099609375E-06	2.92633056640625E-06	7.73620605468748E-07	2.86498038803984E-06	618230.8125	1.39011226565344E-05
307	155.704364606884	1.33590698242188		2.15728759765625E-06	2.93701171875E-06	7.79724121093748E-07	2.88094793177152E-06	619040.875	1.40088723128429E-05
308	155.754364606758	1.3409423828125		2.1624755859375E-06	2.9486083984375E-06	7.861328125E-07	2.89843524114985E-06	619813.75	1.41168666232261E-05
309	155.804364606632	1.34597778320313		2.16766357421875E-06	2.96051025390625E-06	7.92846679687501E-07	2.91795777229709E-06	621005.25	1.42251201395993E-05
310	155.854364606506	1.35101318359375		2.17315673828125E-06	2.97149658203125E-06	7.9833984375E-07	2.93662651529303E-06	621822.8125	1.43336410474149E-05
311	155.904364606379	1.35604858398438		2.17864990234375E-06	2.9833984375E-06	8.04748535156251E-07	2.95335757982684E-06	622216.0625	1.44424357131356E-05
312	155.954364606253	1.361083984375		2.183837890625E-06	2.99530029296875E-06	8.1146240234375E-07	2.97238648272469E-06	623253.25	1.45514977702987E-05
313	156.004364606127	1.36611938476563		2.18963623046875E-06	3.0072021484375E-06	8.17565917968749E-07	2.99097041533969E-06	623832.75	1.46608344948618E-05
314	156.054364606001	1.37115478515625		2.19482421875E-06	3.018798828125E-06	8.23974609375E-07	3.01011345982261E-06	624860.9375	1.47704467963194E-05
315	156.104364605874	1.37619018554688		2.20062255859375E-06	3.03009033203125E-06	8.29467773437499E-07	3.02813919006439E-06	625294.6875	1.48803328556824E-05
316	156.154364605748	1.3812255859375		2.20550537109375E-06	3.04168701171875E-06	8.36181640625E-07	3.04562740893743E-06	626124.25	1.49904853969929E-05
317	156.204364605622	1.38626098632813		2.21099853515625E-06	3.05206298828125E-06	8.41064453125001E-07	3.06535821437137E-06	627053.1875	1.51008980537881E-05
318	156.254364605496	1.39129638671875		2.21588134765625E-06	3.062744140625E-06	8.46862792968752E-07	3.08294761452999E-06	627874.9375	1.52115699165734E-05
319	156.304364605369	1.39633178710938		2.220458984375E-06	3.07373046875E-06	8.53271484375E-07	3.10083623844548E-06	628917	1.53224791574758E-05
320	156.354364605243	1.4013671875		2.225341796875E-06	3.0841064453125E-06	8.58764648437502E-07	3.11852068080043E-06	629731.25	1.54336230480112E-05
321	156.404364605117	1.40640258789063		2.230224609375E-06	3.09478759765625E-06	8.64562988281251E-07	3.13693385578517E-06	630678.75	1.55450125021162E-05
322	156.454364604991	1.41143798828125		2.235107421875E-06	3.10516357421875E-06	8.7005615234375E-07	3.15403326567321E-06	631349	1.56566457008012E-05
323	156.504364604864	1.41647338867188		2.23907470703125E-06	3.11614990234375E-06	8.77075195312502E-07	3.17124795401469E-06	632547.4375	1.57685008161934E-05
324	156.554364604738	1.4215087890625		2.24334716796875E-06	3.12744140625E-06	8.84094238281251E-07	3.19030687023769E-06	633927.375	1.58805614773883E-05
325	156.604364604612	1.42654418945313		2.247314453125E-06	3.13995361328125E-06	8.92639160156249E-07	3.20555022881308E-06	634709.4375	1.59928276843857E-05
326	156.654364604486	1.43157958984375		2.25311279296875E-06	3.15338134765625E-06	9.002685546875E-07	3.22619803228008E-06	635514	1.61053394549526E-05
327	156.70436460436	1.43661499023438		2.25738525390625E-06	3.16802978515625E-06	9.10644531250002E-07	3.24333791468234E-06	636474.25	1.62181004270678E-05
328	156.754364604233	1.441650390625		2.26287841796875E-06	3.184814453125E-06	9.21936035156251E-07	3.26227927871514E-06	637087	1.63311069627525E-05
329	156.804364604107	1.44668579101563		2.2686767578125E-06	3.20343017578125E-06	9.34753417968749E-07	3.28102396451868E-06	637476.4375	1.64443972607842E-05
330	156.854364603981	1.45172119140625		2.275390625E-06	3.22296142578125E-06	9.47570800781251E-07	3.30392731484608E-06	638143.75	1.65579986060038E-05
331	156.904364603855	1.45675659179688		2.2821044921875E-06	3.2452392578125E-06	9.63134765624998E-07	3.32551530846104E-06	638539.75	1.66719364642631E-05
332	156.954364603728	1.4617919921875		2.2894287109375E-06	3.26904296875E-06	9.796142578125E-07	3.34736728291318E-06	638629.6875	1.67862235684879E-05
333	157.004364603602	1.46682739257813		2.29766845703125E-06	3.2952880859375E-06	9.9761962890625E-07	3.37063329425291E-06	638464.625	1.69009017554345E-05
334	157.054364603476	1.47186279296875		2.30621337890625E-06	3.32366943359375E-06	1.0174560546875E-06	3.3937255921046E-06	638083.9375	1.70159983099438E-05
335	157.10436460335	1.47689819335938		2.31597900390625E-06	3.35418701171875E-06	1.0382080078125E-06	3.42081852977572E-06	637765.1875	1.71315532497829E-05
336	157.154364603223	1.48193359375		2.32635498046875E-06	3.387451171875E-06	1.06109619140625E-06	3.44821341968782E-06	637150.75	1.72476120496867E-05
337	157.204364603097	1.48696899414063		2.33734130859375E-06	3.42254638671875E-06	1.085205078125E-06	3.47377090292866E-06	635853.25	1.73642038134858E-05
338	157.254364602971	1.49200439453125		2.3492431640625E-06	3.4588623046875E-06	1.109619140625E-06	3.50364712176088E-06	634840.25	1.7481368558947E-05
339	157.304364602845	1.49703979492188		2.36236572265625E-06	3.49853515625E-06	1.13616943359375E-06	3.53619498127955E-06	633639.0625	1.7599159036763E-05
340	157.354364602718	1.5020751953125		2.376708984375E-06	3.5394287109375E-06	1.1627197265625E-06	3.56999544237624E-06	631998	1.77176352735842E-05
