Potential - Start -0.205 V, Stop 1.505 V, Step 0.005 V; Modulation - Amplitude 0.05 V, Time 0.025 s, Interval time 0.05 s
Index	Base.Time (s)	Potential applied (V)	WE(1).Base.Potential (V)	WE(1).Base.Current (A)	WE(1).Pulse.Current (A)	WE(1).δ.Current (A)	WE(1).Base.Power (W)	WE(1).Base.Resistance (Ω)	WE(1).Base.Charge (C)
1	140.258357645882	-0.204925537109375		-4.62646484375E-07	4.3365478515625E-07	8.96301269531249E-07	9.47092502201485E-08	442480.21875	0
2	140.308357645755	-0.19989013671875		-7.73010253906251E-07	3.93066406250001E-07	1.16607666015625E-06	1.54375584315858E-07	258349.78125	-3.08914174240726E-08
3	140.358357645629	-0.194854736328125		-7.7484130859375E-07	4.010009765625E-07	1.17584228515625E-06	1.50886904748404E-07	251319.421875	-6.95877062639738E-08
4	140.408357645503	-0.1898193359375		-7.6324462890625E-07	4.15649414062499E-07	1.17889404296875E-06	1.44762125842135E-07	248500.609375	-1.08039856172581E-07
5	140.458357645377	-0.184783935546875		-7.4981689453125E-07	4.3212890625E-07	1.18194580078125E-06	1.38462581844578E-07	246275.953125	-1.45866394518634E-07
6	140.50835764525	-0.17974853515625		-7.366943359375E-07	4.49218749999999E-07	1.1859130859375E-06	1.32307306444091E-07	243786.265625	-1.8302917226265E-07
7	140.558357645124	-0.174713134765625		-7.2509765625E-07	4.67529296874999E-07	1.192626953125E-06	1.26595566030119E-07	240782.828125	-2.19573962567665E-07
8	140.608357644998	-0.169677734375		-7.13500976562501E-07	4.8553466796875E-07	1.19903564453125E-06	1.20956357818613E-07	237596.234375	-2.55538935789446E-07
9	140.658357644872	-0.164642333984375		-7.04040527343749E-07	5.05981445312501E-07	1.21002197265625E-06	1.15807445411065E-07	233636.75	-2.90977482109156E-07
10	140.708357644746	-0.15960693359375		-6.94580078125E-07	5.2764892578125E-07	1.22222900390625E-06	1.10753809678954E-07	229569.421875	-3.25942977497107E-07
11	140.758357644619	-0.154571533203125		-6.87561035156251E-07	5.5084228515625E-07	1.2384033203125E-06	1.06172443281594E-07	224589.453125	-3.60496500206864E-07
12	140.808357644493	-0.1495361328125		-6.805419921875E-07	5.7586669921875E-07	1.25640869140625E-06	1.0168253794518E-07	219551.578125	-3.94699100070284E-07
13	140.858357644367	-0.144500732421875		-6.756591796875E-07	6.04248046875E-07	1.2799072265625E-06	9.7550767463872E-08	213685.640625	-4.28604124635967E-07
14	140.908357644241	-0.13946533203125		-6.7291259765625E-07	6.35986328125E-07	1.30889892578125E-06	9.37863688932339E-08	207120.1875	-4.62318411109663E-07
15	140.958357644114	-0.134429931640625		-6.70776367187501E-07	6.7169189453125E-07	1.34246826171875E-06	9.00905376965966E-08	200227.484375	-4.95910626341356E-07
16	141.008357643988	-0.12939453125		-6.7138671875E-07	7.122802734375E-07	1.3836669921875E-06	8.67918146241209E-08	192545.453125	-5.29464728060702E-07
17	141.058357643862	-0.124359130859375		-6.744384765625E-07	7.59277343750001E-07	1.4337158203125E-06	8.38108320522224E-08	184253.390625	-5.63110347684415E-07
18	141.108357643736	-0.11932373046875		-6.79931640625001E-07	8.1298828125E-07	1.492919921875E-06	8.10697287079165E-08	175359.0625	-5.96969584876206E-07
19	141.158357643609	-0.114288330078125		-6.87561035156251E-07	8.746337890625E-07	1.56219482421875E-06	7.84752813842715E-08	166000.890625	-6.31156922281662E-07
20	141.208357643483	-0.1092529296875		-6.9854736328125E-07	9.4635009765625E-07	1.6448974609375E-06	7.62330714110249E-08	156225.421875	-6.65809636757331E-07
21	141.258357643357	-0.104217529296875		-7.1441650390625E-07	1.02874755859375E-06	1.7431640625E-06	7.43893124877104E-08	145749.6875	-7.01133728853165E-07
22	141.308357643231	-0.09918212890625		-7.33032226562499E-07	1.12060546875E-06	1.8536376953125E-06	7.26365811942742E-08	135179.015625	-7.37319908239442E-07
23	141.358357643104	-0.094146728515625		-7.6019287109375E-07	1.22772216796875E-06	1.9879150390625E-06	7.14536767532081E-08	123645.125	-7.74650573021063E-07
24	141.408357642978	-0.089111328125		-7.89489746093749E-07	1.3507080078125E-06	2.14019775390625E-06	7.03042886129879E-08	112794.75	-8.13392603049579E-07
25	141.458357642852	-0.084075927734375		-8.2427978515625E-07	1.4898681640625E-06	2.31414794921875E-06	6.92769290822071E-08	101962.2421875	-8.53736878525524E-07
26	141.508357642726	-0.07904052734375		-8.648681640625E-07	1.6455078125E-06	2.5103759765625E-06	6.83068464013559E-08	91319.6953125	-8.95965570180124E-07
27	141.5583576426	-0.074005126953125		-9.1094970703125E-07	1.81671142578125E-06	2.7276611328125E-06	6.73593447686471E-08	81172.53125	-9.4036101927486E-07
28	141.608357642473	-0.0689697265625		-9.625244140625E-07	2.005615234375E-06	2.9681396484375E-06	6.63850414639455E-08	71655.046875	-9.87197836366249E-07
29	141.658357642347	-0.063934326171875		-1.01898193359375E-06	2.2100830078125E-06	3.22906494140625E-06	6.51168292620241E-08	62713.38671875	-1.03673551166139E-06
30	141.708357642221	-0.05889892578125		-1.0797119140625E-06	2.42828369140625E-06	3.50799560546875E-06	6.36268211451352E-08	54578.859375	-1.08920289676462E-06
31	141.758357642095	-0.053863525390625		-1.14288330078125E-06	2.65869140625E-06	3.80157470703125E-06	6.15597244291166E-08	47129.50390625	-1.14476767976157E-06
32	141.808357641968	-0.048828125		-1.20269775390625E-06	2.8985595703125E-06	4.10125732421875E-06	5.85786601448035E-08	40497.3359375	-1.20340723697154E-06
33	141.858357641842	-0.043792724609375		-1.26739501953125E-06	3.14361572265625E-06	4.4110107421875E-06	5.53402337288844E-08	34452.20703125	-1.26515953979833E-06
34	141.908357641716	-0.03875732421875		-1.32293701171875E-06	3.39019775390625E-06	4.713134765625E-06	5.11241218248415E-08	29211.07421875	-1.32991783630132E-06
35	141.95835764159	-0.033721923828125		-1.37115478515625E-06	3.6328125E-06	5.00396728515625E-06	4.60957068071366E-08	24518.138671875	-1.3972701253806E-06
36	142.008357641463	-0.0286865234375		-1.407470703125E-06	3.86749267578125E-06	5.27496337890625E-06	4.02336972626927E-08	20310.060546875	-1.46673585277313E-06
37	142.058357641337	-0.023651123046875		-1.4288330078125E-06	4.0887451171875E-06	5.517578125E-06	3.3619087957959E-08	16467.322265625	-1.53764335664164E-06
38	142.108357641211	-0.01861572265625		-1.4324951171875E-06	4.2877197265625E-06	5.72021484375E-06	2.65095536633453E-08	12918.6201171875	-1.60917659286497E-06
39	142.158357641085	-0.013580322265625		-1.41693115234375E-06	4.4677734375E-06	5.88470458984375E-06	1.90823872259216E-08	9504.630859375	-1.68041231063398E-06
40	142.208357640958	-0.008544921875		-1.380615234375E-06	4.6173095703125E-06	5.9979248046875E-06	1.16539968786356E-08	6114.05859375	-1.75035086158459E-06
41	142.258357640832	-0.003509521484375		-1.324462890625E-06	4.7332763671875E-06	6.0577392578125E-06	4.51484671870617E-09	2573.73291015625	-1.81797781806381E-06
42	142.308357640706	0.00152587890625		-1.24786376953125E-06	4.815673828125E-06	6.06353759765625E-06	-2.05260808350261E-09	-1318.17065429688	-1.88228602837626E-06
43	142.35835764058	0.006561279296875		-1.1474609375E-06	4.8553466796875E-06	6.0028076171875E-06	-7.64787166929182E-09	-5808.5107421875	-1.94216909221723E-06
44	142.408357640453	0.0115966796875		-1.03515625E-06	4.852294921875E-06	5.887451171875E-06	-1.21023049359792E-08	-11294.22265625	-1.99673468159745E-06
45	142.458357640327	0.016632080078125		-9.09423828125E-07	4.8095703125E-06	5.718994140625E-06	-1.52060959379696E-08	-18385.90625	-2.04534899239661E-06
46	142.508357640201	0.02166748046875		-7.7178955078125E-07	4.7271728515625E-06	5.49896240234375E-06	-1.67816178731073E-08	-28173.19140625	-2.08737947104964E-06
47	142.558357640075	0.026702880859375		-6.268310546875E-07	4.6142578125E-06	5.2410888671875E-06	-1.67917555415897E-08	-42736.125	-2.1223449948593E-06
48	142.608357639949	0.03173828125		-4.76989746093751E-07	4.4708251953125E-06	4.94781494140625E-06	-1.51883270405051E-08	-66756.2421875	-2.14994042835315E-06
49	142.658357639822	0.036773681640625		-3.25622558593749E-07	4.3060302734375E-06	4.63165283203125E-06	-1.20051453222914E-08	-113223.9921875	-2.17000570046366E-06
50	142.708357639696	0.04180908203125		-1.73339843750001E-07	4.1265869140625E-06	4.2999267578125E-06	-7.27098425912232E-09	-241989.4375	-2.18247987504583E-06
51	142.75835763957	0.046844482421875		-2.50244140624994E-08	3.93951416015625E-06	3.96453857421875E-06	-1.17584497694168E-09	-1877683	-2.18743889490725E-06
52	142.808357639444	0.0518798828125		1.11999511718749E-07	3.75030517578125E-06	3.6383056640625E-06	5.81735726257193E-09	463760.21875	-2.18526452044898E-06
53	142.858357639317	0.056915283203125		2.45056152343751E-07	3.56658935546875E-06	3.321533203125E-06	1.39773543850197E-08	232752.171875	-2.17633805732476E-06
54	142.908357639191	0.06195068359375		3.65600585937501E-07	3.3880615234375E-06	3.0224609375E-06	2.269383436726E-08	169782.96875	-2.16107173400815E-06
55	142.958357639065	0.066986083984375		4.7271728515625E-07	3.21990966796875E-06	2.7471923828125E-06	3.16943307154816E-08	141833.453125	-2.14011379284784E-06
56	143.008357638939	0.072021484375		5.67016601562501E-07	3.06427001953125E-06	2.49725341796875E-06	4.08719813549396E-08	127125.9453125	-2.11412043427117E-06
57	143.058357638812	0.077056884765625		6.4849853515625E-07	2.921142578125E-06	2.27264404296875E-06	4.99910690621164E-08	118870.5859375	-2.08373262466921E-06
58	143.108357638686	0.08209228515625		7.17773437499999E-07	2.78961181640625E-06	2.07183837890625E-06	5.89674726825251E-08	114455.78125	-2.0495758690231E-06
59	143.15835763856	0.087127685546875		7.7392578125E-07	2.6708984375E-06	1.89697265625E-06	6.7453981955623E-08	112618.296875	-2.01228317564528E-06
60	143.208357638434	0.0921630859375		8.19091796875E-07	2.5634765625E-06	1.744384765625E-06	7.55900160243073E-08	112667.6640625	-1.9724577668967E-06
61	143.258357638307	0.097198486328125		8.5479736328125E-07	2.46673583984375E-06	1.6119384765625E-06	8.3137180695303E-08	113780.796875	-1.93061055142607E-06
62	143.308357638181	0.10223388671875		8.819580078125E-07	2.38006591796875E-06	1.49810791015625E-06	9.02198209473681E-08	115986.1640625	-1.88719172911078E-06
63	143.358357638055	0.107269287109375		9.01184082031251E-07	2.3016357421875E-06	1.40045166015625E-06	9.66418696179971E-08	118997.6328125	-1.8426131873639E-06
64	143.408357637929	0.1123046875		9.1400146484375E-07	2.2320556640625E-06	1.31805419921875E-06	1.02618749053818E-07	122838.0703125	-1.79723349447158E-06
65	143.458357637802	0.117340087890625		9.22546386718751E-07	2.16949462890625E-06	1.2469482421875E-06	1.08223517258921E-07	127158.4609375	-1.75131981450249E-06
66	143.508357637676	0.12237548828125		9.2681884765625E-07	2.1124267578125E-06	1.18560791015625E-06	1.13419908132073E-07	132038.203125	-1.70508576502471E-06
67	143.55835763755	0.127410888671875		9.2742919921875E-07	2.061767578125E-06	1.13433837890625E-06	1.18192879483558E-07	137413.625	-1.65872950219637E-06
68	143.608357637424	0.1324462890625		9.25292968749999E-07	2.0159912109375E-06	1.0906982421875E-06	1.22579862704697E-07	143172.828125	-1.6124114381455E-06
69	143.658357637298	0.137481689453125		9.21630859375E-07	1.973876953125E-06	1.05224609375E-06	1.26707362824163E-07	149172.1875	-1.56623832481273E-06
70	143.708357637171	0.14251708984375		9.161376953125E-07	1.93572998046875E-06	1.01959228515625E-06	1.30621188532132E-07	155629.59375	-1.52029417677113E-06
71	143.758357637045	0.147552490234375		9.10034179687499E-07	1.90093994140625E-06	9.90905761718751E-07	1.34305579990723E-07	162173.046875	-1.47463981647888E-06
72	143.808357636919	0.152587890625		9.02099609375E-07	1.86981201171875E-06	9.6771240234375E-07	1.37677005795922E-07	169181.328125	-1.42933652114152E-06
73	143.858357636793	0.157623291015625		8.941650390625E-07	1.83990478515625E-06	9.4573974609375E-07	1.40941224913149E-07	176279.875	-1.38442987918097E-06
74	143.908357636666	0.16265869140625		8.868408203125E-07	1.81304931640625E-06	9.2620849609375E-07	1.44225296594414E-07	183379.21875	-1.33990477024781E-06
75	143.95835763654	0.167694091796875		8.77990722656249E-07	1.788330078125E-06	9.10339355468751E-07	1.47260649896452E-07	191032.328125	-1.29578393170959E-06
76	144.008357636414	0.1727294921875		8.7005615234375E-07	1.7645263671875E-06	8.9447021484375E-07	1.50337456261695E-07	198597	-1.25208282497624E-06
77	144.058357636288	0.177764892578125		8.61511230468751E-07	1.74285888671875E-06	8.81347656249999E-07	1.53172734940199E-07	206376.203125	-1.20879360565596E-06
78	144.108357636161	0.18280029296875		8.53881835937501E-07	1.722412109375E-06	8.685302734375E-07	1.561159024277E-07	214117.234375	-1.16590877041745E-06
79	144.158357636035	0.187835693359375		8.45947265625E-07	1.702880859375E-06	8.56933593750001E-07	1.58924905235835E-07	222077.9375	-1.12341308522446E-06
80	144.208357635909	0.19287109375		8.3770751953125E-07	1.68487548828125E-06	8.4716796875E-07	1.61569559509189E-07	230236.796875	-1.08132167042641E-06
81	144.258357635783	0.197906494140625		8.30993652343751E-07	1.6680908203125E-06	8.37097167968749E-07	1.64433686222765E-07	238119.71875	-1.03960417163762E-06
82	144.308357635656	0.20294189453125		8.2427978515625E-07	1.65191650390625E-06	8.27636718750001E-07	1.67306055232075E-07	246242.140625	-9.98222390080628E-07
83	144.35835763553	0.207977294921875		8.17260742187501E-07	1.63665771484375E-06	8.1939697265625E-07	1.69996624777013E-07	254518.296875	-9.57183829086716E-07
84	144.408357635404	0.2130126953125		8.10546875E-07	1.6217041015625E-06	8.11157226562501E-07	1.7270623686727E-07	262876.5	-9.16488659186143E-07
85	144.458357635278	0.218048095703125		8.04443359375E-07	1.60736083984375E-06	8.0291748046875E-07	1.75407336655553E-07	271054.625	-8.7611385879427E-07
86	144.508357635151	0.22308349609375		7.9803466796875E-07	1.59454345703125E-06	7.965087890625E-07	1.78077073087479E-07	279617.59375	-8.36051924579806E-07
87	144.558357635025	0.228118896484375		7.92846679687501E-07	1.58203125E-06	7.891845703125E-07	1.80814907935201E-07	287644.34375	-7.96279891801532E-07
88	144.608357634899	0.233154296875		7.8704833984375E-07	1.57073974609375E-06	7.83691406249999E-07	1.83503686912445E-07	296238.875	-7.56782526423194E-07
89	144.658357634773	0.238189697265625		7.82165527343751E-07	1.558837890625E-06	7.7667236328125E-07	1.86327639539741E-07	304564.96875	-7.17552154583245E-07
90	144.708357634647	0.24322509765625		7.769775390625E-07	1.5478515625E-06	7.708740234375E-07	1.89004140338511E-07	313079.34375	-6.7857359908885E-07
91	144.75835763452	0.248260498046875		7.7239990234375E-07	1.5374755859375E-06	7.65075683593751E-07	1.91756370782059E-07	321414.46875	-6.39839186078461E-07
92	144.808357634394	0.2532958984375		7.6751708984375E-07	1.527099609375E-06	7.5958251953125E-07	1.94408926290635E-07	330019.90625	-6.01341241690534E-07
93	144.858357634268	0.258331298828125		7.62023925781249E-07	1.51763916015625E-06	7.55615234375001E-07	1.96831365428807E-07	338966.78125	-5.63102730666287E-07
94	144.908357634142	0.26336669921875		7.58056640625E-07	1.50848388671875E-06	7.5042724609375E-07	1.99646862597547E-07	347423.53125	-5.25100688264502E-07
95	144.958357634015	0.268402099609375		7.5347900390625E-07	1.50054931640625E-06	7.47070312499999E-07	2.02235327151357E-07	356217.125	-4.87312320274214E-07
96	145.008357633889	0.2734375		7.4981689453125E-07	1.49200439453125E-06	7.42187500000001E-07	2.05050938006934E-07	364713.0625	-4.49729924412168E-07
97	145.058357633763	0.278472900390625		7.45849609375E-07	1.48406982421875E-06	7.3822021484375E-07	2.07721669198691E-07	373404.25	-4.12338266642109E-07
98	145.108357633637	0.28350830078125		7.4188232421875E-07	1.47674560546875E-06	7.34863281250001E-07	2.10329801575426E-07	382147.25	-3.75144963982166E-07
99	145.15835763351	0.288543701171875		7.3822021484375E-07	1.4697265625E-06	7.3150634765625E-07	2.13008789273772E-07	390864	-3.3814239941421E-07
100	145.208357633384	0.2935791015625		7.3516845703125E-07	1.463623046875E-06	7.2845458984375E-07	2.15807659742495E-07	399294.3125	-3.01307693462149E-07
101	145.258357633258	0.298614501953125		7.31811523437501E-07	1.45751953125E-06	7.25708007812499E-07	2.18551861053129E-07	408090.09375	-2.64633172264439E-07
102	145.308357633132	0.30364990234375		7.2784423828125E-07	1.45172119140625E-06	7.23876953125E-07	2.21032038894009E-07	417232.71875	-2.28141786351443E-07
103	145.358357633005	0.308685302734375		7.2509765625E-07	1.44683837890625E-06	7.2174072265625E-07	2.23804860866039E-07	425673.40625	-1.91818244843489E-07
104	145.408357632879	0.313720703125		7.22351074218749E-07	1.44195556640625E-06	7.19604492187501E-07	2.26660560542769E-07	434389.53125	-1.55632022824648E-07
105	145.458357632753	0.318756103515625		7.1868896484375E-07	1.43707275390625E-06	7.183837890625E-07	2.29108422900026E-07	443566.875	-1.1960602819272E-07
106	145.508357632627	0.32379150390625		7.159423828125E-07	1.43280029296875E-06	7.1685791015625E-07	2.31772347092374E-07	452173.9375	-8.37402396314246E-08
107	145.5583576325	0.328826904296875		7.12890625E-07	1.42913818359375E-06	7.16247558593751E-07	2.34439369251049E-07	461301.375	-4.80194195517925E-08
108	145.608357632374	0.3338623046875		7.10144042968749E-07	1.42547607421875E-06	7.1533203125E-07	2.37068647379601E-07	470090.25	-1.24435519666122E-08
109	145.658357632248	0.338897705078125		7.07092285156249E-07	1.4227294921875E-06	7.1563720703125E-07	2.39631958720565E-07	479283.5625	2.29873560186888E-08
110	145.708357632122	0.34393310546875		7.04345703125001E-07	1.41998291015625E-06	7.1563720703125E-07	2.42247779169702E-07	488301.59375	5.82733044041106E-08
111	145.758357631996	0.348968505859375		7.0159912109375E-07	1.417236328125E-06	7.1563720703125E-07	2.44878805233384E-07	497477.1875	9.34219244186352E-08
112	145.808357631869	0.35400390625		6.9854736328125E-07	1.414794921875E-06	7.16247558593749E-07	2.47331115588167E-07	506858.90625	1.28425583056924E-07
113	145.858357631743	0.359039306640625		6.9610595703125E-07	1.41265869140625E-06	7.16552734375001E-07	2.49929399842586E-07	515782.5625	1.63291915100672E-07
114	145.908357631617	0.36407470703125		6.93664550781251E-07	1.41082763671875E-06	7.171630859375E-07	2.52545731882492E-07	524857	1.98036175902416E-07
115	145.958357631491	0.369110107421875		6.9122314453125E-07	1.4093017578125E-06	7.18078613281251E-07	2.55158539630429E-07	534039.75	2.32658365462157E-07
116	146.008357631364	0.3741455078125		6.88781738281249E-07	1.40777587890625E-06	7.18994140625001E-07	2.57725616847893E-07	543243.25	2.67158497990749E-07
117	146.058357631238	0.379180908203125		6.866455078125E-07	1.40533447265625E-06	7.1868896484375E-07	2.6040476086564E-07	552311.125	3.0154416208461E-07
118	146.108357631112	0.38421630859375		6.84509277343751E-07	1.4044189453125E-06	7.19909667968749E-07	2.63020496049649E-07	561346.4375	3.35823045816142E-07
119	146.158357630986	0.389251708984375		6.8267822265625E-07	1.40350341796875E-06	7.20825195312501E-07	2.65733660853584E-07	570183.3125	3.70002737781761E-07
120	146.208357630859	0.394287109375		6.81457519531251E-07	1.402587890625E-06	7.21130371093749E-07	2.68689916538278E-07	578593.8125	4.04106117457559E-07
121	146.258357630733	0.399322509765625		6.79931640625001E-07	1.40167236328125E-06	7.2174072265625E-07	2.71532769602345E-07	587342.875	4.38140858705083E-07
122	146.308357630607	0.40435791015625		6.78405761718751E-07	1.40045166015625E-06	7.220458984375E-07	2.74339441830307E-07	596086.375	4.72099287662786E-07
123	146.358357630481	0.409393310546875		6.76574707031249E-07	1.400146484375E-06	7.23571777343751E-07	2.76964499335008E-07	605051.875	5.05973787312541E-07
124	146.408357630354	0.4144287109375		6.7596435546875E-07	1.400146484375E-06	7.24182128906251E-07	2.80139033748128E-07	613092.5625	5.3978726555215E-07
125	146.458357630228	0.419464111328125		6.7474365234375E-07	1.400146484375E-06	7.25402832031251E-07	2.83010166413078E-07	621619.1875	5.73554984839575E-07
126	146.508357630102	0.42449951171875		6.7291259765625E-07	1.39984130859375E-06	7.269287109375E-07	2.85651054809932E-07	630839.0625	6.0724636341547E-07
127	146.558357629976	0.429534912109375		6.7138671875E-07	1.40045166015625E-06	7.2906494140625E-07	2.88363537492842E-07	639727.25	6.40853841105127E-07
128	146.608357629849	0.4345703125		6.6986083984375E-07	1.4013671875E-06	7.31506347656249E-07	2.91081192926868E-07	648701.625	6.74385034926672E-07
129	146.658357629723	0.439605712890625		6.683349609375E-07	1.4031982421875E-06	7.34863281250001E-07	2.93783472216091E-07	657716.875	7.07839944880106E-07
130	146.708357629597	0.44464111328125		6.671142578125E-07	1.40472412109375E-06	7.37609863281251E-07	2.966671388549E-07	666605.6875	7.41226187983557E-07
131	146.758357629471	0.449676513671875		6.6558837890625E-07	1.4068603515625E-06	7.4127197265625E-07	2.99299443895507E-07	675607.5625	7.74543707393605E-07
132	146.808357629345	0.4547119140625		6.6375732421875E-07	1.40869140625E-06	7.4493408203125E-07	3.01838610994309E-07	685103.4375	8.07777382760833E-07
133	146.858357629218	0.459747314453125		6.61621093750001E-07	1.4111328125E-06	7.4951171875E-07	3.041583340746E-07	694834	8.4091180951873E-07
134	146.908357629092	0.46478271484375		6.5948486328125E-07	1.414794921875E-06	7.5531005859375E-07	3.06517165427067E-07	704766.3125	8.73939484336006E-07
135	146.958357628966	0.469818115234375		6.58264160156249E-07	1.41815185546875E-06	7.598876953125E-07	3.09244313712043E-07	713676.4375	9.06883201423625E-07
136	147.00835762884	0.474853515625		6.5582275390625E-07	1.42242431640625E-06	7.66601562499999E-07	3.11439748656994E-07	724104.25	9.39735400606878E-07
137	147.058357628713	0.479888916015625		6.53991699218751E-07	1.42730712890625E-06	7.73315429687499E-07	3.13843344201814E-07	733784.4375	9.72480734162673E-07
138	147.108357628587	0.48492431640625		6.5185546875E-07	1.43310546875E-06	7.8125E-07	3.16020987156662E-07	743726.625	1.00512693279597E-06
139	147.158357628461	0.489959716796875		6.4971923828125E-07	1.439208984375E-06	7.89489746093749E-07	3.18296571322207E-07	754016	1.03766626580182E-06
140	147.208357628335	0.4949951171875		6.4727783203125E-07	1.44561767578125E-06	7.9833984375E-07	3.20379598406362E-07	764686.5	1.07009122984891E-06
141	147.258357628208	0.500030517578125		6.44836425781251E-07	1.45355224609375E-06	8.087158203125E-07	3.22457566426237E-07	775485.125	1.1023940942323E-06
142	147.308357628082	0.50506591796875		6.41784667968751E-07	1.4617919921875E-06	8.2000732421875E-07	3.24143542229649E-07	786971	1.13455962491571E-06
143	147.358357627956	0.510101318359375		6.3934326171875E-07	1.47125244140625E-06	8.319091796875E-07	3.26129821814902E-07	797852.0625	1.16658782189916E-06
144	147.40835762783	0.51513671875		6.35681152343751E-07	1.48284912109375E-06	8.4716796875E-07	3.2746268630035E-07	810369.6875	1.19846345114638E-06
145	147.458357627703	0.520172119140625		6.317138671875E-07	1.495361328125E-06	8.636474609375E-07	3.28599952581499E-07	823429.9375	1.23014831387991E-06
146	147.508357627577	0.52520751953125		6.2774658203125E-07	1.510009765625E-06	8.82263183593751E-07	3.29697201095769E-07	836655.375	1.26163479308161E-06
147	147.558357627451	0.530242919921875		6.23168945312499E-07	1.52618408203125E-06	9.0301513671875E-07	3.30392879277497E-07	850783.5625	1.29290765471524E-06
148	147.608357627325	0.5352783203125		6.1767578125E-07	1.54541015625E-06	9.27734375E-07	3.30609594811904E-07	866551.375	1.32392881369015E-06
149	147.658357627198	0.540313720703125		6.11572265625E-07	1.56707763671875E-06	9.5550537109375E-07	3.30440883544725E-07	883483.0625	1.35465995754203E-06
150	147.708357627072	0.54534912109375		6.04248046875E-07	1.59271240234375E-06	9.8846435546875E-07	3.29507685137287E-07	902474.75	1.38505549784895E-06
151	147.758357626946	0.550384521484375		5.96923828125E-07	1.62139892578125E-06	1.02447509765625E-06	3.28537623772718E-07	922034.75	1.41508473916474E-06
152	147.80835762682	0.555419921875		5.86853027343751E-07	1.6546630859375E-06	1.06781005859375E-06	3.2596776122773E-07	946489.9375	1.44467924201308E-06
153	147.858357626694	0.560455322265625		5.76171875000001E-07	1.69342041015625E-06	1.11724853515625E-06	3.2290103035848E-07	972669.5	1.47375487813406E-06
154	147.908357626567	0.56549072265625		5.62438964843751E-07	1.73736572265625E-06	1.1749267578125E-06	3.18019687028936E-07	1005317.4375	1.50222012962331E-06
155	147.958357626441	0.570526123046875		5.474853515625E-07	1.7877197265625E-06	1.240234375E-06	3.12354700326978E-07	1042084.75	1.52996824454021E-06
156	148.008357626315	0.5755615234375		5.2978515625E-07	1.84539794921875E-06	1.31561279296875E-06	3.04923958083236E-07	1086405.5	1.55689997427544E-06
157	148.058357626189	0.580596923828125		5.0811767578125E-07	1.910400390625E-06	1.40228271484375E-06	2.94996027605521E-07	1142582.625	1.58284751705651E-06
158	148.108357626062	0.58563232421875		4.840087890625E-07	1.98272705078125E-06	1.49871826171875E-06	2.83436406789406E-07	1209899.25	1.60765068812907E-06
159	148.158357625936	0.590667724609375		4.559326171875E-07	2.06268310546875E-06	1.60675048828125E-06	2.69276853259726E-07	1295381.625	1.63114918905194E-06
160	148.20835762581	0.595703125		4.25109863281251E-07	2.14874267578125E-06	1.7236328125E-06	2.53226289714803E-07	1401220.5	1.65317533173948E-06
161	148.258357625684	0.600738525390625		3.936767578125E-07	2.24090576171875E-06	1.84722900390625E-06	2.36484765991918E-07	1525891.5	1.67364498793177E-06
162	148.308357625557	0.60577392578125		3.6163330078125E-07	2.33673095703125E-06	1.97509765625E-06	2.19045944049867E-07	1674936.75	1.6925276895563E-06
163	148.358357625431	0.610809326171875		3.30200195312499E-07	2.4359130859375E-06	2.105712890625E-06	2.01689346113199E-07	1849815.25	1.70982355029992E-06
164	148.408357625305	0.6158447265625		3.0059814453125E-07	2.53631591796875E-06	2.2357177734375E-06	1.85130957675028E-07	2048832.5	1.72559350630763E-06
165	148.458357625179	0.620880126953125		2.728271484375E-07	2.63641357421875E-06	2.36358642578125E-06	1.69384634318703E-07	2275615.25	1.73992918917065E-06
166	148.508357625052	0.62591552734375		2.47802734374999E-07	2.7325439453125E-06	2.4847412109375E-06	1.55096003595645E-07	2525739	1.75294485416089E-06
167	148.558357624926	0.630950927734375		2.26440429687499E-07	2.82379150390625E-06	2.59735107421875E-06	1.42858965546111E-07	2786118.75	1.76480091340636E-06
168	148.6083576248	0.635986328125		2.11181640624999E-07	2.908935546875E-06	2.69775390625E-06	1.34315072841673E-07	3011705.25	1.7757415662345E-06
169	148.658357624674	0.641021728515625		2.0172119140625E-07	2.98370361328125E-06	2.781982421875E-06	1.29313818320043E-07	3177912.25	1.78606410372595E-06
170	148.708357624547	0.64605712890625		1.9989013671875E-07	3.0462646484375E-06	2.84637451171875E-06	1.29128252979172E-07	3231755.75	1.79610435679933E-06
171	148.758357624421	0.651092529296875		2.0751953125E-07	3.095703125E-06	2.88818359375E-06	1.35101743126143E-07	3137206	1.80628956059081E-06
172	148.808357624295	0.6561279296875		2.23388671874999E-07	3.131103515625E-06	2.90771484375E-06	1.46557908919931E-07	2936885.25	1.81706229795964E-06
173	148.858357624169	0.661163330078125		2.490234375E-07	3.15155029296875E-06	2.90252685546875E-06	1.64629966548091E-07	2654779.5	1.82887265509635E-06
174	148.908357624043	0.66619873046875		2.84729003906251E-07	3.15673828125E-06	2.87200927734375E-06	1.89677408002353E-07	2339657	1.84221642030025E-06
175	148.958357623916	0.671234130859375		3.27453613281251E-07	3.1488037109375E-06	2.82135009765625E-06	2.19808015344825E-07	2049953.5	1.85752094239433E-06
176	149.00835762379	0.67626953125		3.77197265625E-07	3.13140869140625E-06	2.75421142578125E-06	2.55064009024863E-07	1792718.5	1.87513728633348E-06
177	149.058357623664	0.681304931640625		4.3182373046875E-07	3.104248046875E-06	2.67242431640625E-06	2.94164095748783E-07	1577526.625	1.89536274319835E-06
178	149.108357623538	0.68634033203125		4.901123046875E-07	3.0706787109375E-06	2.58056640625E-06	3.36383834564913E-07	1400373.625	1.91841127161752E-06
179	149.158357623411	0.691375732421875		5.48706054687501E-07	3.0340576171875E-06	2.4853515625E-06	3.79345294732047E-07	1259955.5	1.94438166545297E-06
180	149.208357623285	0.6964111328125		6.06384277343749E-07	2.9974365234375E-06	2.39105224609375E-06	4.22255737930755E-07	1148364.375	1.97325880435528E-06
181	149.258357623159	0.701446533203125		6.6070556640625E-07	2.95928955078125E-06	2.298583984375E-06	4.63409293161021E-07	1061570.5	2.00493605007068E-06
182	149.308357623033	0.70648193359375		7.0953369140625E-07	2.92694091796875E-06	2.2174072265625E-06	5.01229408200743E-07	995612.9375	2.03919216801296E-06
183	149.358357622906	0.711517333984375		7.54394531249999E-07	2.9010009765625E-06	2.1466064453125E-06	5.36672700945928E-07	943001.625	2.0757902348123E-06
184	149.40835762278	0.716552734375		7.92541503906249E-07	2.88238525390625E-06	2.08984375E-06	5.67825225061824E-07	904004.6875	2.11446376852109E-06
185	149.458357622654	0.721588134765625		8.23364257812501E-07	2.87322998046875E-06	2.04986572265625E-06	5.9410473340904E-07	876352.875	2.15486147681077E-06
186	149.508357622528	0.72662353515625		8.465576171875E-07	2.87322998046875E-06	2.02667236328125E-06	6.15102862866479E-07	858291.3125	2.19660932998522E-06
187	149.558357622401	0.731658935546875		8.6212158203125E-07	2.88482666015625E-06	2.022705078125E-06	6.30673696377926E-07	848531	2.23932647713809E-06
188	149.608357622275	0.7366943359375		8.697509765625E-07	2.9083251953125E-06	2.03857421875E-06	6.4068751726154E-07	846947.375	2.28262319978967E-06
189	149.658357622149	0.741729736328125		8.70361328124999E-07	2.94403076171875E-06	2.07366943359375E-06	6.45546322175505E-07	852173.9375	2.3261259229912E-06
190	149.708357622023	0.74676513671875		8.6395263671875E-07	2.99346923828125E-06	2.1295166015625E-06	6.45143302335782E-07	864323.5625	2.36948380916147E-06
191	149.758357621896	0.751800537109375		8.526611328125E-07	3.055419921875E-06	2.2027587890625E-06	6.41421422642452E-07	882247.6875	2.41239922615932E-06
192	149.80835762177	0.7568359375		8.31298828125E-07	3.13018798828125E-06	2.29888916015625E-06	6.29156772902206E-07	910425.875	2.45449814428866E-06
193	149.858357621644	0.761871337890625		8.05053710937501E-07	3.2177734375E-06	2.4127197265625E-06	6.1347014934654E-07	946550.4375	2.49540698860073E-06
194	149.908357621518	0.76690673828125		7.74536132812501E-07	3.31634521484375E-06	2.54180908203125E-06	5.94233313222503E-07	990543.8125	2.53489679380436E-06
195	149.958357621392	0.771942138671875		7.3974609375E-07	3.426513671875E-06	2.686767578125E-06	5.71154089357151E-07	1043729.375	2.57275382864464E-06
196	150.008357621265	0.7769775390625		7.0220947265625E-07	3.54339599609375E-06	2.8411865234375E-06	5.45815282748663E-07	1106910.125	2.60880278801778E-06
197	150.058357621139	0.782012939453125		6.6253662109375E-07	3.66607666015625E-06	3.0035400390625E-06	5.18011120220763E-07	1180101.375	2.64292134488642E-06
198	150.108357621013	0.78704833984375		6.2530517578125E-07	3.79150390625E-06	3.16619873046875E-06	4.92336255319969E-07	1259150.75	2.67511745732918E-06
199	150.158357620887	0.792083740234375		5.89904785156251E-07	3.9166259765625E-06	3.32672119140625E-06	4.67163943085325E-07	1342472.875	2.70549776359985E-06
200	150.20835762076	0.797119140625		5.584716796875E-07	4.03778076171875E-06	3.47930908203125E-06	4.45338855570299E-07	1427869	2.73420710072969E-06
201	150.258357620634	0.802154541015625		5.340576171875E-07	4.15008544921875E-06	3.61602783203125E-06	4.284782448849E-07	1502285.75	2.76152036349231E-06
202	150.308357620508	0.80718994140625		5.1849365234375E-07	4.2510986328125E-06	3.73260498046875E-06	4.18839334770382E-07	1557975.25	2.78783409157768E-06
203	150.358357620382	0.812225341796875		5.133056640625E-07	4.33807373046875E-06	3.82476806640625E-06	4.1699820485519E-07	1582639.625	2.81362918030936E-06
204	150.408357620255	0.8172607421875		5.19409179687499E-07	4.4036865234375E-06	3.88427734375E-06	4.24651233288387E-07	1574030.5	2.83944700640859E-06
205	150.458357620129	0.822296142578125		5.3985595703125E-07	4.449462890625E-06	3.90960693359375E-06	4.44168563262792E-07	1524025	2.86592853626644E-06
206	150.508357620003	0.82733154296875		5.7342529296875E-07	4.473876953125E-06	3.90045166015625E-06	4.74412814810421E-07	1442788.75	2.89376066575642E-06
207	150.558357619877	0.832366943359375		6.207275390625E-07	4.4708251953125E-06	3.85009765625E-06	5.16578325004957E-07	1340708	2.92361437459476E-06
208	150.60835761975	0.83740234375		6.8023681640625E-07	4.4464111328125E-06	3.76617431640625E-06	5.69424287277798E-07	1230596.75	2.95613858725119E-06
209	150.658357619624	0.842437744140625		7.51953125E-07	4.400634765625E-06	3.648681640625E-06	6.33358922641492E-07	1120129.875	2.99194334729691E-06
210	150.708357619498	0.84747314453125		8.34045410156251E-07	4.33685302734375E-06	3.5028076171875E-06	7.07085632711824E-07	1016465.4375	3.03159322356805E-06
211	150.758357619372	0.852508544921875		9.228515625E-07	4.25506591796875E-06	3.33221435546875E-06	7.86879638781102E-07	923941.8125	3.07551567857445E-06
212	150.808357619245	0.8575439453125		1.01531982421875E-06	4.16046142578125E-06	3.1451416015625E-06	8.70371479777532E-07	844304.25	3.1239699183061E-06
213	150.858357619119	0.862579345703125		1.11175537109375E-06	4.05792236328125E-06	2.9461669921875E-06	9.59486101237417E-07	776283.3125	3.17714670927671E-06
214	150.908357618993	0.86761474609375		1.20697021484375E-06	3.9501953125E-06	2.74322509765625E-06	1.04718515103741E-06	718836.9375	3.23511494570994E-06
215	150.958357618867	0.872650146484375		1.29791259765625E-06	3.8409423828125E-06	2.54302978515625E-06	1.13321777917008E-06	672701.625	3.29773706653214E-06
216	151.008357618741	0.877685546875		1.38458251953125E-06	3.73291015625E-06	2.34832763671875E-06	1.21480547932151E-06	633678.6875	3.36479934048839E-06
217	151.058357618614	0.882720947265625		1.4642333984375E-06	3.6279296875E-06	2.1636962890625E-06	1.2931797073179E-06	603168	3.43601982422115E-06
218	151.108357618488	0.88775634765625		1.53564453125E-06	3.52874755859375E-06	1.99310302734375E-06	1.36327821564919E-06	578100.1875	3.51101675732934E-06
219	151.158357618362	0.892791748046875		1.5985107421875E-06	3.4344482421875E-06	1.8359375E-06	1.42786893775337E-06	558801.0625	3.58937063538178E-06
220	151.208357618236	0.8978271484375		1.65374755859375E-06	3.34747314453125E-06	1.6937255859375E-06	1.48427477597579E-06	542720.0625	3.67067718798353E-06
221	151.258357618109	0.902862548828125		1.70013427734375E-06	3.26751708984375E-06	1.5673828125E-06	1.53472808506194E-06	530963.9375	3.754524186661E-06
222	151.308357617983	0.90789794921875		1.73858642578125E-06	3.193359375E-06	1.45477294921875E-06	1.57845909143361E-06	522204.65625	3.84049235435668E-06
223	151.358357617857	0.912933349609375		1.76849365234375E-06	3.12652587890625E-06	1.3580322265625E-06	1.61478658355918E-06	516307.1875	3.92816900784965E-06
224	151.408357617731	0.91796875		1.7919921875E-06	3.0657958984375E-06	1.2738037109375E-06	1.64553966897074E-06	512431.875	4.01718125431216E-06
225	151.458357617604	0.923004150390625		1.81060791015625E-06	3.0108642578125E-06	1.20025634765625E-06	1.6714748198865E-06	509860.125	4.10724624089198E-06
226	151.508357617478	0.92803955078125		1.8231201171875E-06	2.96112060546875E-06	1.13800048828125E-06	1.69137115335616E-06	508871.78125	4.19808930018917E-06
227	151.558357617352	0.933074951171875		1.83197021484375E-06	2.91656494140625E-06	1.0845947265625E-06	1.70908595009678E-06	509245.40625	4.28946668762364E-06
228	151.608357617226	0.9381103515625		1.83807373046875E-06	2.87628173828125E-06	1.0382080078125E-06	1.72431589362532E-06	510376.90625	4.38121787738055E-06
229	151.658357617099	0.943145751953125		1.8408203125E-06	2.8399658203125E-06	9.99145507812502E-07	1.73588091456622E-06	512267.9375	4.47319007434999E-06
230	151.708357616973	0.94818115234375		1.8408203125E-06	2.80731201171875E-06	9.6649169921875E-07	1.74543106368219E-06	515086.21875	4.56523139291676E-06
231	151.758357616847	0.953216552734375		1.8389892578125E-06	2.77679443359375E-06	9.37805175781249E-07	1.75379670963594E-06	518586.15625	4.65722632725374E-06
232	151.808357616721	0.958251953125		1.83563232421875E-06	2.74993896484375E-06	9.14306640625001E-07	1.75899822352221E-06	522028.28125	4.74909211334307E-06
233	151.858357616595	0.963287353515625		1.83197021484375E-06	2.72552490234375E-06	8.93554687500001E-07	1.76387504779996E-06	525570.5625	4.8407819122076E-06
234	151.908357616468	0.96832275390625		1.82708740234375E-06	2.70233154296875E-06	8.75244140625001E-07	1.76976777765958E-06	530148.6875	4.93225843456457E-06
235	151.958357616342	0.973358154296875		1.82159423828125E-06	2.681884765625E-06	8.6029052734375E-07	1.77334152340336E-06	534427.875	5.02347529618419E-06
236	152.008357616216	0.9783935546875		1.8157958984375E-06	2.6629638671875E-06	8.47167968750001E-07	1.77656295363704E-06	538823.5625	5.11441021444625E-06
237	152.05835761609	0.983428955078125		1.8096923828125E-06	2.64495849609375E-06	8.35266113281249E-07	1.7799799252316E-06	543507.625	5.20504727319349E-06
238	152.108357615963	0.98846435546875		1.802978515625E-06	2.62847900390625E-06	8.2550048828125E-07	1.7832803678175E-06	548578.25	5.2953641898057E-06
239	152.158357615837	0.993499755859375		1.79718017578125E-06	2.61322021484375E-06	8.160400390625E-07	1.78522384430835E-06	552725.4375	5.3853682402405E-06
240	152.208357615711	0.99853515625		1.79046630859375E-06	2.598876953125E-06	8.08410644531252E-07	1.78784353010997E-06	557695.5625	5.47505942449789E-06
241	152.258357615585	1.00357055664063		1.78466796875E-06	2.58514404296875E-06	8.00476074218751E-07	1.79131245658937E-06	562414.5	5.56443774257787E-06
242	152.308357615458	1.00860595703125		1.77825927734375E-06	2.57293701171875E-06	7.94677734375002E-07	1.79302026026562E-06	567015.625	5.6535109251854E-06
243	152.358357615332	1.01364135742188		1.7724609375E-06	2.56134033203125E-06	7.8887939453125E-07	1.7969101691051E-06	571969.6875	5.74227897232049E-06
244	152.408357615206	1.0186767578125		1.76666259765625E-06	2.550048828125E-06	7.83386230468751E-07	1.80019719664415E-06	576783.5625	5.83075689064572E-06
245	152.45835761508	1.02371215820313		1.7608642578125E-06	2.5390625E-06	7.781982421875E-07	1.80288668616413E-06	581455.8125	5.91894513490843E-06
246	152.508357614953	1.02874755859375		1.75537109375E-06	2.5286865234375E-06	7.73315429687502E-07	1.80583367637155E-06	586057.0625	6.00685098106624E-06
247	152.558357614827	1.03378295898438		1.74957275390625E-06	2.51953125E-06	7.6995849609375E-07	1.80734355126333E-06	590441.3125	6.09447442911915E-06
248	152.608357614701	1.038818359375		1.74530029296875E-06	2.51068115234375E-06	7.65380859374999E-07	1.8125173255612E-06	595034.125	6.18184640188701E-06
249	152.658357614575	1.04385375976563		1.7401123046875E-06	2.50213623046875E-06	7.62023925781249E-07	1.8166881545767E-06	599964.9375	6.26898190603242E-06
250	152.708357614448	1.04888916015625		1.73553466796875E-06	2.49420166015625E-06	7.58666992187501E-07	1.82038343155E-06	604360.8125	6.35587275610305E-06
251	152.758357614322	1.05392456054688		1.73065185546875E-06	2.486572265625E-06	7.55920410156251E-07	1.82424048489338E-06	609063.6875	6.44252759229857E-06
252	152.808357614196	1.0589599609375		1.7266845703125E-06	2.47955322265625E-06	7.52868652343749E-07	1.82796281933406E-06	613114.1875	6.52896096653421E-06
253	152.85835761407	1.06399536132813		1.72271728515625E-06	2.47314453125E-06	7.5042724609375E-07	1.83270026354876E-06	617537.6875	6.61519607092487E-06
254	152.908357613944	1.06903076171875		1.71844482421875E-06	2.46612548828125E-06	7.476806640625E-07	1.83707027190394E-06	622092	6.70122517476557E-06
255	152.958357613817	1.07406616210938		1.7144775390625E-06	2.46063232421875E-06	7.4615478515625E-07	1.84067744157801E-06	626201.5	6.78704827805632E-06
256	153.008357613691	1.0791015625		1.71142578125E-06	2.454833984375E-06	7.43408203125E-07	1.84627992894093E-06	630349.5	6.87269584886963E-06
257	153.058357613565	1.08413696289063		1.707763671875E-06	2.44964599609375E-06	7.4188232421875E-07	1.85118915396743E-06	634739.125	6.95817561791046E-06
258	153.108357613439	1.08917236328125		1.7041015625E-06	2.4444580078125E-06	7.403564453125E-07	1.85658029749902E-06	639326.6875	7.04347212376888E-06
259	153.158357613312	1.09420776367188		1.7010498046875E-06	2.440185546875E-06	7.39135742187499E-07	1.86156137260696E-06	643344.125	7.12860082785483E-06
260	153.208357613186	1.0992431640625		1.6986083984375E-06	2.4359130859375E-06	7.373046875E-07	1.86666522949963E-06	646963.75	7.2135921982408E-06
261	153.25835761306	1.10427856445313		1.695556640625E-06	2.4322509765625E-06	7.366943359375E-07	1.8726256030277E-06	651367.875	7.29844623492681E-06
262	153.308357612934	1.10931396484375		1.693115234375E-06	2.4285888671875E-06	7.354736328125E-07	1.8781963717629E-06	655191.0625	7.38316339266021E-06
263	153.358357612807	1.11434936523438		1.690673828125E-06	2.4249267578125E-06	7.342529296875E-07	1.88271144452301E-06	658664.25	7.46775776860886E-06
264	153.408357612681	1.119384765625		1.68792724609375E-06	2.421875E-06	7.3394775390625E-07	1.88892488495185E-06	662990.4375	7.55222299630987E-06
265	153.458357612555	1.12442016601563		1.685791015625E-06	2.4200439453125E-06	7.342529296875E-07	1.89528009286732E-06	666908.0625	7.63656589697348E-06
266	153.508357612429	1.12945556640625		1.6839599609375E-06	2.41790771484375E-06	7.3394775390625E-07	1.90195794402825E-06	670714.0625	7.7208096627146E-06
267	153.558357612302	1.13449096679688		1.68212890625E-06	2.41546630859375E-06	7.33337402343751E-07	1.90861669580045E-06	674528.3125	7.80496156949084E-06
268	153.608357612176	1.1395263671875		1.68060302734375E-06	2.41363525390625E-06	7.33032226562501E-07	1.91509138858237E-06	678046.125	7.88902980275452E-06
269	153.65835761205	1.14456176757813		1.6790771484375E-06	2.412109375E-06	7.33032226562501E-07	1.92206357496616E-06	681752.125	7.97302254795795E-06
270	153.708357611924	1.14959716796875		1.6778564453125E-06	2.41119384765625E-06	7.33337402343749E-07	1.92885886463046E-06	685158.25	8.05694526206935E-06
271	153.758357611797	1.15463256835938		1.676025390625E-06	2.4102783203125E-06	7.34252929687501E-07	1.93544929061318E-06	689002.1875	8.1407924881205E-06
272	153.808357611671	1.15966796875		1.67572021484375E-06	2.40966796875E-06	7.3394775390625E-07	1.94327913050074E-06	692041.5	8.22458605398424E-06
273	153.858357611545	1.16470336914063		1.67510986328125E-06	2.40997314453125E-06	7.34863281249999E-07	1.9512617654982E-06	695390.8125	8.30835688248044E-06
274	153.908357611419	1.16973876953125		1.67388916015625E-06	2.4102783203125E-06	7.36389160156251E-07	1.95852385331818E-06	698997.3125	8.39208223624155E-06
275	153.958357611293	1.17477416992188		1.6741943359375E-06	2.410888671875E-06	7.366943359375E-07	1.96705559574184E-06	701786.375	8.47578394314041E-06
276	154.008357611166	1.1798095703125		1.6741943359375E-06	2.41180419921875E-06	7.37609863281251E-07	1.97523058886873E-06	704702.875	8.55949383549159E-06
277	154.05835761104	1.18484497070313		1.67388916015625E-06	2.4127197265625E-06	7.3883056640625E-07	1.98355451175303E-06	707930.75	8.64319554239046E-06
278	154.108357610914	1.18988037109375		1.673583984375E-06	2.41455078125E-06	7.40966796874999E-07	1.99085388885578E-06	710795.0625	8.72688269737409E-06
279	154.158357610788	1.19491577148438		1.6741943359375E-06	2.415771484375E-06	7.415771484375E-07	2.0007767034258E-06	713817	8.81057712831534E-06
280	154.208357610661	1.199951171875		1.67449951171875E-06	2.41851806640625E-06	7.44018554687501E-07	2.00829549612536E-06	716238.375	8.89429429662414E-06
281	154.258357610535	1.20498657226563		1.6754150390625E-06	2.4212646484375E-06	7.45849609375E-07	2.01910825126106E-06	719307.875	8.97804238775279E-06
282	154.308357610409	1.21002197265625		1.676025390625E-06	2.42401123046875E-06	7.47985839843751E-07	2.02853902919742E-06	722141.3125	9.06182867765892E-06
283	154.358357610283	1.21505737304688		1.67724609375E-06	2.4267578125E-06	7.4951171875E-07	2.03820604838256E-06	724526.9375	9.14566044230014E-06
284	154.408357610156	1.2200927734375		1.67877197265625E-06	2.43072509765625E-06	7.51953125E-07	2.04774528356211E-06	726595.1875	9.22956041904399E-06
285	154.45835761003	1.22512817382813		1.6802978515625E-06	2.435302734375E-06	7.55004882812501E-07	2.05781111617398E-06	728841.25	9.31353770283749E-06
286	154.508357609904	1.23016357421875		1.68243408203125E-06	2.44049072265625E-06	7.58056640624999E-07	2.07018251785485E-06	731362.25	9.39760593610117E-06
287	154.558357609778	1.23519897460938		1.68426513671875E-06	2.445068359375E-06	7.60803222656249E-07	2.08014535019174E-06	733285.0625	9.48177330428734E-06
288	154.608357609651	1.240234375		1.68701171875E-06	2.4517822265625E-06	7.647705078125E-07	2.09228983294452E-06	735166.4375	9.56605526880594E-06
289	154.658357609525	1.24526977539063		1.689453125E-06	2.45758056640625E-06	7.68127441406251E-07	2.10408256862138E-06	737174.875	9.65046638157219E-06
290	154.708357609399	1.25030517578125		1.6925048828125E-06	2.46368408203125E-06	7.71179199218751E-07	2.11563110497082E-06	738550.3125	9.7350157375331E-06
291	154.758357609273	1.25534057617188		1.69525146484375E-06	2.47161865234375E-06	7.763671875E-07	2.12785926123615E-06	740414.0625	9.8197097031516E-06
292	154.808357609146	1.2603759765625		1.69891357421875E-06	2.4798583984375E-06	7.8094482421875E-07	2.14075134863378E-06	741692.125	9.90456373983761E-06
293	154.85835760902	1.26541137695313		1.70257568359375E-06	2.48809814453125E-06	7.855224609375E-07	2.15367936107214E-06	742964.6875	9.98960058495868E-06
294	154.908357608894	1.27044677734375		1.70684814453125E-06	2.4969482421875E-06	7.90100097656249E-07	2.16950138565153E-06	744680.875	1.00748366094194E-05
295	154.958357608768	1.27548217773438		1.7108154296875E-06	2.5067138671875E-06	7.95898437499999E-07	2.1823755105288E-06	745629.6875	1.01602781796828E-05
296	155.008357608642	1.280517578125		1.71539306640625E-06	2.5177001953125E-06	8.0230712890625E-07	2.19763796849293E-06	746842.1875	1.02459334812011E-05
297	155.058357608515	1.28555297851563		1.72027587890625E-06	2.52899169921875E-06	8.087158203125E-07	2.21124309973675E-06	747206	1.03318252513418E-05
298	155.108357608389	1.29058837890625		1.72607421875E-06	2.5408935546875E-06	8.14819335937502E-07	2.22765129365143E-06	747701.5625	1.04179835034302E-05
299	155.158357608263	1.29562377929688		1.7315673828125E-06	2.5531005859375E-06	8.21533203125001E-07	2.24319546759943E-06	748149.5	1.05044246083708E-05
300	155.208357608137	1.3006591796875		1.73736572265625E-06	2.56591796875E-06	8.2855224609375E-07	2.2597205315833E-06	748638.6875	1.05911476566689E-05
301	155.25835760801	1.30569458007813		1.74346923828125E-06	2.579345703125E-06	8.35876464843749E-07	2.27670420827053E-06	748993.5625	1.06781690192292E-05
302	155.308357607884	1.31072998046875		1.7498779296875E-06	2.593994140625E-06	8.441162109375E-07	2.29415149988199E-06	749215.1875	1.07655023384723E-05
303	155.358357607758	1.31576538085938		1.7572021484375E-06	2.6080322265625E-06	8.50830078125E-07	2.31126136895909E-06	748523.8125	1.08531794467126E-05
304	155.408357607632	1.32080078125		1.76361083984375E-06	2.6239013671875E-06	8.6029052734375E-07	2.32937850341841E-06	748918.5	1.09412003439502E-05
305	155.458357607505	1.32583618164063		1.771240234375E-06	2.6397705078125E-06	8.685302734375E-07	2.34810408983321E-06	748449.375	1.1029571396648E-05
306	155.508357607379	1.33087158203125		1.778564453125E-06	2.65594482421875E-06	8.7738037109375E-07	2.3670409063925E-06	748284.1875	1.11183162516681E-05
307	155.558357607253	1.33590698242188		1.78680419921875E-06	2.67242431640625E-06	8.85620117187499E-07	2.38673146668589E-06	747566.1875	1.12074503704207E-05
308	155.608357607127	1.3409423828125		1.7950439453125E-06	2.6898193359375E-06	8.94775390625E-07	2.40650251726038E-06	746854.8125	1.12969964902732E-05
309	155.658357607	1.34597778320313		1.80328369140625E-06	2.70843505859375E-06	9.051513671875E-07	2.42690452978422E-06	746319.1875	1.13869546112255E-05
310	155.708357606874	1.35101318359375		1.8121337890625E-06	2.7276611328125E-06	9.1552734375E-07	2.44766351897852E-06	745368.8125	1.14773401946877E-05
311	155.758357606748	1.35604858398438		1.8212890625E-06	2.74810791015625E-06	9.2681884765625E-07	2.47003436015802E-06	744638.0625	1.15681759780273E-05
312	155.808357606622	1.361083984375		1.8304443359375E-06	2.769775390625E-06	9.393310546875E-07	2.49082972914039E-06	743414.5	1.16594692372018E-05
313	155.858357606495	1.36611938476563		1.8408203125E-06	2.79327392578125E-06	9.52453613281251E-07	2.51506116910605E-06	742208.25	1.17512508950313E-05
314	155.908357606369	1.37115478515625		1.85150146484375E-06	2.81829833984375E-06	9.66796875E-07	2.53813004746917E-06	740398.875	1.1843559150293E-05
315	155.958357606243	1.37619018554688		1.86309814453125E-06	2.8460693359375E-06	9.82971191406251E-07	2.56312432611594E-06	738411.1875	1.19364240163122E-05
316	156.008357606117	1.3812255859375		1.8756103515625E-06	2.87689208984375E-06	1.00128173828125E-06	2.59006856140331E-06	736251.25	1.20298918773187E-05
317	156.058357605991	1.38626098632813		1.88934326171875E-06	2.91015625E-06	1.02081298828125E-06	2.61825789493741E-06	733484.0625	1.21240154840052E-05
318	156.108357605864	1.39129638671875		1.90399169921875E-06	2.94586181640625E-06	1.0418701171875E-06	2.6490167783777E-06	730726.0625	1.22188484965591E-05
319	156.158357605738	1.39633178710938		1.920166015625E-06	2.9864501953125E-06	1.0662841796875E-06	2.68148164650484E-06	727272.75	1.231445276062E-05
320	156.208357605612	1.4013671875		1.937255859375E-06	3.0291748046875E-06	1.0919189453125E-06	2.71539784080232E-06	723535	1.24108883028384E-05
321	156.258357605486	1.40640258789063		1.95587158203125E-06	3.07647705078125E-06	1.12060546875E-06	2.7498474537424E-06	718832.9375	1.2508216968854E-05
322	156.308357605359	1.41143798828125		1.97601318359375E-06	3.12713623046875E-06	1.151123046875E-06	2.78902007266879E-06	714285.6875	1.26065133372322E-05
323	156.358357605233	1.41647338867188		1.99798583984375E-06	3.182373046875E-06	1.18438720703125E-06	2.83039844362065E-06	709027.0625	1.27058638099697E-05
324	156.408357605107	1.4215087890625		2.02117919921875E-06	3.2421875E-06	1.22100830078125E-06	2.87250713881804E-06	703155.6875	1.28063429656322E-05
325	156.458357604981	1.42654418945313		2.0458984375E-06	3.3056640625E-06	1.259765625E-06	2.91825222120679E-06	697195.75	1.29080199258169E-05
326	156.508357604854	1.43157958984375		2.0721435546875E-06	3.3740234375E-06	1.3018798828125E-06	2.96707094094018E-06	691016.1875	1.30109710880788E-05
327	156.558357604728	1.43661499023438		2.10052490234375E-06	3.448486328125E-06	1.34796142578125E-06	3.01732507068664E-06	683858.8125	1.31152874018881E-05
328	156.608357604602	1.441650390625		2.13104248046875E-06	3.5284423828125E-06	1.39739990234375E-06	3.07286859424494E-06	676643.25	1.32210761876195E-05
329	156.658357604476	1.44668579101563		2.164306640625E-06	3.61419677734375E-06	1.44989013671875E-06	3.13074133373448E-06	668358.75	1.33284602270578E-05
330	156.708357604349	1.45172119140625		2.19940185546875E-06	3.70635986328125E-06	1.5069580078125E-06	3.19358923661639E-06	660191.5	1.34375532070408E-05
331	156.758357604223	1.45675659179688		2.237548828125E-06	3.804931640625E-06	1.5673828125E-06	3.26058830069087E-06	651254.75	1.35484769998584E-05
332	156.808357604097	1.4617919921875		2.27935791015625E-06	3.91021728515625E-06	1.630859375E-06	3.3319470276183E-06	641317.4375	1.36613998620305E-05
333	156.858357603971	1.46682739257813		2.32330322265625E-06	4.02130126953125E-06	1.697998046875E-06	3.40823908118182E-06	631420	1.37764664032147E-05
334	156.908357603844	1.47186279296875		2.37152099609375E-06	4.13818359375E-06	1.76666259765625E-06	3.48982962350419E-06	620512.1875	1.38938366944785E-05
335	156.958357603718	1.47689819335938		2.423095703125E-06	4.261474609375E-06	1.83837890625E-06	3.57903513759084E-06	609571.8125	1.40137017297093E-05
336	157.008357603592	1.48193359375		2.47802734375E-06	4.38873291015625E-06	1.91070556640625E-06	3.67151551472489E-06	597906.4375	1.41362297654268E-05
337	157.058357603466	1.48696899414063		2.53631591796875E-06	4.51934814453125E-06	1.9830322265625E-06	3.77026208298048E-06	586090.75	1.4261589058151E-05
338	157.10835760334	1.49200439453125		2.59735107421875E-06	4.65240478515625E-06	2.0550537109375E-06	3.87525915357401E-06	574433.0625	1.43899305840023E-05
339	157.158357603213	1.49703979492188		2.6605224609375E-06	4.78729248046875E-06	2.12677001953125E-06	3.98412566937623E-06	562858.5	1.45213771247654E-05
340	157.208357603087	1.5020751953125		2.725830078125E-06	4.925537109375E-06	2.19970703125E-06	4.09440144721884E-06	551052.4375	1.46560360008152E-05
