Potential - Start 1.505 V, Stop -0.205 V, Step -0.005 V; Modulation - Amplitude -0.05 V, Time 0.025 s, Interval time 0.05 s
Index	Base.Time (s)	Potential applied (V)	WE(1).Base.Potential (V)	WE(1).Base.Current (A)	WE(1).Pulse.Current (A)	WE(1).δ.Current (A)	WE(1).Base.Power (W)	WE(1).Base.Resistance (Ω)	WE(1).Base.Charge (C)
1	163.637614586855	1.50497436523438	1.50482177734375	2.04376220703125E-06	1.15447998046875E-06	-8.89282226562499E-07	3.07549771605409E-06	736299.875	0
2	163.687614586729	1.49993896484375	1.49932861328125	2.1087646484375E-06	1.1590576171875E-06	-9.4970703125E-07	3.16173122882901E-06	710998.5625	1.0381317139263E-07
3	163.737614586602	1.49490356445313	1.49505615234375	2.05963134765625E-06	1.1376953125E-06	-9.2193603515625E-07	3.07926438836148E-06	725885.375	2.08023067216345E-07
4	163.787614586476	1.4898681640625	1.48956298828125	2.0050048828125E-06	1.11328125E-06	-8.917236328125E-07	2.98658119390893E-06	742922.375	3.09638977569193E-07
5	163.83761458635	1.48483276367188	1.48406982421875	1.95098876953125E-06	1.0882568359375E-06	-8.62731933593751E-07	2.89540344056149E-06	760675.75	4.08538824103744E-07
6	163.887614586224	1.47979736328125	1.4801025390625	1.900634765625E-06	1.064453125E-06	-8.36181640625E-07	2.8131344151916E-06	778741.1875	5.04829415604036E-07
7	163.937614586097	1.47476196289063	1.474609375	1.85333251953125E-06	1.041259765625E-06	-8.12072753906251E-07	2.73294153885217E-06	795652.875	5.98678582264256E-07
8	163.987614585971	1.4697265625	1.4697265625	1.80999755859375E-06	1.0205078125E-06	-7.89489746093749E-07	2.66020128947275E-06	812004.75	6.90261799718428E-07
9	164.037614585845	1.46469116210938	1.46484375	1.7694091796875E-06	9.99755859375E-07	-7.69653320312501E-07	2.59190778706397E-06	827871.75	7.79746983425866E-07
10	164.087614585719	1.45965576171875	1.45965576171875	1.73187255859375E-06	9.80224609374999E-07	-7.51647949218751E-07	2.52793779509375E-06	842819.375	8.67279027261247E-07
11	164.137614585592	1.45462036132813	1.455078125	1.69708251953125E-06	9.619140625E-07	-7.3516845703125E-07	2.46938748205139E-06	857399.8125	9.53002881942666E-07
12	164.187614585466	1.4495849609375	1.44927978515625	1.66534423828125E-06	9.4512939453125E-07	-7.2021484375E-07	2.41354950958339E-06	870258.4375	1.03706361187506E-06
13	164.23761458534	1.44454956054688	1.444091796875	1.6357421875E-06	9.2926025390625E-07	-7.0648193359375E-07	2.36216169469117E-06	882835.875	1.11959070636658E-06
14	164.287614585214	1.43951416015625	1.43951416015625	1.60919189453125E-06	9.14306640625E-07	-6.94885253906251E-07	2.31645435633254E-06	894557.1875	1.20071410947276E-06
15	164.337614585087	1.43447875976563	1.43463134765625	1.58416748046875E-06	8.9996337890625E-07	-6.84204101562499E-07	2.27269629249349E-06	905605.875	1.28054807646549E-06
16	164.387614584961	1.429443359375	1.4288330078125	1.5606689453125E-06	8.8623046875E-07	-6.744384765625E-07	2.22993526222126E-06	915526	1.35916900489974E-06
17	164.437614584835	1.42440795898438	1.424560546875	1.53900146484375E-06	8.7310791015625E-07	-6.65893554687501E-07	2.19240087062644E-06	925639.5	1.4366606819749E-06
18	164.487614584709	1.41937255859375	1.41937255859375	1.51947021484375E-06	8.60595703125E-07	-6.5887451171875E-07	2.15669433600851E-06	934123.3125	1.51312246998714E-06
19	164.537614584582	1.41433715820313	1.41448974609375	1.50115966796875E-06	8.489990234375E-07	-6.52160644531251E-07	2.12337499760906E-06	942264.6875	1.5886382698227E-06
20	164.587614584456	1.4093017578125	1.4093017578125	1.4837646484375E-06	8.3770751953125E-07	-6.46057128906249E-07	2.09107224691252E-06	949814.875	1.66326140060846E-06
21	164.63761458433	1.40426635742188	1.4044189453125	1.468505859375E-06	8.270263671875E-07	-6.41479492187499E-07	2.06239747058135E-06	956359.125	1.73706814621255E-06
22	164.687614584204	1.39923095703125	1.39892578125	1.45416259765625E-06	8.16650390625E-07	-6.3751220703125E-07	2.03426543521346E-06	962014.75	1.81013479050307E-06
23	164.737614584078	1.39419555664063	1.39373779296875	1.44012451171875E-06	8.0596923828125E-07	-6.34155273437501E-07	2.00715589926403E-06	967789.8125	1.88249202892621E-06
24	164.787614583951	1.38916015625	1.38946533203125	1.42730712890625E-06	7.9681396484375E-07	-6.304931640625E-07	1.9831936697301E-06	973487.3125	1.95417783288576E-06
25	164.837614583825	1.38412475585938	1.38458251953125	1.4154052734375E-06	7.87963867187499E-07	-6.27441406250001E-07	1.95974530470266E-06	978223.4375	2.02524552150862E-06
26	164.887614583699	1.37908935546875	1.3787841796875	1.40411376953125E-06	7.79113769531251E-07	-6.24999999999999E-07	1.93596974895627E-06	981960.5	2.09573363463278E-06
27	164.937614583573	1.37405395507813	1.3739013671875	1.39434814453125E-06	7.7056884765625E-07	-6.23779296875E-07	1.91569688468007E-06	985335.9375	2.16569515032461E-06
28	164.987614583446	1.3690185546875	1.36871337890625	1.38458251953125E-06	7.62023925781249E-07	-6.2255859375E-07	1.8950964886244E-06	988538.75	2.23516849473526E-06
29	165.03761458332	1.36398315429688	1.36383056640625	1.375732421875E-06	7.54699707031251E-07	-6.2103271484375E-07	1.87626585557155E-06	991348.75	2.30417617785861E-06
30	165.087614583194	1.35894775390625	1.358642578125	1.3671875E-06	7.464599609375E-07	-6.207275390625E-07	1.85751912340493E-06	993750.0625	2.37274934988818E-06
31	165.137614583068	1.35391235351563	1.353759765625	1.35986328125E-06	7.3883056640625E-07	-6.2103271484375E-07	1.84092823474202E-06	995511.6875	2.44092552748043E-06
32	165.187614582941	1.348876953125	1.348876953125	1.35223388671875E-06	7.31201171875E-07	-6.2103271484375E-07	1.82399708137382E-06	997517.5	2.50872790275025E-06
33	165.237614582815	1.34384155273438	1.343994140625	1.34552001953125E-06	7.244873046875E-07	-6.2103271484375E-07	1.80837093921582E-06	998866	2.5761717097339E-06
34	165.287614582689	1.33880615234375	1.339111328125	1.339111328125E-06	7.171630859375E-07	-6.21948242187501E-07	1.79321921223163E-06	1000000	2.64328764387756E-06
35	165.337614582563	1.33377075195313	1.3336181640625	1.33270263671875E-06	7.10449218750001E-07	-6.22253417968749E-07	1.77731635631062E-06	1000687	2.71008298113884E-06
36	165.387614582436	1.3287353515625	1.32904052734375	1.326904296875E-06	7.0343017578125E-07	-6.23474121093751E-07	1.76350954461668E-06	1001610	2.77657318292768E-06
37	165.43761458231	1.32369995117188	1.32415771484375	1.32171630859375E-06	6.9732666015625E-07	-6.243896484375E-07	1.75016077719192E-06	1001847.1875	2.84278871731658E-06
38	165.487614582184	1.31866455078125	1.318359375	1.31622314453125E-06	6.90612792968751E-07	-6.256103515625E-07	1.73525506852457E-06	1001623	2.90873708763684E-06
39	165.537614582058	1.31362915039063	1.3134765625	1.31103515625E-06	6.84204101562499E-07	-6.268310546875E-07	1.72201396253513E-06	1001862.1875	2.97441852126212E-06
40	165.587614581931	1.30859375	1.30828857421875	1.30615234375E-06	6.7779541015625E-07	-6.2835693359375E-07	1.70882412930951E-06	1001635.5625	3.03984825222869E-06
41	165.637614581805	1.30355834960938	1.3031005859375	1.3018798828125E-06	6.7138671875E-07	-6.304931640625E-07	1.69648035353021E-06	1000937.6875	3.10504901790409E-06
42	165.687614581679	1.29852294921875	1.298828125	1.29730224609375E-06	6.6497802734375E-07	-6.32324218749999E-07	1.68497263075551E-06	1001176.1875	3.17002854899329E-06
43	165.737614581553	1.29348754882813	1.29364013671875	1.29364013671875E-06	6.591796875E-07	-6.3446044921875E-07	1.67350481206086E-06	1000000	3.23480207953253E-06
44	165.787614581427	1.2884521484375	1.2884521484375	1.28875732421875E-06	6.53076171875E-07	-6.3568115234375E-07	1.66050210737012E-06	999763.25	3.29936210619053E-06
45	165.8376145813	1.28341674804688	1.282958984375	1.28570556640625E-06	6.47888183593751E-07	-6.378173828125E-07	1.64950745329406E-06	997863.8125	3.36372363562987E-06
46	165.887614581174	1.27838134765625	1.27838134765625	1.28204345703125E-06	6.41784667968751E-07	-6.40258789062499E-07	1.63894037541468E-06	997143.5625	3.42791736329673E-06
47	165.937614581048	1.27334594726563	1.27288818359375	1.278076171875E-06	6.35681152343751E-07	-6.4239501953125E-07	1.62684807492042E-06	995940.75	3.49192032444989E-06
48	165.987614580922	1.268310546875	1.26861572265625	1.2744140625E-06	6.3018798828125E-07	-6.4422607421875E-07	1.61674165610748E-06	995450.25	3.55573274646304E-06
49	166.037614580795	1.26327514648438	1.2628173828125	1.27105712890625E-06	6.24694824218749E-07	-6.46362304687501E-07	1.60511297053745E-06	993517.5	3.61936940862506E-06
50	166.087614580669	1.25823974609375	1.25823974609375	1.26739501953125E-06	6.18896484375001E-07	-6.4849853515625E-07	1.59468675065E-06	992776.375	3.68283076568332E-06
51	166.137614580543	1.25320434570313	1.253662109375	1.2640380859375E-06	6.134033203125E-07	-6.50634765625E-07	1.58467662458861E-06	991791.4375	3.74611659026414E-06
52	166.187614580417	1.2481689453125	1.2481689453125	1.260986328125E-06	6.07910156249999E-07	-6.53076171875E-07	1.57392400979006E-06	989835.4375	3.80924211640377E-06
53	166.23761458029	1.24313354492188	1.2432861328125	1.25762939453125E-06	6.01806640625E-07	-6.5582275390625E-07	1.56359317315946E-06	988595	3.87220734410221E-06
54	166.287614580164	1.23809814453125	1.23779296875	1.2548828125E-06	5.9661865234375E-07	-6.58264160156249E-07	1.5532850738964E-06	986381.3125	3.9350202314381E-06
55	166.337614580038	1.23306274414063	1.23382568359375	1.25213623046875E-06	5.9112548828125E-07	-6.61010742187501E-07	1.54491772264009E-06	985376.625	3.99769578507403E-06
56	166.387614579912	1.22802734375	1.22772216796875	1.2493896484375E-06	5.85327148437501E-07	-6.640625E-07	1.53390328705427E-06	982657.625	4.06023400500999E-06
57	166.437614579785	1.22299194335938	1.22314453125	1.246337890625E-06	5.80749511718751E-07	-6.6558837890625E-07	1.5244513633661E-06	981390.8125	4.12262716054101E-06
58	166.487614579659	1.21795654296875	1.21795654296875	1.24359130859375E-06	5.7525634765625E-07	-6.683349609375E-07	1.51464018927072E-06	979386.5	4.18487525166711E-06
59	166.537614579533	1.21292114257813	1.21337890625	1.2408447265625E-06	5.6915283203125E-07	-6.7169189453125E-07	1.50561470491084E-06	977865.25	4.24698646384059E-06
60	166.587614579407	1.2078857421875	1.2078857421875	1.2384033203125E-06	5.645751953125E-07	-6.73828125E-07	1.49584968767158E-06	975357.3125	4.30896761827171E-06
61	166.63761457928	1.20285034179688	1.20330810546875	1.2359619140625E-06	5.59082031249999E-07	-6.76879882812501E-07	1.48724302562186E-06	973580.25	4.37082644566544E-06
62	166.687614579154	1.19781494140625	1.19781494140625	1.2335205078125E-06	5.5389404296875E-07	-6.7962646484375E-07	1.47752928114642E-06	971053.9375	4.43256385551649E-06
63	166.737614579028	1.19277954101563	1.19293212890625	1.23138427734375E-06	5.4931640625E-07	-6.8206787109375E-07	1.46895774832956E-06	968773.3125	4.49418621428777E-06
64	166.787614578902	1.187744140625	1.18743896484375	1.2286376953125E-06	5.43823242187499E-07	-6.84814453125E-07	1.45893216085824E-06	966468	4.555686700769E-06
65	166.837614578776	1.18270874023438	1.1822509765625	1.2261962890625E-06	5.38330078125E-07	-6.878662109375E-07	1.44967168580479E-06	964161.3125	4.61705758425524E-06
66	166.887614578649	1.17767333984375	1.17767333984375	1.22406005859375E-06	5.328369140625E-07	-6.9122314453125E-07	1.44154284953402E-06	962104.25	4.67831387140905E-06
67	166.937614578523	1.17263793945313	1.17218017578125	1.2213134765625E-06	5.279541015625E-07	-6.93359375E-07	1.43159945764637E-06	959770.125	4.73944828627282E-06
68	166.987614578397	1.1676025390625	1.16729736328125	1.219482421875E-06	5.22766113281251E-07	-6.96716308593749E-07	1.42349858833768E-06	957207.1875	4.80046810480417E-06
69	167.037614578271	1.16256713867188	1.1627197265625	1.21734619140625E-06	5.17578125E-07	-6.9976806640625E-07	1.41543239351449E-06	955126.625	4.86138924316037E-06
70	167.087614578144	1.15753173828125	1.1578369140625	1.214599609375E-06	5.11779785156249E-07	-7.02819824218751E-07	1.40630822897947E-06	953266.375	4.92218759973184E-06
71	167.137614578018	1.15249633789063	1.15234375	1.21246337890625E-06	5.0689697265625E-07	-7.05566406250001E-07	1.39717451475008E-06	950415.375	4.98286408401327E-06
72	167.187614577892	1.1474609375	1.14715576171875	1.21063232421875E-06	5.0201416015625E-07	-7.086181640625E-07	1.3887837440052E-06	947567.5	5.04344143337221E-06
73	167.237614577766	1.14242553710938	1.142578125	1.20880126953125E-06	4.96826171875001E-07	-7.11975097656249E-07	1.38114978653903E-06	945215.875	5.10392737851362E-06
74	167.287614577639	1.13739013671875	1.13739013671875	1.20697021484375E-06	4.9163818359375E-07	-7.1533203125E-07	1.3727959640164E-06	942351.5	5.1643219194375E-06
75	167.337614577513	1.13235473632813	1.13250732421875	1.20513916015625E-06	4.8675537109375E-07	-7.183837890625E-07	1.36482890411571E-06	939731.5625	5.2246246013965E-06
76	167.387614577387	1.1273193359375	1.1273193359375	1.20330810546875E-06	4.81262207031249E-07	-7.22045898437501E-07	1.3565124845627E-06	936850.125	5.28483587913797E-06
77	167.437614577261	1.12228393554688	1.12274169921875	1.201171875E-06	4.75158691406249E-07	-7.2601318359375E-07	1.348605678686E-06	934705.3125	5.3449475672096E-06
78	167.487614577134	1.11724853515625	1.1175537109375	1.19903564453125E-06	4.6966552734375E-07	-7.293701171875E-07	1.33998673845781E-06	932043.8125	5.40495284440112E-06
79	167.537614577008	1.11221313476563	1.112060546875	1.197509765625E-06	4.64477539062499E-07	-7.33032226562501E-07	1.33170328808774E-06	928644.25	5.46486671737512E-06
80	167.587614576882	1.107177734375	1.10687255859375	1.1956787109375E-06	4.5928955078125E-07	-7.36389160156251E-07	1.3234639482107E-06	925727.4375	5.52469600734184E-06
81	167.637614576756	1.10214233398438	1.102294921875	1.19476318359375E-06	4.5318603515625E-07	-7.415771484375E-07	1.31698141103698E-06	922605.375	5.58445708520594E-06
82	167.687614576629	1.09710693359375	1.09710693359375	1.19293212890625E-06	4.4708251953125E-07	-7.45849609375E-07	1.30877413084818E-06	919672.5625	5.64414949622005E-06
83	167.737614576503	1.09207153320313	1.0919189453125	1.19140625E-06	4.412841796875E-07	-7.50122070312501E-07	1.30091905248264E-06	916495.9375	5.7037582337216E-06
84	167.787614576377	1.0870361328125	1.08673095703125	1.18988037109375E-06	4.351806640625E-07	-7.54699707031251E-07	1.29307977658755E-06	913311.125	5.76329011892085E-06
85	167.837614576251	1.08200073242188	1.08184814453125	1.1883544921875E-06	4.2877197265625E-07	-7.5958251953125E-07	1.28561907786207E-06	910375	5.8227460613125E-06
86	167.887614576125	1.07696533203125	1.07696533203125	1.1871337890625E-06	4.22058105468751E-07	-7.6507568359375E-07	1.27850194076018E-06	907197.9375	5.88213333685417E-06
87	167.937614575998	1.07192993164063	1.07177734375	1.18621826171875E-06	4.1534423828125E-07	-7.708740234375E-07	1.27136183891707E-06	903524.5625	5.94146695220843E-06
88	167.987614575872	1.06689453125	1.06689453125	1.18499755859375E-06	4.0771484375E-07	-7.77282714843751E-07	1.26426732549589E-06	900334.875	6.00074736212264E-06
89	168.037614575746	1.06185913085938	1.06170654296875	1.18408203125E-06	4.00390624999999E-07	-7.83691406250001E-07	1.25714757359674E-06	896649.5625	6.05997456659679E-06
90	168.08761457562	1.05682373046875	1.0565185546875	1.18316650390625E-06	3.924560546875E-07	-7.9071044921875E-07	1.25003725770512E-06	892958.5	6.11915584158851E-06
91	168.137614575493	1.05178833007813	1.05133056640625	1.1822509765625E-06	3.8330078125E-07	-7.98950195312501E-07	1.24293649150786E-06	889261.8125	6.17829118709778E-06
92	168.187614575367	1.0467529296875	1.0467529296875	1.1822509765625E-06	3.741455078125E-07	-8.08105468750001E-07	1.2375246569718E-06	885389.8125	6.23740379523952E-06
93	168.237614575241	1.04171752929688	1.04156494140625	1.1822509765625E-06	3.64074707031251E-07	-8.1817626953125E-07	1.23139113838988E-06	881001.625	6.29651640338125E-06
94	168.287614575115	1.03668212890625	1.036376953125	1.1822509765625E-06	3.53393554687501E-07	-8.28857421875E-07	1.22525761980796E-06	876613.375	6.35562901152298E-06
95	168.337614574988	1.03164672851563	1.03179931640625	1.18194580078125E-06	3.4149169921875E-07	-8.404541015625E-07	1.21953087273141E-06	872966.6875	6.41473388895974E-06
96	168.387614574862	1.026611328125	1.026611328125	1.1834716796875E-06	3.2806396484375E-07	-8.55407714843751E-07	1.21496543670219E-06	867457.4375	6.47386923446902E-06
97	168.437614574736	1.02157592773438	1.021728515625	1.18377685546875E-06	3.13720703125001E-07	-8.7005615234375E-07	1.20949857773667E-06	863109.0625	6.53305050946074E-06
98	168.48761457461	1.01654052734375	1.01654052734375	1.18621826171875E-06	2.9754638671875E-07	-8.88671874999999E-07	1.20583888474357E-06	856959.125	6.59230045130244E-06
99	168.537614574483	1.01150512695313	1.0113525390625	1.18865966796875E-06	2.789306640625E-07	-9.0972900390625E-07	1.2021539532725E-06	850834.375	6.65167226543417E-06
100	168.587614574357	1.0064697265625	1.007080078125	1.1920166015625E-06	2.58789062500001E-07	-9.33227539062499E-07	1.20045615403797E-06	844854.0625	6.71118914397084E-06
101	168.637614574231	1.00143432617188	1.00128173828125	1.1962890625E-06	2.349853515625E-07	-9.613037109375E-07	1.19782237106847E-06	836989.8125	6.77089656164753E-06
102	168.687614574105	0.99639892578125	0.99609375	1.201171875E-06	2.08435058593751E-07	-9.92736816406249E-07	1.19647972951498E-06	829268.3125	6.83083317198907E-06
103	168.737614573978	0.991363525390625	0.9918212890625	1.2078857421875E-06	1.77917480468751E-07	-1.02996826171875E-06	1.19800677111925E-06	821121.8125	6.89105991114047E-06
104	168.787614573852	0.986328125	0.986328125	1.21551513671875E-06	1.4190673828125E-07	-1.0736083984375E-06	1.19889671168494E-06	811448.6875	6.95164453645702E-06
105	168.837614573726	0.981292724609375	0.98114013671875	1.2255859375E-06	1.0101318359375E-07	-1.12457275390625E-06	1.20247159429709E-06	800547.8125	7.01267208569334E-06
106	168.8876145736	0.97625732421875	0.97625732421875	1.23687744140625E-06	5.40161132812494E-08	-1.182861328125E-06	1.20751064969227E-06	789291.875	7.07423396306694E-06
107	168.937614573474	0.971221923828125	0.97076416015625	1.25030517578125E-06	6.10351562499445E-10	-1.24969482421875E-06	1.21375137496216E-06	776421.8125	7.13641338734305E-06
108	168.987614573347	0.9661865234375	0.96649169921875	1.2664794921875E-06	-6.13403320312497E-08	-1.32781982421875E-06	1.22404185276537E-06	763132.5625	7.19933314030641E-06
109	169.037614573221	0.961151123046875	0.960693359375	1.28570556640625E-06	-1.324462890625E-07	-1.41815185546875E-06	1.2351687246337E-06	747211.0625	7.26313783161459E-06
110	169.087614573095	0.95611572265625	0.95672607421875	1.30767822265625E-06	-2.13623046875E-07	-1.52130126953125E-06	1.25108977044874E-06	731621.9375	7.32797207092517E-06
111	169.137614572969	0.951080322265625	0.9515380859375	1.33331298828125E-06	-3.0548095703125E-07	-1.6387939453125E-06	1.26869804262242E-06	713664.4375	7.39399683880038E-06
112	169.187614572842	0.946044921875	0.94635009765625	1.3629150390625E-06	-4.08935546875E-07	-1.7718505859375E-06	1.28979468172474E-06	694357.375	7.46140267438022E-06
113	169.237614572716	0.941009521484375	0.94085693359375	1.396484375E-06	-5.24291992187501E-07	-1.9207763671875E-06	1.31389197122189E-06	673732.5625	7.5303878475097E-06
114	169.28761457259	0.93597412109375	0.936279296875	1.43341064453125E-06	-6.5032958984375E-07	-2.083740234375E-06	1.34207266455633E-06	653182.875	7.60113516662386E-06
115	169.337614572464	0.930938720703125	0.93109130859375	1.47491455078125E-06	-7.89489746093749E-07	-2.264404296875E-06	1.37328004257142E-06	631284.9375	7.67384335631505E-06
116	169.387614572337	0.9259033203125	0.9259033203125	1.52008056640625E-06	-9.3902587890625E-07	-2.4591064453125E-06	1.40744759846712E-06	609114.625	7.7487184171332E-06
117	169.437614572211	0.920867919921875	0.9210205078125	1.56829833984375E-06	-1.0986328125E-06	-2.66693115234375E-06	1.44443492899882E-06	587273.8125	7.82592724135611E-06
118	169.487614572085	0.91583251953125	0.9161376953125	1.617431640625E-06	-1.2646484375E-06	-2.882080078125E-06	1.48179003645055E-06	566415.125	7.90557078289567E-06
119	169.537614571959	0.910797119140625	0.9112548828125	1.6680908203125E-06	-1.43585205078125E-06	-3.10394287109375E-06	1.52005588915927E-06	546286.125	7.98770906840218E-06
120	169.587614571832	0.90576171875	0.90576171875	1.717529296875E-06	-1.60888671875E-06	-3.326416015625E-06	1.55567227011488E-06	527363.1875	8.07234937383328E-06
121	169.637614571706	0.900726318359375	0.90118408203125	1.76422119140625E-06	-1.7791748046875E-06	-3.54339599609375E-06	1.58988802922977E-06	510811.3125	8.15939347376116E-06
122	169.68761457158	0.89569091796875	0.89630126953125	1.80419921875E-06	-1.94305419921875E-06	-3.74725341796875E-06	1.61710602242238E-06	496786.1875	8.24860399006866E-06
123	169.737614571454	0.890655517578125	0.8905029296875	1.83624267578125E-06	-2.09716796875E-06	-3.93341064453125E-06	1.63517938744917E-06	484959.28125	8.33961439639097E-06
124	169.787614571327	0.8856201171875	0.8856201171875	1.85791015625E-06	-2.236328125E-06	-4.09423828125E-06	1.64540256264445E-06	476675.4375	8.4319681263878E-06
125	169.837614571201	0.880584716796875	0.880126953125	1.8670654296875E-06	-2.3583984375E-06	-4.2254638671875E-06	1.64325456353254E-06	471395.875	8.52509310789173E-06
126	169.887614571075	0.87554931640625	0.8758544921875	1.86065673828125E-06	-2.45849609375E-06	-4.31915283203125E-06	1.62966443895129E-06	470723.34375	8.6182863014983E-06
127	169.937614570949	0.870513916015625	0.870361328125	1.83929443359375E-06	-2.53326416015625E-06	-4.37255859375E-06	1.60085073730443E-06	473203.90625	8.71078464115271E-06
128	169.987614570823	0.865478515625	0.86578369140625	1.802978515625E-06	-2.5830078125E-06	-4.385986328125E-06	1.56098928982829E-06	480196.375	8.80184143170482E-06
129	170.037614570696	0.860443115234375	0.860595703125	1.75048828125E-06	-2.60528564453125E-06	-4.35577392578125E-06	1.50646258134657E-06	491631.8125	8.89067814568989E-06
130	170.08761457057	0.85540771484375	0.85540771484375	1.6839599609375E-06	-2.59918212890625E-06	-4.28314208984375E-06	1.44047226058319E-06	507973.90625	8.97653899301076E-06
131	170.137614570444	0.850372314453125	0.85052490234375	1.60552978515625E-06	-2.569580078125E-06	-4.17510986328125E-06	1.36554308483028E-06	529747.1875	9.05877641343977E-06
132	170.187614570318	0.8453369140625	0.8453369140625	1.51763916015625E-06	-2.51708984375E-06	-4.03472900390625E-06	1.28291640066891E-06	557007.875	9.13685562409228E-06
133	170.237614570191	0.840301513671875	0.8404541015625	1.42120361328125E-06	-2.4462890625E-06	-3.86749267578125E-06	1.19445644486404E-06	591367.8125	9.2103273345856E-06
134	170.287614570065	0.83526611328125	0.8349609375	1.32080078125E-06	-2.35992431640625E-06	-3.68072509765625E-06	1.10281700926862E-06	632162.6875	9.27887685975293E-06
135	170.337614569939	0.830230712890625	0.830078125	1.21795654296875E-06	-2.26409912109375E-06	-3.4820556640625E-06	1.01099908533797E-06	681533.4375	9.34234594751615E-06
136	170.387614569813	0.8251953125	0.8251953125	1.1163330078125E-06	-2.16278076171875E-06	-3.27911376953125E-06	9.21192793157388E-07	739201.75	9.40070276556071E-06
137	170.437614569686	0.820159912109375	0.82061767578125	1.016845703125E-06	-2.05963134765625E-06	-3.07647705078125E-06	8.3444149368006E-07	807022.875	9.45403280638857E-06
138	170.48761456956	0.81512451171875	0.81512451171875	9.24072265625001E-07	-1.95953369140625E-06	-2.88360595703125E-06	7.53233962313971E-07	882100.4375	9.50255525822286E-06
139	170.537614569434	0.810089111328125	0.810546875	8.3831787109375E-07	-1.86492919921875E-06	-2.7032470703125E-06	6.79495940403285E-07	966872.9375	9.54661572905025E-06
140	170.587614569308	0.8050537109375	0.8050537109375	7.62023925781249E-07	-1.778564453125E-06	-2.54058837890625E-06	6.1347014934654E-07	1056467.875	9.58662349148653E-06
141	170.637614569181	0.800018310546875	0.79986572265625	6.94580078125E-07	-1.70501708984375E-06	-2.39959716796875E-06	5.55570807136974E-07	1151581.75	9.62303874985082E-06
142	170.687614569055	0.79498291015625	0.79498291015625	6.35681152343751E-07	-1.63970947265625E-06	-2.275390625E-06	5.05355671975849E-07	1250600.125	9.65629533311585E-06
143	170.737614568929	0.789947509765625	0.7904052734375	5.9051513671875E-07	-1.58660888671875E-06	-2.1771240234375E-06	4.66746257643536E-07	1338501.25	9.68695076153381E-06
144	170.787614568803	0.784912109375	0.784912109375	5.56030273437499E-07	-1.546630859375E-06	-2.1026611328125E-06	4.36434902439942E-07	1411635.625	9.71561439655488E-06
145	170.837614568676	0.779876708984375	0.780029296875	5.3070068359375E-07	-1.5203857421875E-06	-2.05108642578125E-06	4.13962084166997E-07	1469810.25	9.74278191279154E-06
146	170.88761456855	0.77484130859375	0.775146484375	5.1605224609375E-07	-1.50909423828125E-06	-2.025146484375E-06	4.00016091361977E-07	1502069.75	9.76895080384566E-06
147	170.937614568424	0.769805908203125	0.7696533203125	5.10253906249999E-07	-1.51031494140625E-06	-2.02056884765625E-06	3.92718590092045E-07	1508373.375	9.79460855887737E-06
148	170.987614568298	0.7647705078125	0.765380859375	5.1239013671875E-07	-1.5264892578125E-06	-2.03887939453125E-06	3.92173575392007E-07	1493746.375	9.82017536443891E-06
149	171.037614568172	0.759735107421875	0.7598876953125	5.22460937499999E-07	-1.5557861328125E-06	-2.0782470703125E-06	3.97011632458089E-07	1454439.25	9.84604594123084E-06
150	171.087614568045	0.75469970703125	0.75469970703125	5.3985595703125E-07	-1.5972900390625E-06	-2.13714599609375E-06	4.07429126880743E-07	1397965	9.87260409601731E-06
151	171.137614567919	0.749664306640625	0.7496337890625	5.63964843750001E-07	-1.65069580078125E-06	-2.21466064453125E-06	4.22767072905117E-07	1329220.875	9.90019998425851E-06
152	171.187614567793	0.74462890625	0.744537353515625	5.902099609375E-07	-1.71356201171875E-06	-2.30377197265625E-06	4.3943333594143E-07	1261478.875	9.92905370367225E-06
153	171.237614567667	0.739593505859375	0.739501953125	6.201171875E-07	-1.7822265625E-06	-2.40234375E-06	4.58577886774947E-07	1192519.625	9.95931259240024E-06
154	171.28761456754	0.73455810546875	0.7344970703125	6.52160644531249E-07	-1.8560791015625E-06	-2.50823974609375E-06	4.79010054732498E-07	1126251.75	9.99111944111064E-06
155	171.337614567414	0.729522705078125	0.729461669921875	6.84204101562499E-07	-1.9305419921875E-06	-2.61474609375E-06	4.99100679007825E-07	1066146.25	1.00245279099909E-05
156	171.387614567288	0.7244873046875	0.72442626953125	7.1380615234375E-07	-2.00286865234375E-06	-2.7166748046875E-06	5.17099920216424E-07	1014878.1875	1.00594788818853E-05
157	171.437614567162	0.719451904296875	0.719390869140625	7.3883056640625E-07	-2.0684814453125E-06	-2.80731201171875E-06	5.31507907908235E-07	973688.625	1.00957940958324E-05
158	171.487614567035	0.71441650390625	0.714385986328125	7.5836181640625E-07	-2.125244140625E-06	-2.88360595703125E-06	5.41763029104914E-07	942012.0625	1.01332243502839E-05
159	171.537614566909	0.709381103515625	0.709320068359375	7.6934814453125E-07	-2.17010498046875E-06	-2.939453125E-06	5.45714044619672E-07	921975.4375	1.01714167612954E-05
160	171.587614566783	0.704345703125	0.704315185546875	7.7178955078125E-07	-2.19970703125E-06	-2.97149658203125E-06	5.43583098533418E-07	912574.1875	1.02099456853466E-05
161	171.637614566657	0.699310302734375	0.69927978515625	7.62329101562501E-07	-2.213134765625E-06	-2.9754638671875E-06	5.33081333742302E-07	917293.875	1.02482981674257E-05
162	171.68761456653	0.69427490234375	0.694244384765625	7.42492675781251E-07	-2.20977783203125E-06	-2.9522705078125E-06	5.15471356266062E-07	935018.5	1.02859185062698E-05
163	171.737614566404	0.689239501953125	0.689178466796875	7.122802734375E-07	-2.18902587890625E-06	-2.90130615234375E-06	4.90888226067909E-07	967566.4375	1.0322288289899E-05
164	171.787614566278	0.6842041015625	0.68414306640625	6.7169189453125E-07	-2.1514892578125E-06	-2.82318115234375E-06	4.59533310959159E-07	1018537.125	1.03568872873439E-05
165	171.837614566152	0.679168701171875	0.6790771484375	6.2225341796875E-07	-2.1002197265625E-06	-2.72247314453125E-06	4.22558088075675E-07	1091319.25	1.03892361948965E-05
166	171.887614566025	0.67413330078125	0.674041748046875	5.65490722656251E-07	-2.037353515625E-06	-2.60284423828125E-06	3.81164369400722E-07	1191959	1.041892937792E-05
167	171.937614565899	0.669097900390625	0.669036865234375	5.047607421875E-07	-1.96533203125E-06	-2.4700927734375E-06	3.37703539798895E-07	1325453.375	1.04456858025515E-05
168	171.987614565773	0.6640625	0.6640625	4.40368652343751E-07	-1.8865966796875E-06	-2.32696533203125E-06	2.9243230414977E-07	1507969.5	1.04693144749035E-05
169	172.037614565647	0.659027099609375	0.658966064453125	3.753662109375E-07	-1.80389404296875E-06	-2.17926025390625E-06	2.47353597160327E-07	1755528.5	1.04897080746014E-05
170	172.087614565521	0.65399169921875	0.653961181640625	3.12194824218751E-07	-1.72088623046875E-06	-2.0330810546875E-06	2.04163299599713E-07	2094721.375	1.05068966149702E-05
171	172.137614565394	0.648956298828125	0.64892578125	2.520751953125E-07	-1.636962890625E-06	-1.8890380859375E-06	1.63578079082072E-07	2574334.25	1.05210037872894E-05
172	172.187614565268	0.6439208984375	0.6439208984375	1.971435546875E-07	-1.55548095703125E-06	-1.75262451171875E-06	1.26944854628164E-07	3266254	1.05322342278669E-05
173	172.237614565142	0.638885498046875	0.638824462890625	1.46484375E-07	-1.47857666015625E-06	-1.62506103515625E-06	9.35777961785789E-08	4361042	1.05408244053251E-05
174	172.287614565016	0.63385009765625	0.633758544921875	1.0223388671875E-07	-1.405029296875E-06	-1.50726318359375E-06	6.4791599641012E-08	6199104.5	1.05470426206011E-05
175	172.337614564889	0.628814697265625	0.628753662109375	6.43920898437497E-08	-1.33636474609375E-06	-1.4007568359375E-06	4.04867606107473E-08	9764455	1.05512081063353E-05
176	172.387614564763	0.623779296875	0.62371826171875	3.23486328124997E-08	-1.2725830078125E-06	-1.304931640625E-06	2.01764311924535E-08	19281134	1.05536264527473E-05
177	172.437614564637	0.618743896484375	0.618743896484375	6.40869140624972E-09	-1.21429443359375E-06	-1.220703125E-06	3.96533872404348E-09	96547616	1.05545959740994E-05
178	172.487614564511	0.61370849609375	0.613739013671875	-1.40380859374997E-08	-1.16058349609375E-06	-1.14654541015625E-06	-8.61572058141746E-09	-43719568	1.0554404980212E-05
179	172.537614564384	0.608673095703125	0.608612060546875	-2.96020507812494E-08	-1.1114501953125E-06	-1.08184814453125E-06	-1.80161645602084E-08	-20559794	1.05533135865699E-05
180	172.587614564258	0.6036376953125	0.60357666015625	-4.05883789062506E-08	-1.06689453125E-06	-1.02630615234375E-06	-2.44981990249471E-08	-14870677	1.05515591712901E-05
181	172.637614564132	0.598602294921875	0.598602294921875	-4.82177734375006E-08	-1.02630615234375E-06	-9.7808837890625E-07	-2.88632691081148E-08	-12414558	1.05493390947231E-05
182	172.687614564006	0.59356689453125	0.59356689453125	-5.24902343749994E-08	-9.9029541015625E-07	-9.37805175781251E-07	-3.11564640753659E-08	-11308140	1.05468216133886E-05
183	172.737614563879	0.588531494140625	0.588531494140625	-5.40161132812494E-08	-9.5703125E-07	-9.0301513671875E-07	-3.17901829305356E-08	-10895480	1.05441586129018E-05
184	172.787614563753	0.58349609375	0.58343505859375	-5.37109374999997E-08	-9.2742919921875E-07	-8.73718261718751E-07	-3.13368424542659E-08	-10862501	1.05414655990899E-05
185	172.837614563627	0.578460693359375	0.57843017578125	-5.15747070312503E-08	-9.0087890625E-07	-8.49304199218749E-07	-2.98323641345632E-08	-11215385	1.05388335214229E-05
186	172.887614563501	0.57342529296875	0.57342529296875	-4.85229492187503E-08	-8.7615966796875E-07	-8.2763671875E-07	-2.78242868745338E-08	-11817610	1.05363305920037E-05
187	172.937614563374	0.568389892578125	0.56842041015625	-4.48608398437494E-08	-8.55102539062499E-07	-8.1024169921875E-07	-2.54998173687682E-08	-12670748	1.05339959191042E-05
188	172.987614563248	0.5633544921875	0.56341552734375	-3.96728515625E-08	-8.349609375E-07	-7.952880859375E-07	-2.23523013431759E-08	-14201538	1.0531883162912E-05
189	173.037614563122	0.558319091796875	0.55828857421875	-3.38745117187497E-08	-8.1787109375E-07	-7.8399658203125E-07	-1.89117521642856E-08	-16481082	1.0530044164625E-05
190	173.087614562996	0.55328369140625	0.55328369140625	-2.83813476562506E-08	-8.0169677734375E-07	-7.73315429687499E-07	-1.57029358405225E-08	-19494624	1.05284880191903E-05
191	173.13761456287	0.548248291015625	0.54827880859375	-2.19726562499994E-08	-7.8704833984375E-07	-7.65075683593751E-07	-1.204714106251E-08	-24952780	1.0527229278523E-05
192	173.187614562743	0.543212890625	0.543243408203125	-1.58691406249994E-08	-7.7362060546875E-07	-7.57751464843751E-07	-8.62080629104867E-09	-34232692	1.05262834040332E-05
193	173.237614562617	0.538177490234375	0.53814697265625	-9.46044921874972E-09	-7.62023925781249E-07	-7.525634765625E-07	-5.09111197644074E-09	-56883872	1.0525649486226E-05
194	173.287614562491	0.53314208984375	0.53314208984375	-3.66210937499945E-09	-7.5103759765625E-07	-7.4737548828125E-07	-1.9524246663849E-09	-145583344	1.05253220681334E-05
195	173.337614562365	0.528106689453125	0.528106689453125	3.35693359374972E-09	-7.40966796875001E-07	-7.4432373046875E-07	1.77281900270998E-09	157318192	1.05253138826811E-05
196	173.387614562238	0.5230712890625	0.523101806640625	9.46044921874972E-09	-7.3150634765625E-07	-7.40966796874999E-07	4.94877827605933E-09	55293548	1.05256349343108E-05
197	173.437614562112	0.518035888671875	0.518035888671875	1.55639648437497E-08	-7.232666015625E-07	-7.3883056640625E-07	8.06269184749908E-09	33284314	1.05262597571709E-05
198	173.487614561986	0.51300048828125	0.512969970703125	2.10571289062503E-08	-7.15026855468751E-07	-7.36083984375001E-07	1.08016742217387E-08	24360872	1.05271756183356E-05
199	173.53761456186	0.507965087890625	0.5079345703125	2.68554687500006E-08	-7.07397460937501E-07	-7.34252929687501E-07	1.364082091726E-08	18913636	1.05283734228578E-05
200	173.587614561733	0.5029296875	0.502899169921875	3.32641601562503E-08	-7.00988769531249E-07	-7.342529296875E-07	1.67285172381071E-08	15118350	1.05298768175999E-05
201	173.637614561607	0.497894287109375	0.49786376953125	3.814697265625E-08	-6.95190429687501E-07	-7.33337402343751E-07	1.89919955317919E-08	13051200	1.05316621556995E-05
202	173.687614561481	0.49285888671875	0.4927978515625	4.39453125000003E-08	-6.8939208984375E-07	-7.33337402343751E-07	2.16561559795991E-08	11213889	1.05337139757467E-05
203	173.737614561355	0.487823486328125	0.48779296875	4.91333007812497E-08	-6.84204101562499E-07	-7.33337402343749E-07	2.39668782597846E-08	9927951	1.05360413726885E-05
204	173.787614561228	0.4827880859375	0.482757568359375	5.40161132812494E-08	-6.79931640625001E-07	-7.3394775390625E-07	2.60766874760066E-08	8937288	1.0538619790168E-05
205	173.837614561102	0.477752685546875	0.477752685546875	5.92041015625003E-08	-6.756591796875E-07	-7.34863281250001E-07	2.82849175192723E-08	8069587.5	1.05414501376799E-05
206	173.887614560976	0.47271728515625	0.472747802734375	6.46972656249994E-08	-6.719970703125E-07	-7.36694335937499E-07	3.05854896964775E-08	7307076	1.05445478766342E-05
207	173.93761456085	0.467681884765625	0.467681884765625	6.92749023437495E-08	-6.683349609375E-07	-7.37609863281249E-07	3.23986171224533E-08	6751101	1.05478966361261E-05
208	173.987614560724	0.462646484375	0.462677001953125	7.41577148437506E-08	-6.65283203125E-07	-7.39440917968751E-07	3.43110677647473E-08	6239095	1.05514827737352E-05
209	174.037614560597	0.457611083984375	0.45758056640625	7.87353515625006E-08	-6.622314453125E-07	-7.40966796875001E-07	3.60277638833395E-08	5811628	1.05553053799667E-05
210	174.087614560471	0.45257568359375	0.452606201171875	8.36181640625003E-08	-6.5948486328125E-07	-7.4310302734375E-07	3.78460995875685E-08	5412774	1.05593644548208E-05
211	174.137614560345	0.447540283203125	0.447540283203125	8.78906250000006E-08	-6.573486328125E-07	-7.45239257812501E-07	3.93345942484302E-08	5092014	1.05636518128449E-05
212	174.187614560219	0.4425048828125	0.442474365234375	9.27734375000003E-08	-6.549072265625E-07	-7.476806640625E-07	4.10498657288372E-08	4769408	1.05681683635339E-05
213	174.237614560092	0.437469482421875	0.4375	9.67407226562494E-08	-6.5277099609375E-07	-7.4951171875E-07	4.23240642533074E-08	4522397.5	1.05729059214354E-05
214	174.287614559966	0.43243408203125	0.43243408203125	1.01318359374999E-07	-6.4971923828125E-07	-7.5103759765625E-07	4.3813511041435E-08	4268072.5	1.05778581200866E-05
215	174.33761455984	0.427398681640625	0.42742919921875	1.0498046875E-07	-6.48193359375E-07	-7.53173828125001E-07	4.48717152323752E-08	4071511.75	1.05830149550457E-05
216	174.387614559714	0.42236328125	0.42236328125	1.0833740234375E-07	-6.4605712890625E-07	-7.5439453125E-07	4.5757740707586E-08	3898591.5	1.05883482319769E-05
217	174.437614559587	0.417327880859375	0.417327880859375	1.1138916015625E-07	-6.4361572265625E-07	-7.550048828125E-07	4.64858018744962E-08	3746575.5	1.05938415799756E-05
218	174.487614559461	0.41229248046875	0.41229248046875	1.15356445312501E-07	-6.4117431640625E-07	-7.5653076171875E-07	4.75605936856027E-08	3574074.25	1.0599509550957E-05
219	174.537614559335	0.407257080078125	0.407257080078125	1.18103027343749E-07	-6.390380859375E-07	-7.5714111328125E-07	4.80982933481755E-08	3448320.5	1.0605346687953E-05
220	174.587614559209	0.4022216796875	0.402252197265625	1.21459960937501E-07	-6.3629150390625E-07	-7.57751464843751E-07	4.88575366830446E-08	3311809	1.06113357105642E-05
221	174.637614559082	0.397186279296875	0.397216796875	1.24511718750001E-07	-6.3446044921875E-07	-7.58972167968751E-07	4.94581442467279E-08	3190196.25	1.06174848042428E-05
222	174.687614558956	0.39215087890625	0.392181396484375	1.27258300781249E-07	-6.32324218749999E-07	-7.59582519531249E-07	4.99083405713918E-08	3081774.5	1.06237794170738E-05
223	174.73761455883	0.387115478515625	0.387054443359375	1.2969970703125E-07	-6.304931640625E-07	-7.6019287109375E-07	5.02008461467085E-08	2984235.5	1.06302031781524E-05
224	174.787614558704	0.382080078125	0.382110595703125	1.33056640625E-07	-6.28662109375E-07	-7.6171875E-07	5.08423489975485E-08	2871789.25	1.06367715488886E-05
225	174.837614558577	0.377044677734375	0.37701416015625	1.3580322265625E-07	-6.2713623046875E-07	-7.62939453125E-07	5.11997377827811E-08	2776179.75	1.06434936242294E-05
226	174.887614558451	0.37200927734375	0.371978759765625	1.3885498046875E-07	-6.256103515625E-07	-7.6446533203125E-07	5.16510993975317E-08	2678901.25	1.06503593997331E-05
227	174.937614558325	0.366973876953125	0.36700439453125	1.40991210937499E-07	-6.2408447265625E-07	-7.65075683593749E-07	5.17443901060233E-08	2603030.5	1.06573561424739E-05
228	174.987614558199	0.3619384765625	0.3619384765625	1.44042968749999E-07	-6.23474121093751E-07	-7.6751708984375E-07	5.213469478349E-08	2512711.75	1.06644820334623E-05
229	175.037614558073	0.356903076171875	0.356903076171875	1.47705078125E-07	-6.2286376953125E-07	-7.7056884765625E-07	5.27163983576884E-08	2416322.25	1.06717752714758E-05
230	175.087614557946	0.35186767578125	0.351898193359375	1.50146484374999E-07	-6.21948242187501E-07	-7.720947265625E-07	5.28362740226385E-08	2343699.25	1.06792222140939E-05
231	175.13761455782	0.346832275390625	0.346832275390625	1.53503417968751E-07	-6.21337890625E-07	-7.7484130859375E-07	5.32399369035375E-08	2259443.5	1.06868128568749E-05
232	175.187614557694	0.341796875	0.341827392578125	1.568603515625E-07	-6.2103271484375E-07	-7.7789306640625E-07	5.36191642197537E-08	2179182.75	1.06945717561757E-05
233	175.237614557568	0.336761474609375	0.336822509765625	1.59912109375E-07	-6.207275390625E-07	-7.80639648437501E-07	5.38619957524133E-08	2106297.75	1.07024916360388E-05
234	175.287614557441	0.33172607421875	0.331756591796875	1.63879394531249E-07	-6.20422363281251E-07	-7.843017578125E-07	5.43680691578174E-08	2024394.875	1.07105861388845E-05
235	175.337614557315	0.326690673828125	0.32666015625	1.67236328125001E-07	-6.20422363281251E-07	-7.87658691406251E-07	5.46294423031668E-08	1953284.75	1.07188643596601E-05
236	175.387614557189	0.3216552734375	0.321685791015625	1.708984375E-07	-6.207275390625E-07	-7.916259765625E-07	5.4975597407747E-08	1882321.5	1.07273172034184E-05
237	175.437614557063	0.316619873046875	0.316650390625	1.74865722656251E-07	-6.21337890625E-07	-7.9620361328125E-07	5.53712986572918E-08	1810820.25	1.07359619505587E-05
238	175.487614556936	0.31158447265625	0.311614990234375	1.77612304687499E-07	-6.21643066406249E-07	-7.99255371093749E-07	5.53466570352157E-08	1754467.375	1.07447731352295E-05
239	175.53761455681	0.306549072265625	0.30657958984375	1.8157958984375E-07	-6.2255859375E-07	-8.0413818359375E-07	5.56685932906476E-08	1688403.5	1.07537534859148E-05
240	175.587614556684	0.301513671875	0.301483154296875	1.85241699218749E-07	-6.23474121093751E-07	-8.087158203125E-07	5.58472486034134E-08	1627512.5	1.07629239209928E-05
241	175.637614556558	0.296478271484375	0.296478271484375	1.8890380859375E-07	-6.243896484375E-07	-8.1329345703125E-07	5.60058701637445E-08	1569467	1.07722771645058E-05
242	175.687614556431	0.29144287109375	0.291473388671875	1.92871093749999E-07	-6.2591552734375E-07	-8.18786621093749E-07	5.62167876694275E-08	1511234.25	1.07818223114009E-05
243	175.737614556305	0.286407470703125	0.286407470703125	1.9683837890625E-07	-6.2774658203125E-07	-8.245849609375E-07	5.63759812166609E-08	1455038.875	1.07915648186463E-05
244	175.787614556179	0.2813720703125	0.281402587890625	2.00500488281249E-07	-6.298828125E-07	-8.3038330078125E-07	5.64213529230528E-08	1403500.875	1.08014983197791E-05
245	175.837614556053	0.276336669921875	0.276275634765625	2.0477294921875E-07	-6.317138671875E-07	-8.3648681640625E-07	5.65737749980144E-08	1349180.375	1.08116300907568E-05
246	175.887614555926	0.27130126953125	0.27130126953125	2.08435058593751E-07	-6.33850097656249E-07	-8.4228515625E-07	5.65486963921558E-08	1301610.625	1.08219601315795E-05
247	175.9376145558	0.266265869140625	0.26629638671875	2.1240234375E-07	-6.3629150390625E-07	-8.4869384765625E-07	5.65619764358871E-08	1253735.625	1.08324811662897E-05
248	175.987614555674	0.26123046875	0.26123046875	2.17590332031251E-07	-6.396484375E-07	-8.5723876953125E-07	5.68412232837545E-08	1200561	1.08432304841699E-05
249	176.037614555548	0.256195068359375	0.256256103515625	2.215576171875E-07	-6.4208984375E-07	-8.636474609375E-07	5.67754909752693E-08	1156611.625	1.08542099042097E-05
250	176.087614555422	0.25115966796875	0.251220703125	2.2552490234375E-07	-6.4666748046875E-07	-8.72192382812501E-07	5.6656524805021E-08	1113937.75	1.08653866845998E-05
251	176.137614555295	0.246124267578125	0.24615478515625	2.3040771484375E-07	-6.50634765624999E-07	-8.81042480468749E-07	5.67159581521537E-08	1068344.375	1.08767853816971E-05
252	176.187614555169	0.2410888671875	0.2410888671875	2.34375000000001E-07	-6.55517578125001E-07	-8.89892578125001E-07	5.65052005185862E-08	1028645.875	1.08884041765123E-05
253	176.237614555043	0.236053466796875	0.236114501953125	2.38952636718751E-07	-6.610107421875E-07	-8.9996337890625E-07	5.64201805275388E-08	988122.6875	1.0900237612077E-05
254	176.287614554917	0.23101806640625	0.231048583984375	2.4383544921875E-07	-6.6680908203125E-07	-9.1064453125E-07	5.63378357298916E-08	947559.4375	1.09123075162643E-05
255	176.33761455479	0.225982666015625	0.22601318359375	2.49633789062501E-07	-6.73522949218749E-07	-9.2315673828125E-07	5.64205251407657E-08	905379	1.09246439023991E-05
256	176.387614554664	0.220947265625	0.220977783203125	2.55126953125E-07	-6.805419921875E-07	-9.356689453125E-07	5.6377384538564E-08	866148.375	1.09372631413862E-05
257	176.437614554538	0.215911865234375	0.215911865234375	2.606201171875E-07	-6.89697265625E-07	-9.503173828125E-07	5.62709736584566E-08	828454.375	1.09501570477732E-05
258	176.487614554412	0.21087646484375	0.2109375	2.67333984375E-07	-6.99768066406251E-07	-9.6710205078125E-07	5.63907605055647E-08	789041.125	1.09633556348854E-05
259	176.537614554285	0.205841064453125	0.205902099609375	2.734375E-07	-7.1136474609375E-07	-9.84802246093749E-07	5.63013493604103E-08	753013.4375	1.09768752736272E-05
260	176.587614554159	0.2008056640625	0.200927734375	2.80151367187501E-07	-7.2509765625E-07	-1.0052490234375E-06	5.62901796286042E-08	717211.3125	1.09907150545041E-05
261	176.637614554033	0.195770263671875	0.195770263671875	2.87780761718751E-07	-7.40966796875001E-07	-1.02874755859375E-06	5.63389122021363E-08	680275.75	1.10049131762935E-05
262	176.687614553907	0.19073486328125	0.190765380859375	2.9571533203125E-07	-7.58972167968749E-07	-1.0546875E-06	5.64122473178941E-08	645098.0625	1.10195005618152E-05
263	176.73761455378	0.185699462890625	0.185638427734375	3.0517578125E-07	-7.80334472656249E-07	-1.08551025390625E-06	5.66523503664484E-08	608300	1.10345226858044E-05
264	176.787614553654	0.1806640625	0.180694580078125	3.15246582031251E-07	-8.056640625E-07	-1.12091064453125E-06	5.69633478164633E-08	573184.875	1.10500332084484E-05
265	176.837614553528	0.175628662109375	0.1756591796875	3.265380859375E-07	-8.35571289062501E-07	-1.162109375E-06	5.73594114428033E-08	537943.9375	1.10660776044824E-05
266	176.887614553402	0.17059326171875	0.170623779296875	3.3905029296875E-07	-8.7005615234375E-07	-1.2091064453125E-06	5.7850037649132E-08	503240.34375	1.10827177195461E-05
267	176.937614553275	0.165557861328125	0.165618896484375	3.53393554687501E-07	-9.112548828125E-07	-1.2646484375E-06	5.8528648594347E-08	468652.875	1.11000290416996E-05
268	176.987614553149	0.1605224609375	0.16058349609375	3.70178222656251E-07	-9.59167480468751E-07	-1.329345703125E-06	5.94445133117461E-08	433800.5	1.11181179818232E-05
269	177.037614553023	0.155487060546875	0.155487060546875	3.887939453125E-07	-1.0150146484375E-06	-1.40380859375E-06	6.04524217351354E-08	399921.53125	1.11370918602915E-05
270	177.087614552897	0.15045166015625	0.150482177734375	4.1015625E-07	-1.08062744140625E-06	-1.49078369140625E-06	6.17212023712455E-08	366889.875	1.11570661829319E-05
271	177.137614552771	0.145416259765625	0.145355224609375	4.34265136718751E-07	-1.15692138671875E-06	-1.5911865234375E-06	6.31227052849681E-08	334715.40625	1.11781764644547E-05
272	177.187614552644	0.140380859375	0.140411376953125	4.6234130859375E-07	-1.24481201171875E-06	-1.7071533203125E-06	6.49179767719943E-08	303696.375	1.12005918708746E-05
273	177.237614552518	0.135345458984375	0.135406494140625	4.94995117187499E-07	-1.346435546875E-06	-1.8414306640625E-06	6.70255531076691E-08	273551.1875	1.12245252239518E-05
274	177.287614552392	0.13031005859375	0.13043212890625	5.31005859375E-07	-1.46209716796875E-06	-1.99310302734375E-06	6.92602242224893E-08	245632.1875	1.12501747935312E-05
275	177.337614552266	0.125274658203125	0.12530517578125	5.73120117187501E-07	-1.59454345703125E-06	-2.16766357421875E-06	7.18149095746412E-08	218636.859375	1.127777795773E-05
276	177.387614552139	0.1202392578125	0.120269775390625	6.195068359375E-07	-1.74285888671875E-06	-2.36236572265625E-06	7.45079447028729E-08	194137.9375	1.13075939225382E-05
277	177.437614552013	0.115203857421875	0.115234375	6.7169189453125E-07	-1.90826416015625E-06	-2.5799560546875E-06	7.74019923710512E-08	171558.390625	1.13398737084935E-05
278	177.487614551887	0.11016845703125	0.11016845703125	7.2906494140625E-07	-2.09075927734375E-06	-2.81982421875E-06	8.03199569077151E-08	151109.25	1.13748928924906E-05
279	177.537614551761	0.105133056640625	0.105255126953125	7.9071044921875E-07	-2.29034423828125E-06	-3.0810546875E-06	8.32263253869314E-08	133114.625	1.14128870336572E-05
280	177.587614551634	0.10009765625	0.100128173828125	8.5784912109375E-07	-2.5048828125E-06	-3.36273193359375E-06	8.58948610016341E-08	116720.03125	1.14541016955627E-05
281	177.637614551508	0.095062255859375	0.095123291015625	9.2742919921875E-07	-2.72918701171875E-06	-3.6566162109375E-06	8.82201192098364E-08	102566.6328125	1.14987333290628E-05
282	177.687614551382	0.09002685546875	0.090057373046875	1.002197265625E-06	-2.96844482421875E-06	-3.97064208984375E-06	9.02552486081731E-08	89859.9296875	1.15469738375396E-05
283	177.737614551256	0.084991455078125	0.085052490234375	1.07330322265625E-06	-3.216552734375E-06	-4.28985595703125E-06	9.12871129798987E-08	79243.671875	1.15988614197704E-05
284	177.787614551129	0.0799560546875	0.08001708984375	1.13983154296875E-06	-3.4686279296875E-06	-4.60845947265625E-06	9.12059974211843E-08	70200.8046875	1.16541896204581E-05
285	177.837614551003	0.074920654296875	0.074981689453125	1.199951171875E-06	-3.71826171875E-06	-4.918212890625E-06	8.99743639592998E-08	62487.28515625	1.17126846816973E-05
286	177.887614550877	0.06988525390625	0.069976806640625	1.2493896484375E-06	-3.96453857421875E-06	-5.21392822265625E-06	8.74282903851054E-08	56008.796875	1.17739182314835E-05
287	177.937614550751	0.064849853515625	0.06488037109375	1.2860107421875E-06	-4.20013427734375E-06	-5.48614501953125E-06	8.34368520941098E-08	50450.87890625	1.18373027362395E-05
288	177.987614550624	0.059814453125	0.059783935546875	1.30615234375E-06	-4.4189453125E-06	-5.72509765625E-06	7.80869271466145E-08	45771.03125	1.19021069622249E-05
289	178.037614550498	0.054779052734375	0.054779052734375	1.30828857421875E-06	-4.6173095703125E-06	-5.92559814453125E-06	7.16668111522267E-08	41870.7734375	1.19674677989678E-05
290	178.087614550372	0.04974365234375	0.04981689453125	1.28509521484375E-06	-4.791259765625E-06	-6.07635498046875E-06	6.40194528500615E-08	38765.140625	1.20323029477731E-05
291	178.137614550246	0.044708251953125	0.0447845458984375	1.24969482421875E-06	-4.931640625E-06	-6.18133544921875E-06	5.59670141342394E-08	35836.38671875	1.20956719911192E-05
292	178.18761455012	0.0396728515625	0.0397247314453125	1.18804931640625E-06	-5.035400390625E-06	-6.22344970703125E-06	4.71949377356395E-08	33436.9375	1.21566163215903E-05
293	178.237614549993	0.034637451171875	0.03466796875	1.107177734375E-06	-5.1025390625E-06	-6.209716796875E-06	3.83836002981752E-08	31312.01953125	1.22139963423251E-05
294	178.287614549867	0.02960205078125	0.02965087890625	1.00860595703125E-06	-5.126953125E-06	-6.13555908203125E-06	2.99060545216889E-08	29397.880859375	1.22668907351908E-05
295	178.337614549741	0.024566650390625	0.0246185302734375	8.9599609375E-07	-5.1116943359375E-06	-6.0076904296875E-06	2.20581064525049E-08	27476.158203125	1.23145064208074E-05
296	178.387614549615	0.01953125	0.0195953369140625	7.6904296875E-07	-5.0567626953125E-06	-5.8258056640625E-06	1.50696557454921E-08	25480.158203125	1.23561321743182E-05
297	178.437614549488	0.014495849609375	0.0145538330078125	6.32629394531251E-07	-4.9652099609375E-06	-5.59783935546875E-06	9.20718257191311E-09	23005.306640625	1.23911740956828E-05
298	178.487614549362	0.00946044921875	0.0095367431640625	4.901123046875E-07	-4.840087890625E-06	-5.3302001953125E-06	4.67407534898712E-09	19458.28125	1.24192429211689E-05
299	178.537614549236	0.004425048828125	0.0045013427734375	3.43017578125E-07	-4.6905517578125E-06	-5.0335693359375E-06	1.54403967389527E-09	13122.7763671875	1.24400703498395E-05
300	178.58761454911	-0.0006103515625	-0.000537109374999997	1.94396972656249E-07	-4.5257568359375E-06	-4.72015380859375E-06	-1.0441243009085E-10	-2762.95166015625	1.24535063150688E-05
301	178.637614548983	-0.005645751953125	-0.0055694580078125	4.57763671875E-08	-4.345703125E-06	-4.3914794921875E-06	-2.54949561462325E-10	-121666.6640625	1.24595107990899E-05
302	178.687614548857	-0.01068115234375	-0.010614013671875	-9.42993164062503E-08	-4.16107177734375E-06	-4.0667724609375E-06	1.0008942563644E-09	112556.6328125	1.24582975331577E-05
303	178.737614548731	-0.015716552734375	-0.015643310546875	-2.26440429687499E-07	-3.9764404296875E-06	-3.75E-06	3.54227758236902E-09	69083.5546875	1.24502785183722E-05
304	178.787614548605	-0.020751953125	-0.0206573486328125	-3.4820556640625E-07	-3.7969970703125E-06	-3.44879150390625E-06	7.19300397022948E-09	59325.15625	1.24359130495577E-05
305	178.837614548478	-0.025787353515625	-0.0256866455078125	-4.5806884765625E-07	-3.6279296875E-06	-3.16986083984375E-06	1.17662519727446E-08	56075.953125	1.24157559184823E-05
306	178.887614548352	-0.03082275390625	-0.0306793212890625	-5.5511474609375E-07	-3.470458984375E-06	-2.91534423828125E-06	1.7030544086083E-08	55266.62890625	1.23904264910379E-05
307	178.937614548226	-0.035858154296875	-0.0357025146484375	-6.3934326171875E-07	-3.323974609375E-06	-2.68463134765625E-06	2.28261622936543E-08	55842.484375	1.23605650514946E-05
308	178.9876145481	-0.0408935546875	-0.0407501220703125	-7.10449218750001E-07	-3.1915283203125E-06	-2.4810791015625E-06	2.89508932382887E-08	57358.25	1.23268200695748E-05
309	179.037614547973	-0.045928955078125	-0.04580078125	-7.6873779296875E-07	-3.0718994140625E-06	-2.30316162109375E-06	3.52087923261024E-08	59579.203125	1.22898400150007E-05
310	179.087614547847	-0.05096435546875	-0.050872802734375	-8.123779296875E-07	-2.965087890625E-06	-2.1527099609375E-06	4.13279401811906E-08	62622.08984375	1.22503124657669E-05
311	179.137614547721	-0.055999755859375	-0.05596923828125	-8.50830078125001E-07	-2.87078857421875E-06	-2.01995849609375E-06	4.76203112498297E-08	65781.921875	1.22087321869913E-05
312	179.187614547595	-0.06103515625	-0.060943603515625	-8.77685546875E-07	-2.786865234375E-06	-1.9091796875E-06	5.34893196402209E-08	69436.71875	1.21655193652259E-05
313	179.237614547469	-0.066070556640625	-0.065948486328125	-8.96301269531249E-07	-2.71331787109375E-06	-1.8170166015625E-06	5.91097091273696E-08	73578.484375	1.21211696750834E-05
314	179.287614547342	-0.07110595703125	-0.071075439453125	-9.0850830078125E-07	-2.6495361328125E-06	-1.74102783203125E-06	6.45726245807055E-08	78233.1171875	1.20760496429284E-05
315	179.337614547216	-0.076141357421875	-0.076080322265625	-9.14916992187501E-07	-2.59307861328125E-06	-1.67816162109375E-06	6.9607182240361E-08	83155.4375	1.20304639494861E-05
316	179.38761454709	-0.0811767578125	-0.081146240234375	-9.17663574218749E-07	-2.542724609375E-06	-1.62506103515625E-06	7.44649497619321E-08	88427.0078125	1.1984649063379E-05
317	179.437614546964	-0.086212158203125	-0.086181640625	-9.161376953125E-07	-2.5006103515625E-06	-1.58447265625E-06	7.89542440315927E-08	94070.625	1.19388041639468E-05
318	179.487614546837	-0.09124755859375	-0.091094970703125	-9.124755859375E-07	-2.4639892578125E-06	-1.551513671875E-06	8.31219324481935E-08	99832.78125	1.18930893222569E-05
319	179.537614546711	-0.096282958984375	-0.09613037109375	-9.0606689453125E-07	-2.4310302734375E-06	-1.52496337890625E-06	8.71005454428087E-08	106096.328125	1.18476255011046E-05
320	179.587614546585	-0.101318359375	-0.101226806640625	-8.9874267578125E-07	-2.403564453125E-06	-1.50482177734375E-06	9.09768473889017E-08	112631.578125	1.18025054689497E-05
321	179.637614546459	-0.106353759765625	-0.106231689453125	-8.9019775390625E-07	-2.37945556640625E-06	-1.4892578125E-06	9.45672056218427E-08	119334.9375	1.17577819764847E-05
322	179.687614546332	-0.11138916015625	-0.111236572265625	-8.81042480468749E-07	-2.35931396484375E-06	-1.478271484375E-06	9.80041434672785E-08	126255.6328125	1.17135004984448E-05
323	179.737614546206	-0.116424560546875	-0.116363525390625	-8.7158203125E-07	-2.34130859375E-06	-1.4697265625E-06	1.01420354781112E-07	133508.40625	1.16696846816922E-05
324	179.78761454608	-0.1214599609375	-0.12139892578125	-8.624267578125E-07	-2.32666015625E-06	-1.4642333984375E-06	1.04697683411814E-07	140764.328125	1.16263345262269E-05
325	179.837614545954	-0.126495361328125	-0.12640380859375	-8.526611328125E-07	-2.31414794921875E-06	-1.46148681640625E-06	1.07779612790182E-07	148246.25	1.15834573080065E-05
326	179.887614545827	-0.13153076171875	-0.13140869140625	-8.43200683593751E-07	-2.3040771484375E-06	-1.46087646484375E-06	1.10803895836398E-07	155845.09375	1.15410612124833E-05
327	179.937614545701	-0.136566162109375	-0.13641357421875	-8.343505859375E-07	-2.29522705078125E-06	-1.46087646484375E-06	1.13816739144568E-07	163496.71875	1.14991225927952E-05
328	179.987614545575	-0.1416015625	-0.141448974609375	-8.26416015625001E-07	-2.28973388671875E-06	-1.46331787109375E-06	1.168956984543E-07	171159.53125	1.14576032501645E-05
329	180.037614545449	-0.146636962890625	-0.146514892578125	-8.18481445312499E-07	-2.28424072265625E-06	-1.46575927734375E-06	1.19919718599704E-07	179008.21875	1.14164804472239E-05
330	180.087614545322	-0.15167236328125	-0.151611328125	-8.11157226562501E-07	-2.28118896484375E-06	-1.47003173828125E-06	1.2298062301852E-07	186907.453125	1.1375739632058E-05
331	180.137614545196	-0.156707763671875	-0.15655517578125	-8.04443359375E-07	-2.27874755859375E-06	-1.47430419921875E-06	1.25939763506722E-07	194613.046875	1.13353498818469E-05
332	180.18761454507	-0.1617431640625	-0.16162109375	-7.98950195312501E-07	-2.2784423828125E-06	-1.4794921875E-06	1.29127201375923E-07	202291.828125	1.1295264812361E-05
333	180.237614544944	-0.166778564453125	-0.166595458984375	-7.9376220703125E-07	-2.2796630859375E-06	-1.48590087890625E-06	1.32237175876071E-07	209880.828125	1.12554471343174E-05
334	180.287614544818	-0.17181396484375	-0.171630859375	-7.8857421875E-07	-2.28179931640625E-06	-1.49322509765625E-06	1.35343668716814E-07	217647.0625	1.12158886622638E-05
335	180.337614544691	-0.176849365234375	-0.176666259765625	-7.855224609375E-07	-2.28424072265625E-06	-1.49871826171875E-06	1.38775305913441E-07	224902.875	1.11765366455074E-05
336	180.387614544565	-0.181884765625	-0.18170166015625	-7.81860351562499E-07	-2.2882080078125E-06	-1.50634765625E-06	1.42065317731976E-07	232396.578125	1.11373519757763E-05
337	180.437614544439	-0.186920166015625	-0.186767578125	-7.79113769531251E-07	-2.29461669921875E-06	-1.5155029296875E-06	1.45513183724688E-07	239717.984375	1.10983273771126E-05
338	180.487614544313	-0.19195556640625	-0.191802978515625	-7.781982421875E-07	-2.30133056640625E-06	-1.52313232421875E-06	1.49260742432489E-07	246470.59375	1.10593946374138E-05
339	180.537614544186	-0.196990966796875	-0.196807861328125	-7.7789306640625E-07	-2.30865478515625E-06	-1.53076171875E-06	1.53095470523112E-07	253001.1875	1.10204919110402E-05
340	180.58761454406	-0.2020263671875	-0.201904296875	-7.7789306640625E-07	-2.31781005859375E-06	-1.5399169921875E-06	1.57059943717286E-07	259552.78125	1.09815973701188E-05
