Potential - Start 1.505 V, Stop -0.205 V, Step -0.005 V; Modulation - Amplitude -0.05 V, Time 0.025 s, Interval time 0.05 s
Index	Base.Time (s)	Potential applied (V)	WE(1).Base.Potential (V)	WE(1).Base.Current (A)	WE(1).Pulse.Current (A)	WE(1).δ.Current (A)	WE(1).Base.Power (W)	WE(1).Base.Resistance (Ω)	WE(1).Base.Charge (C)
1	163.410606587428	1.50497436523438	1.505126953125	2.91595458984375E-06	2.1185302734375E-06	-7.97424316406251E-07	4.38888173448504E-06	516169.53125	0
2	163.460606587302	1.49993896484375	1.500244140625	2.96600341796875E-06	2.1246337890625E-06	-8.41369628906249E-07	4.4497292037704E-06	505813.34375	1.4704895079376E-07
3	163.510606587175	1.49490356445313	1.49505615234375	2.92205810546875E-06	2.10784912109375E-06	-8.14208984375001E-07	4.36864092989708E-06	511644.9375	2.94250497745452E-07
4	163.560606587049	1.4898681640625	1.48956298828125	2.872314453125E-06	2.088623046875E-06	-7.83691406249999E-07	4.2784931792994E-06	518593.3125	4.39109783201275E-07
5	163.610606586923	1.48483276367188	1.48468017578125	2.82470703125E-06	2.06817626953125E-06	-7.56530761718752E-07	4.19378648075508E-06	525605	5.81535346100281E-07
6	163.660606586797	1.47979736328125	1.4801025390625	2.77923583984375E-06	2.04864501953125E-06	-7.30590820312499E-07	4.11355404139613E-06	532557.375	7.21633909961383E-07
7	163.71060658667	1.47476196289063	1.47491455078125	2.73681640625E-06	2.02972412109375E-06	-7.07092285156251E-07	4.03657031711191E-06	538916.125	8.59535191466421E-07
8	163.760606586544	1.4697265625	1.4703369140625	2.69805908203125E-06	2.01202392578125E-06	-6.86035156250001E-07	3.967055818066E-06	544961	9.95407049231289E-07
9	163.810606586418	1.46469116210938	1.46453857421875	2.66204833984375E-06	1.99493408203125E-06	-6.67114257812501E-07	3.89867227568175E-06	550154.8125	1.12940972485376E-06
10	163.860606586292	1.45965576171875	1.4599609375	2.62847900390625E-06	1.97845458984375E-06	-6.500244140625E-07	3.83747692467296E-06	555439.4375	1.26167299185909E-06
11	163.910606586165	1.45462036132813	1.455078125	2.59765625E-06	1.96319580078125E-06	-6.34460449218749E-07	3.77979267796036E-06	560150.375	1.39232633955544E-06
12	163.960606586039	1.4495849609375	1.4495849609375	2.5689697265625E-06	1.9488525390625E-06	-6.20117187500001E-07	3.72393969882978E-06	564267.0625	1.52149198129337E-06
13	164.010606585913	1.44454956054688	1.44500732421875	2.54241943359375E-06	1.9342041015625E-06	-6.08215332031251E-07	3.67381471733097E-06	568359.125	1.64927666901349E-06
14	164.060606585787	1.43951416015625	1.439208984375	2.518310546875E-06	1.92138671875E-06	-5.96923828125E-07	3.62437526746362E-06	571497.8125	1.77579499904823E-06
15	164.110606585661	1.43447875976563	1.43463134765625	2.496337890625E-06	1.90948486328125E-06	-5.8685302734375E-07	3.58132456312887E-06	574694.375	1.90116111298266E-06
16	164.160606585534	1.429443359375	1.429443359375	2.47589111328125E-06	1.8975830078125E-06	-5.7830810546875E-07	3.53914606421313E-06	577345	2.0254669834685E-06
17	164.210606585408	1.42440795898438	1.424560546875	2.45635986328125E-06	1.885986328125E-06	-5.70373535156251E-07	3.49923334397317E-06	579947.8125	2.14877309190342E-06
18	164.260606585282	1.41937255859375	1.41937255859375	2.4383544921875E-06	1.87469482421875E-06	-5.63659667968749E-07	3.46093338521314E-06	582102.625	2.27114105655346E-06
19	164.310606585156	1.41433715820313	1.4141845703125	2.42156982421875E-06	1.86370849609375E-06	-5.57861328125001E-07	3.42454654855828E-06	583995	2.39263908952125E-06
20	164.360606585029	1.4093017578125	1.4093017578125	2.40570068359375E-06	1.85333251953125E-06	-5.523681640625E-07	3.39035796059761E-06	585817.625	2.51332085099421E-06
21	164.410606584903	1.40426635742188	1.40411376953125	2.391357421875E-06	1.84326171875E-06	-5.48095703125E-07	3.35773779625015E-06	587161.8125	2.63324727711733E-06
22	164.460606584777	1.39923095703125	1.39923095703125	2.3779296875E-06	1.8341064453125E-06	-5.438232421875E-07	3.32727267959854E-06	588424.0625	2.75247953140934E-06
23	164.510606584651	1.39419555664063	1.39434814453125	2.3651123046875E-06	1.8243408203125E-06	-5.40771484374999E-07	3.29779004459851E-06	589548.375	2.87105558527401E-06
24	164.560606584524	1.38916015625	1.38885498046875	2.35382080078125E-06	1.81549072265625E-06	-5.38330078125E-07	3.26911572301469E-06	590042.8125	2.98902887152508E-06
25	164.610606584398	1.38412475585938	1.38427734375	2.34222412109375E-06	1.806640625E-06	-5.3558349609375E-07	3.24228767567547E-06	591009.8125	3.10643008560874E-06
26	164.660606584272	1.37908935546875	1.37908935546875	2.33123779296875E-06	1.796875E-06	-5.3436279296875E-07	3.2149850994756E-06	591569.5625	3.22326650348259E-06
27	164.710606584146	1.37405395507813	1.37420654296875	2.32147216796875E-06	1.7889404296875E-06	-5.3253173828125E-07	3.19018204208987E-06	591954.8125	3.33958428200276E-06
28	164.760606584019	1.3690185546875	1.36871337890625	2.31231689453125E-06	1.7816162109375E-06	-5.30700683593749E-07	3.16489899887529E-06	591922.9375	3.45542889590433E-06
29	164.810606583893	1.36398315429688	1.36383056640625	2.30316162109375E-06	1.77337646484375E-06	-5.2978515625E-07	3.14112230626051E-06	592155.8125	3.57081603397091E-06
30	164.860606583767	1.35894775390625	1.35955810546875	2.29522705078125E-06	1.76513671875E-06	-5.3009033203125E-07	3.12049451167695E-06	592341.4375	3.68577570952766E-06
31	164.910606583641	1.35391235351563	1.35406494140625	2.28790283203125E-06	1.7572021484375E-06	-5.30700683593749E-07	3.09796905639814E-06	591836.75	3.80035385205701E-06
32	164.960606583515	1.348876953125	1.348876953125	2.2802734375E-06	1.74957275390625E-06	-5.30700683593749E-07	3.07580808112107E-06	591541.8125	3.91455841963761E-06
33	165.010606583388	1.34384155273438	1.3433837890625	2.27294921875E-06	1.74163818359375E-06	-5.31311035156251E-07	3.05344292428344E-06	591031.1875	4.02838895752211E-06
34	165.060606583262	1.33880615234375	1.3385009765625	2.26654052734375E-06	1.7340087890625E-06	-5.3253173828125E-07	3.03376646115794E-06	590548.0625	4.14187616115669E-06
35	165.110606583136	1.33377075195313	1.3330078125	2.25982666015625E-06	1.7266845703125E-06	-5.3314208984375E-07	3.01236673294625E-06	589871.6875	4.25503549195128E-06
36	165.16060658301	1.3287353515625	1.32904052734375	2.2540283203125E-06	1.71905517578125E-06	-5.34973144531249E-07	2.99569478556805E-06	589629.0625	4.3678815018211E-06
37	165.210606582883	1.32369995117188	1.32293701171875	2.24822998046875E-06	1.7120361328125E-06	-5.36193847656249E-07	2.97426663564693E-06	588434.9375	4.48043829237577E-06
38	165.260606582757	1.31866455078125	1.31866455078125	2.242431640625E-06	1.7047119140625E-06	-5.37719726562501E-07	2.95701488539635E-06	588051.1875	4.59270449937321E-06
39	165.310606582631	1.31362915039063	1.3140869140625	2.23724365234375E-06	1.69769287109375E-06	-5.39550781249999E-07	2.93993252853397E-06	587368.75	4.70469649371807E-06
40	165.360606582505	1.30859375	1.3092041015625	2.2314453125E-06	1.69036865234375E-06	-5.41076660156249E-07	2.92141726276895E-06	586706.8125	4.816413820663E-06
41	165.410606582378	1.30355834960938	1.3037109375	2.2271728515625E-06	1.68365478515625E-06	-5.43518066406251E-07	2.90358957499848E-06	585365.8125	4.92787921757554E-06
42	165.460606582252	1.29852294921875	1.29852294921875	2.2222900390625E-06	1.67755126953125E-06	-5.4473876953125E-07	2.88569458462007E-06	584317.5	5.03911587657058E-06
43	165.510606582126	1.29348754882813	1.29364013671875	2.21710205078125E-06	1.67083740234375E-06	-5.462646484375E-07	2.86813224192883E-06	583482.4375	5.15010060553323E-06
44	165.560606582	1.2884521484375	1.2884521484375	2.2125244140625E-06	1.66473388671875E-06	-5.4779052734375E-07	2.85073178929451E-06	582344.875	5.26084113516845E-06
45	165.610606581873	1.28341674804688	1.2835693359375	2.2076416015625E-06	1.65771484375E-06	-5.49926757812501E-07	2.83366102848959E-06	581421.0625	5.37134519618121E-06
46	165.660606581747	1.27838134765625	1.2786865234375	2.203369140625E-06	1.651611328125E-06	-5.517578125E-07	2.81741836261062E-06	580332.4375	5.48162051927648E-06
47	165.710606581621	1.27334594726563	1.273193359375	2.19879150390625E-06	1.6455078125E-06	-5.53283691406251E-07	2.79948676507047E-06	579042.375	5.59167483515921E-06
48	165.760606581495	1.268310546875	1.268310546875	2.19482421875E-06	1.63909912109375E-06	-5.5572509765625E-07	2.78371862805216E-06	577864.3125	5.70151496503968E-06
49	165.810606581368	1.26327514648438	1.2628173828125	2.19085693359375E-06	1.63299560546875E-06	-5.57861328125E-07	2.76665195997339E-06	576403.4375	5.81115727982251E-06
50	165.860606581242	1.25823974609375	1.25823974609375	2.1868896484375E-06	1.6259765625E-06	-5.60913085937499E-07	2.75163142759993E-06	575355.875	5.920600870013E-06
51	165.910606581116	1.25320434570313	1.25274658203125	2.1832275390625E-06	1.61956787109375E-06	-5.63659667968751E-07	2.73503087555582E-06	573804.875	6.02985346631613E-06
52	165.96060658099	1.2481689453125	1.24847412109375	2.1795654296875E-06	1.61285400390625E-06	-5.66711425781249E-07	2.72113106802863E-06	572808.75	6.13892370893154E-06
53	166.010606580864	1.24313354492188	1.2432861328125	2.17620849609375E-06	1.605224609375E-06	-5.7098388671875E-07	2.70564987658872E-06	571308.375	6.24781796432217E-06
54	166.060606580737	1.23809814453125	1.23809814453125	2.1728515625E-06	1.5972900390625E-06	-5.755615234375E-07	2.69020347332116E-06	569803.375	6.35654441794031E-06
55	166.110606580611	1.23306274414063	1.23291015625	2.17010498046875E-06	1.58905029296875E-06	-5.810546875E-07	2.67554423771799E-06	568133.9375	6.46511807644856E-06
56	166.160606580485	1.22802734375	1.22833251953125	2.16766357421875E-06	1.5802001953125E-06	-5.8746337890625E-07	2.66261167780613E-06	566662	6.57356258670916E-06
57	166.210606580359	1.22299194335938	1.22283935546875	2.16552734375E-06	1.57073974609375E-06	-5.9478759765625E-07	2.64809204963967E-06	564684.3125	6.68189204588998E-06
58	166.260606580232	1.21795654296875	1.2176513671875	2.1636962890625E-06	1.56005859375E-06	-6.03637695312501E-07	2.63462766270095E-06	562764.4375	6.79012282489566E-06
59	166.310606580106	1.21292114257813	1.2127685546875	2.1624755859375E-06	1.54815673828125E-06	-6.14318847656249E-07	2.62258231487067E-06	560824.1875	6.89827720634639E-06
60	166.36060657998	1.2078857421875	1.2078857421875	2.1612548828125E-06	1.5350341796875E-06	-6.26220703124999E-07	2.61054879047151E-06	558881.6875	7.00637019690475E-06
61	166.410606579854	1.20285034179688	1.20269775390625	2.16094970703125E-06	1.52069091796875E-06	-6.40258789062499E-07	2.59896933130221E-06	556559.8125	7.11442544343299E-06
62	166.460606579727	1.19781494140625	1.197509765625	2.16217041015625E-06	1.50482177734375E-06	-6.57348632812501E-07	2.58922023022023E-06	553846.125	7.22250342732877E-06
63	166.510606579601	1.19277954101563	1.1932373046875	2.16339111328125E-06	1.48651123046875E-06	-6.768798828125E-07	2.58143882092554E-06	551558.8125	7.33064234736958E-06
64	166.560606579475	1.187744140625	1.18743896484375	2.16552734375E-06	1.46575927734375E-06	-6.99768066406249E-07	2.57143165072193E-06	548337.0625	7.43886539567029E-06
65	166.610606579349	1.18270874023438	1.18255615234375	2.16888427734375E-06	1.44134521484375E-06	-7.27539062499999E-07	2.56482735494501E-06	545237.0625	7.54722577767097E-06
66	166.660606579222	1.17767333984375	1.17767333984375	2.1734619140625E-06	1.41357421875E-06	-7.598876953125E-07	2.55962800110865E-06	541842.1875	7.65578442951664E-06
67	166.710606579096	1.17263793945313	1.17279052734375	2.17926025390625E-06	1.3818359375E-06	-7.97424316406249E-07	2.55581585406617E-06	538159.9375	7.76460274209967E-06
68	166.76060657897	1.1676025390625	1.168212890625	2.186279296875E-06	1.34490966796875E-06	-8.41369628906251E-07	2.55403961091361E-06	534338.375	7.87374119681772E-06
69	166.810606578844	1.16256713867188	1.1627197265625	2.196044921875E-06	1.30157470703125E-06	-8.9447021484375E-07	2.55338454735465E-06	529460.875	7.98329892859329E-06
70	166.860606578717	1.15753173828125	1.1572265625	2.208251953125E-06	1.25030517578125E-06	-9.5794677734375E-07	2.5554479634593E-06	524046.4375	8.09340690466342E-06
71	166.910606578591	1.15249633789063	1.1529541015625	2.2222900390625E-06	1.1907958984375E-06	-1.031494140625E-06	2.56219846050953E-06	518813.5	8.20416971691884E-06
72	166.960606578465	1.1474609375	1.1474609375	2.2393798828125E-06	1.12213134765625E-06	-1.11724853515625E-06	2.56960106526094E-06	512401.1875	8.31571196613368E-06
73	167.010606578339	1.14242553710938	1.14227294921875	2.2607421875E-06	1.04095458984375E-06	-1.21978759765625E-06	2.58238446804171E-06	505264.59375	8.42821464175358E-06
74	167.060606578213	1.13739013671875	1.1376953125	2.2857666015625E-06	9.46655273437499E-07	-1.339111328125E-06	2.60050592260086E-06	497730.3125	8.54187783261295E-06
75	167.110606578086	1.13235473632813	1.13250732421875	2.31597900390625E-06	8.37097167968751E-07	-1.4788818359375E-06	2.62286312135984E-06	488997.25	8.65692163642962E-06
76	167.16060657796	1.1273193359375	1.1279296875	2.35015869140625E-06	7.1136474609375E-07	-1.6387939453125E-06	2.65081371253473E-06	479937.6875	8.77357433637371E-06
77	167.210606577834	1.12228393554688	1.1224365234375	2.39227294921875E-06	5.657958984375E-07	-1.82647705078125E-06	2.68517442236771E-06	469192.53125	8.89213515620213E-06
78	167.260606577708	1.11724853515625	1.11785888671875	2.440185546875E-06	4.0008544921875E-07	-2.04010009765625E-06	2.72778288490372E-06	458104.0625	9.01294697541744E-06
79	167.310606577581	1.11221313476563	1.11236572265625	2.49481201171875E-06	2.12707519531249E-07	-2.2821044921875E-06	2.77514322988281E-06	445871.5625	9.13632175070234E-06
80	167.360606577455	1.107177734375	1.10687255859375	2.55615234375E-06	3.35693359374972E-09	-2.55279541015625E-06	2.8293350169406E-06	433022.90625	9.26259599509649E-06
81	167.410606577329	1.10214233398438	1.10198974609375	2.6263427734375E-06	-2.2918701171875E-07	-2.85552978515625E-06	2.89420268018148E-06	419591	9.39215806283755E-06
82	167.460606577203	1.09710693359375	1.09710693359375	2.70294189453125E-06	-4.8095703125E-07	-3.18389892578125E-06	2.96541634270397E-06	405893.65625	9.52539085119497E-06
83	167.510606577076	1.09207153320313	1.0919189453125	2.78533935546875E-06	-7.51342773437499E-07	-3.53668212890625E-06	3.0413648346439E-06	392023.65625	9.66259722190443E-06
84	167.56060657695	1.0870361328125	1.08673095703125	2.87353515625E-06	-1.03759765625E-06	-3.9111328125E-06	3.12275960823172E-06	378186.0625	9.80406912276521E-06
85	167.610606576824	1.08200073242188	1.08184814453125	2.9644775390625E-06	-1.33453369140625E-06	-4.29901123046875E-06	3.20711455970013E-06	364937.21875	9.95001937553752E-06
86	167.660606576698	1.07696533203125	1.07696533203125	3.0560302734375E-06	-1.6363525390625E-06	-4.6923828125E-06	3.29123849951429E-06	352406.625	1.01005325632286E-05
87	167.710606576571	1.07192993164063	1.07208251953125	3.14453125E-06	-1.9366455078125E-06	-5.0811767578125E-06	3.37119672622066E-06	340935.5625	1.02555459307041E-05
88	167.760606576445	1.06689453125	1.06689453125	3.22509765625E-06	-2.22991943359375E-06	-5.45501708984375E-06	3.44083900927217E-06	330810	1.04147866295534E-05
89	167.810606576319	1.06185913085938	1.06201171875	3.29345703125E-06	-2.5067138671875E-06	-5.8001708984375E-06	3.49768993146427E-06	322461.09375	1.05777507997118E-05
90	167.860606576193	1.05682373046875	1.05682373046875	3.3465576171875E-06	-2.7581787109375E-06	-6.104736328125E-06	3.53672157871188E-06	315794.28125	1.07437508631847E-05
91	167.910606576066	1.05178833007813	1.05194091796875	3.37646484375E-06	-2.9779052734375E-06	-6.3543701171875E-06	3.5518414733815E-06	311551	1.0911826393567E-05
92	167.96060657594	1.0467529296875	1.0467529296875	3.38134765625E-06	-3.1610107421875E-06	-6.5423583984375E-06	3.53943551090197E-06	309566.78125	1.1080772310379E-05
93	168.010606575814	1.04171752929688	1.0418701171875	3.35968017578125E-06	-3.299560546875E-06	-6.65924072265625E-06	3.50035020346695E-06	310109.9375	1.12492980406387E-05
94	168.060606575688	1.03668212890625	1.036376953125	3.306884765625E-06	-3.3917236328125E-06	-6.6986083984375E-06	3.42717908097256E-06	313399.78125	1.14159620352439E-05
95	168.110606575562	1.03164672851563	1.031494140625	3.22601318359375E-06	-3.433837890625E-06	-6.65985107421875E-06	3.3276137401117E-06	319742.6875	1.15792845463147E-05
96	168.160606575435	1.026611328125	1.026611328125	3.1158447265625E-06	-3.42926025390625E-06	-6.54510498046875E-06	3.19876153298537E-06	329480.90625	1.17378313007066E-05
97	168.210606575309	1.02157592773438	1.02142333984375	2.98187255859375E-06	-3.3795166015625E-06	-6.36138916015625E-06	3.04575428344833E-06	342544.28125	1.18902735266602E-05
98	168.260606575183	1.01654052734375	1.0162353515625	2.82501220703125E-06	-3.2861328125E-06	-6.11114501953125E-06	2.87087732431246E-06	359727.78125	1.20354461614625E-05
99	168.310606575057	1.01150512695313	1.011962890625	2.65228271484375E-06	-3.15887451171875E-06	-5.8111572265625E-06	2.68401140601782E-06	381544.15625	1.2172377864772E-05
100	168.36060657493	1.0064697265625	1.00677490234375	2.46978759765625E-06	-3.00537109375E-06	-5.47515869140625E-06	2.48652008849604E-06	407636.25	1.23004301713081E-05
101	168.410606574804	1.00143432617188	1.0015869140625	2.281494140625E-06	-2.83355712890625E-06	-5.11505126953125E-06	2.2851145331515E-06	439004.84375	1.24192119983491E-05
102	168.460606574678	0.99639892578125	0.99609375	2.093505859375E-06	-2.650146484375E-06	-4.74365234375E-06	2.0853281057498E-06	475801.75	1.25285869216896E-05
103	168.510606574552	0.991363525390625	0.9912109375	1.910400390625E-06	-2.4639892578125E-06	-4.3743896484375E-06	1.89360980584752E-06	518849.8125	1.2628684999072E-05
104	168.560606574425	0.986328125	0.986328125	1.73828125E-06	-2.2821044921875E-06	-4.0203857421875E-06	1.71451563346636E-06	567415.75	1.27199018606916E-05
105	168.610606574299	0.981292724609375	0.98175048828125	1.5802001953125E-06	-2.1075439453125E-06	-3.687744140625E-06	1.55136228841002E-06	621282.375	1.28028641483979E-05
106	168.660606574173	0.97625732421875	0.97625732421875	1.43768310546875E-06	-1.94427490234375E-06	-3.3819580078125E-06	1.40354859468061E-06	679049.0625	1.28783112813835E-05
107	168.710606574047	0.971221923828125	0.97137451171875	1.31561279296875E-06	-1.79840087890625E-06	-3.114013671875E-06	1.27795271964715E-06	738343.8125	1.29471436594031E-05
108	168.76060657392	0.9661865234375	0.96588134765625	1.21490478515625E-06	-1.669921875E-06	-2.88482666015625E-06	1.17345382477652E-06	795026.4375	1.3010406291869E-05
109	168.810606573794	0.961151123046875	0.96099853515625	1.1346435546875E-06	-1.5625E-06	-2.6971435546875E-06	1.09039081053197E-06	846960.75	1.30691450976883E-05
110	168.860606573668	0.95611572265625	0.95611572265625	1.075439453125E-06	-1.475830078125E-06	-2.55126953125E-06	1.02824446912564E-06	889046.5625	1.3124396900821E-05
111	168.910606573542	0.951080322265625	0.950927734375	1.03607177734375E-06	-1.4129638671875E-06	-2.44903564453125E-06	9.85229462457937E-07	917820.3125	1.31771848828066E-05
112	168.960606573415	0.946044921875	0.946044921875	1.0150146484375E-06	-1.3751220703125E-06	-2.39013671875E-06	9.6024939466588E-07	932050.5625	1.32284621940926E-05
113	169.010606573289	0.941009521484375	0.941162109375	1.00982666015625E-06	-1.3629150390625E-06	-2.37274169921875E-06	9.50410537825519E-07	932003.625	1.32790828502038E-05
114	169.060606573163	0.93597412109375	0.93597412109375	1.01776123046875E-06	-1.37451171875E-06	-2.39227294921875E-06	9.52598099956958E-07	919640.25	1.33297726279125E-05
115	169.110606573037	0.930938720703125	0.9307861328125	1.0394287109375E-06	-1.41143798828125E-06	-2.45086669921875E-06	9.67485789260536E-07	895478.625	1.33812027343083E-05
116	169.160606572911	0.9259033203125	0.92620849609375	1.07147216796875E-06	-1.4691162109375E-06	-2.54058837890625E-06	9.92406626210141E-07	864426.0625	1.3433975254884E-05
117	169.210606572784	0.920867919921875	0.92071533203125	1.11175537109375E-06	-1.5447998046875E-06	-2.65655517578125E-06	1.02361013887275E-06	828163.6875	1.34885558509268E-05
118	169.260606572658	0.91583251953125	0.91583251953125	1.158447265625E-06	-1.63330078125E-06	-2.791748046875E-06	1.06094364582532E-06	790569	1.35453110488015E-05
119	169.310606572532	0.910797119140625	0.91094970703125	1.20849609375E-06	-1.73065185546875E-06	-2.93914794921875E-06	1.10087910343282E-06	753787.875	1.36044845930883E-05
120	169.360606572406	0.90576171875	0.9063720703125	1.26007080078125E-06	-1.83258056640625E-06	-3.0926513671875E-06	1.14209296953049E-06	719302.5	1.36661983560771E-05
121	169.410606572279	0.900726318359375	0.90087890625	1.3092041015625E-06	-1.93206787109375E-06	-3.24127197265625E-06	1.17943432087486E-06	688111.875	1.37304305098951E-05
122	169.460606572153	0.89569091796875	0.8953857421875	1.353759765625E-06	-2.02484130859375E-06	-3.37860107421875E-06	1.21213724924019E-06	661406.6875	1.37970046125702E-05
123	169.510606572027	0.890655517578125	0.89080810546875	1.3916015625E-06	-2.1075439453125E-06	-3.4991455078125E-06	1.23964991871617E-06	640131.625	1.38656387207448E-05
124	169.560606571901	0.8856201171875	0.88592529296875	1.41815185546875E-06	-2.17437744140625E-06	-3.592529296875E-06	1.25637654946331E-06	624704.125	1.39358826345415E-05
125	169.610606571774	0.880584716796875	0.88043212890625	1.43157958984375E-06	-2.2222900390625E-06	-3.65386962890625E-06	1.26040868053678E-06	615007.5	1.40071251735208E-05
126	169.660606571648	0.87554931640625	0.8758544921875	1.4312744140625E-06	-2.2503662109375E-06	-3.681640625E-06	1.25358815239451E-06	611940.3125	1.40786969495821E-05
127	169.710606571522	0.870513916015625	0.8709716796875	1.4154052734375E-06	-2.25799560546875E-06	-3.67340087890625E-06	1.23277789043641E-06	615351.4375	1.41498640005011E-05
128	169.760606571396	0.865478515625	0.8648681640625	1.38336181640625E-06	-2.24456787109375E-06	-3.6279296875E-06	1.19642561458022E-06	625193.0625	1.42198332468979E-05
129	169.810606571269	0.860443115234375	0.860595703125	1.3372802734375E-06	-2.2125244140625E-06	-3.5498046875E-06	1.15085754259781E-06	643541.8125	1.42878488986753E-05
130	169.860606571143	0.85540771484375	0.85540771484375	1.278076171875E-06	-2.16461181640625E-06	-3.44268798828125E-06	1.09327618247335E-06	669293.1875	1.43532333822805E-05
131	169.910606571017	0.850372314453125	0.8502197265625	1.2103271484375E-06	-2.1051025390625E-06	-3.3154296875E-06	1.02904402865533E-06	702471	1.44154428198817E-05
132	169.960606570891	0.8453369140625	0.8453369140625	1.1358642578125E-06	-2.037353515625E-06	-3.1732177734375E-06	9.60187890086672E-07	744223.5625	1.44740979521885E-05
133	170.010606570764	0.840301513671875	0.84075927734375	1.05865478515625E-06	-1.96624755859375E-06	-3.02490234375E-06	8.90073863502039E-07	794177	1.45289604915888E-05
134	170.060606570638	0.83526611328125	0.8355712890625	9.82055664062501E-07	-1.8951416015625E-06	-2.877197265625E-06	8.20577497506747E-07	850839	1.45799785968848E-05
135	170.110606570512	0.830230712890625	0.8306884765625	9.0972900390625E-07	-1.82861328125E-06	-2.73834228515625E-06	7.55701364596462E-07	913116.4375	1.46272732308717E-05
136	170.160606570386	0.8251953125	0.82550048828125	8.43200683593751E-07	-1.7694091796875E-06	-2.61260986328125E-06	6.96062556926336E-07	979008.375	1.46710963235819E-05
137	170.21060657026	0.820159912109375	0.8197021484375	7.855224609375E-07	-1.72088623046875E-06	-2.50640869140625E-06	6.4389445242341E-07	1043512.0625	1.47118144013803E-05
138	170.260606570133	0.81512451171875	0.8154296875	7.3974609375E-07	-1.68670654296875E-06	-2.42645263671875E-06	6.03210935423704E-07	1102310.25	1.47499458762468E-05
139	170.310606570007	0.810089111328125	0.81024169921875	7.05871582031251E-07	-1.67022705078125E-06	-2.3760986328125E-06	5.71926591419469E-07	1147860	1.47860864672111E-05
140	170.360606569881	0.8050537109375	0.8050537109375	6.8511962890625E-07	-1.67266845703125E-06	-2.3577880859375E-06	5.51558116512751E-07	1175055.625	1.48208619066281E-05
141	170.410606569755	0.800018310546875	0.80078125	6.7779541015625E-07	-1.70074462890625E-06	-2.3785400390625E-06	5.42765860700456E-07	1181449.75	1.48549343066406E-05
142	170.460606569628	0.79498291015625	0.79498291015625	6.81457519531251E-07	-1.75048828125E-06	-2.43194580078125E-06	5.41747056104214E-07	1166592.125	1.4888915757183E-05
143	170.510606569502	0.789947509765625	0.7904052734375	7.0068359375E-07	-1.82708740234375E-06	-2.52777099609375E-06	5.53824008875381E-07	1128048.75	1.49234692798927E-05
144	170.560606569376	0.784912109375	0.784912109375	7.34863281250001E-07	-1.93115234375E-06	-2.666015625E-06	5.768030746367E-07	1068106.375	1.49593579408247E-05
145	170.61060656925	0.779876708984375	0.780029296875	7.80029296875E-07	-2.0648193359375E-06	-2.8448486328125E-06	6.08445702710014E-07	1000000.0625	1.49972302097012E-05
146	170.660606569123	0.77484130859375	0.775146484375	8.3831787109375E-07	-2.22686767578125E-06	-3.065185546875E-06	6.49819128284435E-07	924645.0625	1.50376890815096E-05
147	170.710606568997	0.769805908203125	0.76995849609375	9.07287597656251E-07	-2.41729736328125E-06	-3.3245849609375E-06	6.98573785484768E-07	848637.75	1.50813293657848E-05
148	170.760606568871	0.7647705078125	0.7647705078125	9.869384765625E-07	-2.63336181640625E-06	-3.62030029296875E-06	7.54781410705618E-07	774891.8125	1.51286849359167E-05
149	170.810606568745	0.759735107421875	0.7598876953125	1.0736083984375E-06	-2.8717041015625E-06	-3.9453125E-06	8.15821806554595E-07	707788.5625	1.51801987158251E-05
150	170.860606568618	0.75469970703125	0.75439453125	1.16729736328125E-06	-3.1292724609375E-06	-4.29656982421875E-06	8.80602726738289E-07	646274.5	1.52362208609702E-05
151	170.910606568492	0.749664306640625	0.749542236328125	1.26800537109375E-06	-3.3990478515625E-06	-4.66705322265625E-06	9.50423554968438E-07	591119.125	1.52971042552963E-05
152	170.960606568366	0.74462890625	0.744537353515625	1.36322021484375E-06	-3.6749267578125E-06	-5.03814697265625E-06	1.01496834759018E-06	546160.75	1.53628843690967E-05
153	171.01060656824	0.739593505859375	0.739501953125	1.45538330078125E-06	-3.94866943359375E-06	-5.404052734375E-06	1.07625885448215E-06	508114.90625	1.54333483806113E-05
154	171.060606568113	0.73455810546875	0.734466552734375	1.53961181640625E-06	-4.2144775390625E-06	-5.75408935546875E-06	1.13079329366883E-06	477046.59375	1.55082234414294E-05
155	171.110606567987	0.729522705078125	0.7293701171875	1.61163330078125E-06	-4.4586181640625E-06	-6.07025146484375E-06	1.17547710942745E-06	452565.8125	1.55870056914864E-05
156	171.160606567861	0.7244873046875	0.724334716796875	1.66351318359375E-06	-4.6783447265625E-06	-6.34185791015625E-06	1.20494030397822E-06	435424.71875	1.56688838615082E-05
157	171.210606567735	0.719451904296875	0.7193603515625	1.69158935546875E-06	-4.864501953125E-06	-6.55609130859375E-06	1.21686230158957E-06	425257.09375	1.57527611008845E-05
158	171.260606567609	0.71441650390625	0.71429443359375	1.6925048828125E-06	-5.0079345703125E-06	-6.700439453125E-06	1.20894674182637E-06	422033.90625	1.58373641170328E-05
159	171.310606567482	0.709381103515625	0.709228515625	1.66473388671875E-06	-5.1025390625E-06	-6.76727294921875E-06	1.18067669063748E-06	426031.15625	1.59212941071019E-05
160	171.360606567356	0.704345703125	0.70416259765625	1.60491943359375E-06	-5.1483154296875E-06	-6.75323486328125E-06	1.130124132942E-06	438752.625	1.60030358529184E-05
161	171.41060656723	0.699310302734375	0.699127197265625	1.51458740234375E-06	-5.13916015625E-06	-6.65374755859375E-06	1.05888921098085E-06	461595.84375	1.6081023204606E-05
162	171.460606567104	0.69427490234375	0.694183349609375	1.3970947265625E-06	-5.084228515625E-06	-6.4813232421875E-06	9.69839902609237E-07	496876.375	1.61538155225571E-05
163	171.510606566977	0.689239501953125	0.689117431640625	1.2554931640625E-06	-4.9774169921875E-06	-6.23291015625E-06	8.6518218722631E-07	548881.875	1.62201304192422E-05
164	171.560606566851	0.6842041015625	0.684051513671875	1.09222412109375E-06	-4.833984375E-06	-5.92620849609375E-06	7.47137562484568E-07	626292.25	1.62788237503264E-05
165	171.610606566725	0.679168701171875	0.6790771484375	9.14306640625E-07	-4.6539306640625E-06	-5.5682373046875E-06	6.20884748059325E-07	742723.625	1.6328986021108E-05
166	171.660606566599	0.67413330078125	0.673980712890625	7.26318359375E-07	-4.4525146484375E-06	-5.1788330078125E-06	4.89524552449438E-07	927941.25	1.63700024131685E-05
167	171.710606566472	0.669097900390625	0.6689453125	5.352783203125E-07	-4.23583984375E-06	-4.7711181640625E-06	3.58071929440484E-07	1249714.875	1.64015418704366E-05
168	171.760606566346	0.6640625	0.6639404296875	3.4515380859375E-07	-4.0106201171875E-06	-4.35577392578125E-06	2.29161571496661E-07	1923607.375	1.64235534612089E-05
169	171.81060656622	0.659027099609375	0.65899658203125	1.6143798828125E-07	-3.78326416015625E-06	-3.9447021484375E-06	1.06387076925785E-07	4082041.75	1.64362172654364E-05
170	171.860606566094	0.65399169921875	0.653900146484375	-8.85009765625028E-09	-3.56109619140625E-06	-3.55224609375E-06	-5.78708014842277E-09	-73886208	1.64400316862157E-05
171	171.910606565967	0.648956298828125	0.648895263671875	-1.64794921875E-07	-3.3477783203125E-06	-3.1829833984375E-06	-1.06934635368816E-07	-3937592.75	1.64356915774988E-05
172	171.960606565841	0.6439208984375	0.643829345703125	-3.03955078125E-07	-3.14605712890625E-06	-2.84210205078125E-06	-1.95695193383472E-07	-2118172.75	1.64239718287718E-05
173	172.010606565715	0.638885498046875	0.63885498046875	-4.2388916015625E-07	-2.95745849609375E-06	-2.5335693359375E-06	-2.70803695912036E-07	-1507127.375	1.64057764777681E-05
174	172.060606565589	0.63385009765625	0.633758544921875	-5.2490234375E-07	-2.783203125E-06	-2.25830078125E-06	-3.32661329593975E-07	-1207383.75	1.63820568559458E-05
175	172.110606565462	0.628814697265625	0.62872314453125	-6.07910156249999E-07	-2.6239013671875E-06	-2.0159912109375E-06	-3.82207161919723E-07	-1034237	1.6353737009922E-05
176	172.160606565336	0.623779296875	0.623748779296875	-6.7474365234375E-07	-2.47802734375E-06	-1.80328369140625E-06	-4.20870520656536E-07	-924423.3125	1.63216700457269E-05
177	172.21060656521	0.618743896484375	0.618682861328125	-7.25708007812501E-07	-2.34588623046875E-06	-1.62017822265625E-06	-4.48983087153465E-07	-852523.125	1.62866581376875E-05
178	172.260606565084	0.61370849609375	0.6136474609375	-7.6416015625E-07	-2.227783203125E-06	-1.463623046875E-06	-4.68924923779923E-07	-803035.1875	1.62494125106605E-05
179	172.310606564958	0.608673095703125	0.608612060546875	-7.89489746093749E-07	-2.1209716796875E-06	-1.33148193359375E-06	-4.80492985843739E-07	-770892.9375	1.62105716299266E-05
180	172.360606564831	0.6036376953125	0.603546142578125	-8.06884765625E-07	-2.02484130859375E-06	-1.21795654296875E-06	-4.86992178139189E-07	-747995.4375	1.61706611834234E-05
181	172.410606564705	0.598602294921875	0.59857177734375	-8.148193359375E-07	-1.93878173828125E-06	-1.12396240234375E-06	-4.87727845666086E-07	-734606.75	1.61301195475971E-05
182	172.460606564579	0.59356689453125	0.59356689453125	-8.160400390625E-07	-1.8609619140625E-06	-1.044921875E-06	-4.84374368170393E-07	-727374.75	1.60893469001167E-05
183	172.510606564453	0.588531494140625	0.588531494140625	-8.1329345703125E-07	-1.79168701171875E-06	-9.783935546875E-07	-4.78648814805638E-07	-723639.8125	1.6048614270403E-05
184	172.560606564326	0.58349609375	0.58349609375	-8.0596923828125E-07	-1.728515625E-06	-9.22546386718751E-07	-4.70279871933599E-07	-723968.25	1.60081326612271E-05
185	172.6106065642	0.578460693359375	0.578399658203125	-7.94677734375E-07	-1.67205810546875E-06	-8.7738037109375E-07	-4.59641313454995E-07	-727841.8125	1.59681167133385E-05
186	172.660606564074	0.57342529296875	0.5733642578125	-7.82165527343751E-07	-1.62078857421875E-06	-8.38623046874999E-07	-4.48465755198413E-07	-733047.25	1.59286955749849E-05
187	172.710606563948	0.568389892578125	0.568359375	-7.6751708984375E-07	-1.57440185546875E-06	-8.06884765625E-07	-4.36225519706568E-07	-740516.9375	1.58899529196788E-05
188	172.760606563821	0.5633544921875	0.563323974609375	-7.51342773437499E-07	-1.53228759765625E-06	-7.8094482421875E-07	-4.23249389314151E-07	-749756.3125	1.58519815158797E-05
189	172.810606563695	0.558319091796875	0.55828857421875	-7.3455810546875E-07	-1.49322509765625E-06	-7.58666992187501E-07	-4.10095395864118E-07	-760033.25	1.58148341142805E-05
190	172.860606563569	0.55328369140625	0.553314208984375	-7.171630859375E-07	-1.45782470703125E-06	-7.4066162109375E-07	-3.96816517422849E-07	-771531.9375	1.5778541637701E-05
191	172.910606563443	0.548248291015625	0.54815673828125	-6.99768066406251E-07	-1.4251708984375E-06	-7.2540283203125E-07	-3.83582573704189E-07	-783340.625	1.57431186380563E-05
192	172.960606563316	0.543212890625	0.543182373046875	-6.82373046875E-07	-1.39495849609375E-06	-7.1258544921875E-07	-3.70652998071819E-07	-796019.6875	1.57085651153466E-05
193	173.01060656319	0.538177490234375	0.53814697265625	-6.6497802734375E-07	-1.3671875E-06	-7.0220947265625E-07	-3.57855896027104E-07	-809270.3125	1.56748810695717E-05
194	173.060606563064	0.53314208984375	0.533111572265625	-6.48193359375E-07	-1.34124755859375E-06	-6.9305419921875E-07	-3.45559385550587E-07	-822457.625	1.56420519488165E-05
195	173.110606562938	0.528106689453125	0.528045654296875	-6.31103515625001E-07	-1.3165283203125E-06	-6.854248046875E-07	-3.33251449546879E-07	-836702.1875	1.5610068658134E-05
196	173.160606562811	0.5230712890625	0.523040771484375	-6.1492919921875E-07	-1.2933349609375E-06	-6.78405761718751E-07	-3.21633052635661E-07	-850570.6875	1.55789184645982E-05
197	173.210606562685	0.518035888671875	0.51800537109375	-5.98754882812499E-07	-1.27197265625E-06	-6.73217773437501E-07	-3.10158242200487E-07	-865137.625	1.55485759023577E-05
198	173.260606562559	0.51300048828125	0.512969970703125	-5.841064453125E-07	-1.25244140625E-06	-6.683349609375E-07	-2.99629050459771E-07	-878213.1875	1.55190045916243E-05
199	173.310606562433	0.507965087890625	0.507965087890625	-5.6915283203125E-07	-1.23321533203125E-06	-6.640625E-07	-2.89109749473937E-07	-892493.3125	1.54901736095781E-05
200	173.360606562307	0.5029296875	0.502899169921875	-5.54809570312501E-07	-1.2152099609375E-06	-6.60400390624999E-07	-2.79013278259299E-07	-906435.6875	1.54620738612721E-05
201	173.41060656218	0.497894287109375	0.49786376953125	-5.40771484374999E-07	-1.19842529296875E-06	-6.5765380859375E-07	-2.69230525873354E-07	-920654.6875	1.54346835188335E-05
202	173.460606562054	0.49285888671875	0.49285888671875	-5.27343750000001E-07	-1.18255615234375E-06	-6.55212402343749E-07	-2.59906045130265E-07	-934606.5	1.54079807543894E-05
203	173.510606561928	0.487823486328125	0.487823486328125	-5.1422119140625E-07	-1.1669921875E-06	-6.5277099609375E-07	-2.50849183203172E-07	-948664.6875	1.53819419210777E-05
204	173.560606561802	0.4827880859375	0.482818603515625	-5.0201416015625E-07	-1.15264892578125E-06	-6.50634765625E-07	-2.42381759107957E-07	-961763	1.53565360960783E-05
205	173.610606561675	0.477752685546875	0.477752685546875	-4.901123046875E-07	-1.13922119140625E-06	-6.49108886718751E-07	-2.34152480516059E-07	-974782.0625	1.5331734175561E-05
206	173.660606561549	0.47271728515625	0.472686767578125	-4.78210449218749E-07	-1.1260986328125E-06	-6.47888183593751E-07	-2.2604375260471E-07	-988449.3125	1.53075252455892E-05
207	173.710606561423	0.467681884765625	0.46771240234375	-4.6661376953125E-07	-1.11358642578125E-06	-6.4697265625E-07	-2.18241041238798E-07	-1002354.5	1.52839038491948E-05
208	173.760606561297	0.462646484375	0.462646484375	-4.559326171875E-07	-1.10198974609375E-06	-6.46057128906249E-07	-2.10935610311935E-07	-1014725.625	1.52608408825472E-05
209	173.81060656117	0.457611083984375	0.4576416015625	-4.4525146484375E-07	-1.090087890625E-06	-6.44836425781249E-07	-2.03765594619654E-07	-1027827.3125	1.52383117892896E-05
210	173.860606561044	0.45257568359375	0.45257568359375	-4.351806640625E-07	-1.07940673828125E-06	-6.4422607421875E-07	-1.96952186115595E-07	-1039972	1.52163001985173E-05
211	173.910606560918	0.447540283203125	0.44757080078125	-4.25109863281251E-07	-1.0693359375E-06	-6.4422607421875E-07	-1.90266760569102E-07	-1052835.625	1.51947933773044E-05
212	173.960606560792	0.4425048828125	0.4425048828125	-4.1534423828125E-07	-1.0595703125E-06	-6.4422607421875E-07	-1.8379185462436E-07	-1065393.125	1.51737822307041E-05
213	174.010606560665	0.437469482421875	0.43743896484375	-4.06494140624999E-07	-1.0504150390625E-06	-6.439208984375E-07	-1.77816374957729E-07	-1076126.125	1.51532358358963E-05
214	174.060606560539	0.43243408203125	0.432403564453125	-3.97338867187499E-07	-1.04034423828125E-06	-6.43005371093751E-07	-1.71810739857392E-07	-1088248.875	1.51331405504607E-05
215	174.110606560413	0.427398681640625	0.427398681640625	-3.89404296875E-07	-1.031494140625E-06	-6.4208984375E-07	-1.66430879744439E-07	-1097570.625	1.51134718180401E-05
216	174.160606560287	0.42236328125	0.422332763671875	-3.8116455078125E-07	-1.02264404296875E-06	-6.41479492187499E-07	-1.60978274266199E-07	-1108006.375	1.50942078107619E-05
217	174.21060656016	0.417327880859375	0.417327880859375	-3.7353515625E-07	-1.01470947265625E-06	-6.4117431640625E-07	-1.5588663870858E-07	-1117238.5	1.50753403431736E-05
218	174.260606560034	0.41229248046875	0.412261962890625	-3.6590576171875E-07	-1.00677490234375E-06	-6.40869140625E-07	-1.50849018609733E-07	-1126689	1.50568539538654E-05
219	174.310606559908	0.407257080078125	0.40728759765625	-3.59191894531249E-07	-9.98840332031251E-07	-6.39648437500001E-07	-1.46294397040947E-07	-1133899.75	1.50387268149643E-05
220	174.360606559782	0.4022216796875	0.402252197265625	-3.521728515625E-07	-9.9151611328125E-07	-6.3934326171875E-07	-1.41662297892253E-07	-1142201.125	1.50209425555659E-05
221	174.410606559656	0.397186279296875	0.397247314453125	-3.45458984374999E-07	-9.844970703125E-07	-6.390380859375E-07	-1.37232646579832E-07	-1149911.75	1.500350117567E-05
222	174.460606559529	0.39215087890625	0.3922119140625	-3.3905029296875E-07	-9.7808837890625E-07	-6.390380859375E-07	-1.32979550926393E-07	-1156795.75	1.49863890328561E-05
223	174.510606559403	0.387115478515625	0.3870849609375	-3.3294677734375E-07	-9.716796875E-07	-6.38732910156251E-07	-1.28878681948663E-07	-1162603.125	1.49695888467249E-05
224	174.560606559277	0.382080078125	0.382049560546875	-3.265380859375E-07	-9.661865234375E-07	-6.396484375E-07	-1.24753725572191E-07	-1170000	1.49531015267712E-05
225	174.610606559151	0.377044677734375	0.377105712890625	-3.204345703125E-07	-9.613037109375E-07	-6.40869140625E-07	-1.20837711392596E-07	-1176857.125	1.49369270729949E-05
226	174.660606559024	0.37200927734375	0.37200927734375	-3.14941406249999E-07	-9.5550537109375E-07	-6.4056396484375E-07	-1.17161121693243E-07	-1181201.625	1.49210427480284E-05
227	174.710606558898	0.366973876953125	0.366973876953125	-3.08837890624999E-07	-9.50927734375E-07	-6.4208984375E-07	-1.13335438811646E-07	-1188241.125	1.49054485518718E-05
228	174.760606558772	0.3619384765625	0.36199951171875	-3.033447265625E-07	-9.46960449218751E-07	-6.4361572265625E-07	-1.09810635251506E-07	-1193360.25	1.48901435750304E-05
229	174.810606558646	0.356903076171875	0.356903076171875	-2.96936035156251E-07	-9.4329833984375E-07	-6.46362304687499E-07	-1.05977385089773E-07	-1201952.75	1.48751369124511E-05
230	174.860606558519	0.35186767578125	0.351837158203125	-2.92053222656249E-07	-9.4024658203125E-07	-6.48193359375E-07	-1.02755173259084E-07	-1204702.25	1.48604121932294E-05
231	174.910606558393	0.346832275390625	0.346832275390625	-2.8656005859375E-07	-9.368896484375E-07	-6.5032958984375E-07	-9.93882665056844E-08	-1210330.25	1.48459466799977E-05
232	174.960606558267	0.341796875	0.341796875	-2.81372070312499E-07	-9.3505859375E-07	-6.53686523437501E-07	-9.6172087182822E-08	-1214750.625	1.48317485582083E-05
233	175.010606558141	0.336761474609375	0.33673095703125	-2.7618408203125E-07	-9.326171875E-07	-6.5643310546875E-07	-9.29997270304739E-08	-1219226.625	1.4817809642409E-05
234	175.060606558014	0.33172607421875	0.331756591796875	-2.7130126953125E-07	-9.320068359375E-07	-6.6070556640625E-07	-9.00059831110411E-08	-1222834.625	1.4804122656642E-05
235	175.110606557888	0.326690673828125	0.32672119140625	-2.66113281249999E-07	-9.307861328125E-07	-6.64672851562501E-07	-8.69448442131215E-08	-1227752.375	1.47906876009074E-05
236	175.160606557762	0.3216552734375	0.321685791015625	-2.6123046875E-07	-9.3048095703125E-07	-6.69250488281251E-07	-8.40341272123624E-08	-1231425.25	1.47775035657105E-05
237	175.210606557636	0.316619873046875	0.316680908203125	-2.5634765625E-07	-9.307861328125E-07	-6.744384765625E-07	-8.11804028444385E-08	-1235357.125	1.47645641845884E-05
238	175.26060655751	0.31158447265625	0.311614990234375	-2.52380371093749E-07	-9.31701660156251E-07	-6.79321289062501E-07	-7.86455061074776E-08	-1234703.75	1.47518458106788E-05
239	175.310606557383	0.306549072265625	0.3065185546875	-2.47802734374999E-07	-9.326171875E-07	-6.84814453125E-07	-7.5956130274335E-08	-1236945.875	1.47393411680241E-05
240	175.360606557257	0.301513671875	0.301483154296875	-2.4383544921875E-07	-9.34753417968751E-07	-6.9091796875E-07	-7.3512275378107E-08	-1236420.5	1.47270502566244E-05
241	175.410606557131	0.296478271484375	0.29644775390625	-2.398681640625E-07	-9.37805175781251E-07	-6.97937011718751E-07	-7.11083814053382E-08	-1235877.875	1.47149576150696E-05
242	175.460606557005	0.29144287109375	0.291412353515625	-2.35595703124999E-07	-9.4146728515625E-07	-7.05871582031251E-07	-6.86554955109386E-08	-1236917.125	1.47030714288121E-05
243	175.510606556878	0.286407470703125	0.286285400390625	-2.32543945312499E-07	-9.45434570312501E-07	-7.12890625000001E-07	-6.657393214482E-08	-1231102.375	1.46913680509897E-05
244	175.560606556752	0.2813720703125	0.281341552734375	-2.288818359375E-07	-9.50927734375E-07	-7.220458984375E-07	-6.43939728206533E-08	-1229200	1.46798320201924E-05
245	175.610606556626	0.276336669921875	0.2763671875	-2.25830078125E-07	-9.564208984375E-07	-7.305908203125E-07	-6.24120204406609E-08	-1223783.75	1.46684642459149E-05
246	175.6606065565	0.27130126953125	0.271270751953125	-2.2308349609375E-07	-9.63134765625E-07	-7.4005126953125E-07	-6.05160224154133E-08	-1216005.5	1.46572410812951E-05
247	175.710606556373	0.266265869140625	0.26629638671875	-2.20336914062499E-07	-9.70458984375E-07	-7.50122070312501E-07	-5.86749244746443E-08	-1208587.25	1.46461561598699E-05
248	175.760606556247	0.26123046875	0.26123046875	-2.178955078125E-07	-9.783935546875E-07	-7.60498046875E-07	-5.69209461787068E-08	-1198879.625	1.46352003866923E-05
249	175.810606556121	0.256195068359375	0.256256103515625	-2.1514892578125E-07	-9.87548828125E-07	-7.7239990234375E-07	-5.51332242082481E-08	-1191063.875	1.46243737617624E-05
250	175.860606555995	0.25115966796875	0.25115966796875	-2.13012695312501E-07	-9.97314453125001E-07	-7.843017578125E-07	-5.35001944967917E-08	-1179083.125	1.46136699186172E-05
251	175.910606555868	0.246124267578125	0.246124267578125	-2.117919921875E-07	-1.0089111328125E-06	-7.97119140624999E-07	-5.21271488196362E-08	-1162103.75	1.46030497489846E-05
252	175.960606555742	0.2410888671875	0.24114990234375	-2.09960937500001E-07	-1.0211181640625E-06	-8.11157226562499E-07	-5.06320567694729E-08	-1148546.5	1.4592505976907E-05
253	176.010606555616	0.236053466796875	0.236083984375	-2.0904541015625E-07	-1.03515625E-06	-8.26110839843749E-07	-4.93522733790996E-08	-1129343.125	1.45820313264267E-05
254	176.06060655549	0.23101806640625	0.231048583984375	-2.08129882812499E-07	-1.0498046875E-06	-8.41674804687501E-07	-4.80881148234857E-08	-1110117.375	1.45716012411867E-05
255	176.110606555363	0.225982666015625	0.225982666015625	-2.0782470703125E-07	-1.06658935546875E-06	-8.587646484375E-07	-4.69647787326721E-08	-1087371.5	1.45612029882614E-05
256	176.160606555237	0.220947265625	0.220977783203125	-2.0721435546875E-07	-1.08428955078125E-06	-8.770751953125E-07	-4.57897684214004E-08	-1066421.25	1.45508265632088E-05
257	176.210606555111	0.215911865234375	0.215911865234375	-2.06909179687501E-07	-1.1041259765625E-06	-8.97216796875E-07	-4.46741452719834E-08	-1043510.3125	1.45404737850185E-05
258	176.260606554985	0.21087646484375	0.2109375	-2.06909179687501E-07	-1.1248779296875E-06	-9.17968749999999E-07	-4.36449063556665E-08	-1019469.0625	1.45301282827859E-05
259	176.310606554859	0.205841064453125	0.20587158203125	-2.06298828125E-07	-1.1480712890625E-06	-9.417724609375E-07	-4.24710648871951E-08	-997929	1.45197982419631E-05
260	176.360606554732	0.2008056640625	0.200836181640625	-2.05383300781251E-07	-1.1724853515625E-06	-9.67102050781249E-07	-4.12483984746359E-08	-977860.3125	1.45095054904232E-05
261	176.410606554606	0.195770263671875	0.19580078125	-2.0416259765625E-07	-1.199951171875E-06	-9.95788574218749E-07	-3.99751947099958E-08	-959043.375	1.44992673085653E-05
262	176.46060655448	0.19073486328125	0.19073486328125	-2.032470703125E-07	-1.23046875E-06	-1.0272216796875E-06	-3.87663021683693E-08	-938438.4375	1.44890818774002E-05
263	176.510606554354	0.185699462890625	0.1856689453125	-2.00500488281249E-07	-1.2640380859375E-06	-1.06353759765625E-06	-3.7226712379379E-08	-926027.4375	1.44789883051999E-05
264	176.560606554227	0.1806640625	0.180633544921875	-1.96533203125E-07	-1.30035400390625E-06	-1.10382080078125E-06	-3.55004878827003E-08	-919099.4375	1.44690620800247E-05
265	176.610606554101	0.175628662109375	0.1756591796875	-1.904296875E-07	-1.34124755859375E-06	-1.15081787109375E-06	-3.34507213040069E-08	-922435.875	1.44593886943767E-05
266	176.660606553975	0.17059326171875	0.17059326171875	-1.82189941406249E-07	-1.38824462890625E-06	-1.2060546875E-06	-3.1080375606507E-08	-936348.4375	1.44500727401464E-05
267	176.710606553849	0.165557861328125	0.16552734375	-1.71508789062499E-07	-1.44073486328125E-06	-1.26922607421875E-06	-2.83893939467816E-08	-965124.5625	1.44412306326558E-05
268	176.760606553722	0.1605224609375	0.160552978515625	-1.568603515625E-07	-1.50054931640625E-06	-1.34368896484375E-06	-2.51843967902232E-08	-1023540.875	1.44330215334776E-05
269	176.810606553596	0.155487060546875	0.155609130859375	-1.38244628906251E-07	-1.56951904296875E-06	-1.4312744140625E-06	-2.15121271907037E-08	-1125607	1.44256437124568E-05
270	176.86060655347	0.15045166015625	0.150482177734375	-1.1444091796875E-07	-1.64947509765625E-06	-1.5350341796875E-06	-1.72213177052072E-08	-1314933.375	1.44193263622583E-05
271	176.910606553344	0.145416259765625	0.1455078125	-8.51440429687503E-08	-1.74285888671875E-06	-1.65771484375E-06	-1.23891226166961E-08	-1708960.625	1.44143368743244E-05
272	176.960606553217	0.140380859375	0.14044189453125	-5.00488281250003E-08	-1.8505859375E-06	-1.800537109375E-06	-7.02895208704035E-09	-2806097.75	1.44109571920126E-05
273	177.010606553091	0.135345458984375	0.135406494140625	-7.93457031249972E-09	-1.97601318359375E-06	-1.96807861328125E-06	-1.07439235286222E-09	-17065384	1.44095074574579E-05
274	177.060606552965	0.13031005859375	0.130401611328125	4.21142578125006E-08	-2.12066650390625E-06	-2.16278076171875E-06	5.49176659703221E-09	3096377	1.44103614729829E-05
275	177.110606552839	0.125274658203125	0.1253662109375	9.85717773437506E-08	-2.28790283203125E-06	-2.386474609375E-06	1.23575700783363E-08	1271826.625	1.44138793984894E-05
276	177.160606552712	0.1202392578125	0.12030029296875	1.6326904296875E-07	-2.47467041015625E-06	-2.637939453125E-06	1.96413125763684E-08	736822.4375	1.4420425031858E-05
277	177.210606552586	0.115203857421875	0.115264892578125	2.35595703124999E-07	-2.6861572265625E-06	-2.9217529296875E-06	2.71559112974273E-08	489248.71875	1.44303967317683E-05
278	177.26060655246	0.11016845703125	0.110198974609375	3.14941406249999E-07	-2.9205322265625E-06	-3.2354736328125E-06	3.47062183436719E-08	349903.125	1.44441601150902E-05
279	177.310606552334	0.105133056640625	0.10516357421875	4.00695800781251E-07	-3.17626953125E-06	-3.57696533203125E-06	4.21386019411329E-08	262452.40625	1.44620507853688E-05
280	177.360606552208	0.10009765625	0.100189208984375	4.925537109375E-07	-3.45184326171875E-06	-3.94439697265625E-06	4.9348564346019E-08	203407.6875	1.44843825182761E-05
281	177.410606552081	0.095062255859375	0.095123291015625	5.877685546875E-07	-3.7371826171875E-06	-4.324951171875E-06	5.59104798014687E-08	161838	1.45113899634453E-05
282	177.460606551955	0.09002685546875	0.090087890625	6.89086914062501E-07	-4.0362548828125E-06	-4.725341796875E-06	6.20783850990847E-08	130735.1640625	1.45433114084881E-05
283	177.510606551829	0.084991455078125	0.08502197265625	7.85217285156251E-07	-4.3426513671875E-06	-5.12786865234375E-06	6.67607196191966E-08	108278.28125	1.45801695907721E-05
284	177.560606551703	0.0799560546875	0.079986572265625	8.76464843749999E-07	-4.6417236328125E-06	-5.5181884765625E-06	7.0105414806676E-08	91260.4453125	1.46217116707703E-05
285	177.610606551576	0.074920654296875	0.074920654296875	9.56115722656251E-07	-4.9285888671875E-06	-5.88470458984375E-06	7.1632818787748E-08	78359.3984375	1.46675256473827E-05
286	177.66060655145	0.06988525390625	0.06988525390625	1.02203369140625E-06	-5.1971435546875E-06	-6.21917724609375E-06	7.14250774080938E-08	68378.625	1.47169794217916E-05
287	177.710606551324	0.064849853515625	0.064910888671875	1.06842041015625E-06	-5.438232421875E-06	-6.50665283203125E-06	6.93521187145052E-08	60754.07421875	1.47692408063449E-05
288	177.760606551198	0.059814453125	0.059783935546875	1.0906982421875E-06	-5.6427001953125E-06	-6.7333984375E-06	6.52062297490374E-08	54812.53515625	1.48232193168951E-05
289	177.810606551071	0.054779052734375	0.05474853515625	1.08551025390625E-06	-5.804443359375E-06	-6.88995361328125E-06	5.94300963996375E-08	50435.76171875	1.48776243804605E-05
290	177.860606550945	0.04974365234375	0.0497894287109375	1.04461669921875E-06	-5.9173583984375E-06	-6.96197509765625E-06	5.20108649482154E-08	47662.87109375	1.49308771142387E-05
291	177.910606550819	0.044708251953125	0.0447906494140625	9.8388671875E-07	-5.975341796875E-06	-6.959228515625E-06	4.40689227332314E-08	45524.19140625	1.49815896293148E-05
292	177.960606550693	0.0396728515625	0.03974609375	8.868408203125E-07	-5.9814453125E-06	-6.8682861328125E-06	3.52484583743262E-08	44817.62109375	1.50283585753641E-05
293	178.010606550566	0.034637451171875	0.0346954345703125	7.60803222656251E-07	-5.9356689453125E-06	-6.69647216796875E-06	2.63963979563187E-08	45603.6953125	1.50695495904074E-05
294	178.06060655044	0.02960205078125	0.0296783447265625	6.1187744140625E-07	-5.8441162109375E-06	-6.45599365234375E-06	1.81595094517206E-08	48503.73828125	1.51038666444947E-05
295	178.110606550314	0.024566650390625	0.024658203125	4.437255859375E-07	-5.7098388671875E-06	-6.153564453125E-06	1.09414752813564E-08	55570.83984375	1.51302565427613E-05
296	178.160606550188	0.01953125	0.0196014404296875	2.5970458984375E-07	-5.5419921875E-06	-5.80169677734375E-06	5.09058395437023E-09	75475.90625	1.51478416228201E-05
297	178.210606550061	0.014495849609375	0.0145782470703125	6.77490234374994E-08	-5.352783203125E-06	-5.4205322265625E-06	9.87661952223107E-10	215180.1875	1.51560279846308E-05
298	178.260606549935	0.00946044921875	0.00956115722656251	-1.27563476562501E-07	-5.145263671875E-06	-5.0177001953125E-06	-1.21965426647108E-09	-74952.15625	1.51545327753411E-05
299	178.310606549809	0.004425048828125	0.0045013427734375	-3.204345703125E-07	-4.931640625E-06	-4.6112060546875E-06	-1.44238576638145E-09	-14047.619140625	1.51433332575834E-05
300	178.360606549683	-0.0006103515625	-0.000537109374999997	-5.047607421875E-07	-4.7210693359375E-06	-4.21630859375E-06	2.71111744165609E-10	1064.08703613281	1.51227031892631E-05
301	178.410606549557	-0.005645751953125	-0.0055267333984375	-6.81152343749999E-07	-4.5135498046875E-06	-3.8323974609375E-06	3.76454734052345E-09	8113.80029296875	1.50930554809747E-05
302	178.46060654943	-0.01068115234375	-0.01058349609375	-8.3740234375E-07	-4.31243896484375E-06	-3.47503662109375E-06	8.86264395205671E-09	12638.484375	1.50550913531333E-05
303	178.510606549304	-0.015716552734375	-0.0155853271484375	-9.77783203125E-07	-4.12384033203125E-06	-3.14605712890625E-06	1.52390722263362E-08	15939.451171875	1.50097121149884E-05
304	178.560606549178	-0.020751953125	-0.0206085205078125	-1.09893798828125E-06	-3.9483642578125E-06	-2.84942626953125E-06	2.26474856646064E-08	18753.123046875	1.49577936099377E-05
305	178.610606549052	-0.025787353515625	-0.02564697265625	-1.2017822265625E-06	-3.78753662109375E-06	-2.58575439453125E-06	3.08220755584898E-08	21340.783203125	1.49002762555028E-05
306	178.660606548925	-0.03082275390625	-0.03067626953125	-1.2872314453125E-06	-3.6419677734375E-06	-2.354736328125E-06	3.9487456859888E-08	23831.201171875	1.48380504469969E-05
307	178.710606548799	-0.035858154296875	-0.035699462890625	-1.35528564453125E-06	-3.5101318359375E-06	-2.15484619140625E-06	4.83829687425441E-08	26340.916015625	1.47719874803443E-05
308	178.760606548673	-0.0408935546875	-0.0407562255859375	-1.40960693359375E-06	-3.3917236328125E-06	-1.98211669921875E-06	5.74502543315702E-08	28913.185546875	1.47028649735148E-05
309	178.810606548547	-0.045928955078125	-0.0457794189453125	-1.4495849609375E-06	-3.28765869140625E-06	-1.83807373046875E-06	6.63611530171693E-08	31581.052734375	1.46313850564184E-05
310	178.86060654842	-0.05096435546875	-0.050872802734375	-1.47705078125E-06	-3.194580078125E-06	-1.717529296875E-06	7.51417132960341E-08	34442.1484375	1.45582198456395E-05
311	178.910606548294	-0.055999755859375	-0.05596923828125	-1.4984130859375E-06	-3.11309814453125E-06	-1.61468505859375E-06	8.38650393575335E-08	37352.34375	1.44838331834762E-05
312	178.960606548168	-0.06103515625	-0.0609130859375	-1.51123046875E-06	-3.04107666015625E-06	-1.52984619140625E-06	9.20537033266555E-08	40306.94921875	1.44085915962933E-05
313	179.010606548042	-0.066070556640625	-0.066009521484375	-1.51641845703125E-06	-2.978515625E-06	-1.46209716796875E-06	1.00098048960717E-07	43529.88671875	1.43329007187276E-05
314	179.060606547915	-0.07110595703125	-0.071044921875	-1.51763916015625E-06	-2.9241943359375E-06	-1.40655517578125E-06	1.07820554262616E-07	46812.7890625	1.42570488605998E-05
315	179.110606547789	-0.076141357421875	-0.076019287109375	-1.51519775390625E-06	-2.8759765625E-06	-1.36077880859375E-06	1.15184249693812E-07	50171.19921875	1.41812279252918E-05
316	179.160606547663	-0.0811767578125	-0.081085205078125	-1.50970458984375E-06	-2.83447265625E-06	-1.32476806640625E-06	1.22414704151197E-07	53709.3203125	1.41056061693234E-05
317	179.210606547537	-0.086212158203125	-0.08612060546875	-1.5020751953125E-06	-2.79815673828125E-06	-1.29608154296875E-06	1.2935961990479E-07	57334.41796875	1.40303109219531E-05
318	179.26060654741	-0.09124755859375	-0.091156005859375	-1.49261474609375E-06	-2.76702880859375E-06	-1.2744140625E-06	1.36060791078307E-07	61071.35546875	1.39554440465872E-05
319	179.310606547284	-0.096282958984375	-0.096160888671875	-1.4825439453125E-06	-2.740478515625E-06	-1.2579345703125E-06	1.42562740279573E-07	64862.0859375	1.38810646603815E-05
320	179.360606547158	-0.101318359375	-0.10125732421875	-1.47186279296875E-06	-2.71728515625E-06	-1.24542236328125E-06	1.49036893049015E-07	68795.359375	1.38072045956505E-05
321	179.410606547032	-0.106353759765625	-0.106231689453125	-1.46087646484375E-06	-2.6983642578125E-06	-1.23748779296875E-06	1.55191372641639E-07	72717.78125	1.37338865897618E-05
322	179.460606546906	-0.11138916015625	-0.1112060546875	-1.4508056640625E-06	-2.681884765625E-06	-1.2310791015625E-06	1.61338363113828E-07	76651.2421875	1.36610942718107E-05
323	179.510606546779	-0.116424560546875	-0.11627197265625	-1.439208984375E-06	-2.66815185546875E-06	-1.22894287109375E-06	1.67339663903476E-07	80788.8046875	1.35888440127019E-05
324	179.560606546653	-0.1214599609375	-0.12139892578125	-1.429443359375E-06	-2.65716552734375E-06	-1.22772216796875E-06	1.73532882286054E-07	84927.4140625	1.3517127626983E-05
325	179.610606546527	-0.126495361328125	-0.12640380859375	-1.41937255859375E-06	-2.64801025390625E-06	-1.2286376953125E-06	1.79414101353359E-07	89056.1171875	1.34459069158765E-05
326	179.660606546401	-0.13153076171875	-0.1314697265625	-1.4093017578125E-06	-2.6416015625E-06	-1.2322998046875E-06	1.85280512710051E-07	93287.140625	1.33751900648349E-05
327	179.710606546274	-0.136566162109375	-0.136474609375	-1.40106201171875E-06	-2.63702392578125E-06	-1.2359619140625E-06	1.91209380773216E-07	97407.9765625	1.33049315991229E-05
328	179.760606546148	-0.1416015625	-0.141448974609375	-1.39251708984375E-06	-2.63427734375E-06	-1.24176025390625E-06	1.96970120214246E-07	101577.90625	1.32350915009738E-05
329	179.810606546022	-0.146636962890625	-0.146575927734375	-1.38580322265625E-06	-2.63397216796875E-06	-1.2481689453125E-06	2.03125395614734E-07	105769.65625	1.31656343000941E-05
330	179.860606545896	-0.15167236328125	-0.151580810546875	-1.37908935546875E-06	-2.63519287109375E-06	-1.256103515625E-06	2.0904347763917E-07	109913.703125	1.30965117932647E-05
331	179.910606545769	-0.156707763671875	-0.1566162109375	-1.3726806640625E-06	-2.6373291015625E-06	-1.2646484375E-06	2.14984041235766E-07	114095.1484375	1.30277176140225E-05
332	179.960606545643	-0.1617431640625	-0.161651611328125	-1.36810302734375E-06	-2.6422119140625E-06	-1.27410888671875E-06	2.21156042812254E-07	118157.4921875	1.29591981021804E-05
333	180.010606545517	-0.166778564453125	-0.166595458984375	-1.363525390625E-06	-2.647705078125E-06	-1.2841796875E-06	2.27157130439082E-07	122179.9453125	1.28909068735084E-05
334	180.060606545391	-0.17181396484375	-0.17169189453125	-1.3604736328125E-06	-2.6556396484375E-06	-1.295166015625E-06	2.33582284181466E-07	126200.09375	1.28228066387237E-05
335	180.110606545264	-0.176849365234375	-0.176727294921875	-1.3580322265625E-06	-2.66448974609375E-06	-1.30645751953125E-06	2.40001355678032E-07	130134.84375	1.27548446471337E-05
336	180.160606545138	-0.181884765625	-0.1817626953125	-1.3568115234375E-06	-2.67578125E-06	-1.3189697265625E-06	2.46617702259755E-07	133963.109375	1.26869736050139E-05
337	180.210606545012	-0.186920166015625	-0.186798095703125	-1.356201171875E-06	-2.68890380859375E-06	-1.33270263671875E-06	2.53335770139529E-07	137736.28125	1.26191480376292E-05
338	180.260606544886	-0.19195556640625	-0.19183349609375	-1.35711669921875E-06	-2.70263671875E-06	-1.34552001953125E-06	2.6034041411549E-07	141353.734375	1.25513151942869E-05
339	180.310606544759	-0.196990966796875	-0.196868896484375	-1.3580322265625E-06	-2.71942138671875E-06	-1.36138916015625E-06	2.67354295147015E-07	144966.296875	1.24834359667148E-05
340	180.360606544633	-0.2020263671875	-0.201873779296875	-1.361083984375E-06	-2.73681640625E-06	-1.375732421875E-06	2.74767160135525E-07	148318.390625	1.24154585137148E-05
