Potential - Start 1.505 V, Stop -0.205 V, Step -0.005 V; Modulation - Amplitude -0.05 V, Time 0.025 s, Interval time 0.05 s
Index	Base.Time (s)	Potential applied (V)	WE(1).Base.Potential (V)	WE(1).Base.Current (A)	WE(1).Pulse.Current (A)	WE(1).δ.Current (A)	WE(1).Base.Power (W)	WE(1).Base.Resistance (Ω)	WE(1).Base.Charge (C)
1	163.760633586544	1.50497436523438	1.50421142578125	1.2811279296875E-06	6.207275390625E-07	-6.60400390625E-07	1.9270871689514E-06	1174130.625	0
2	163.810633586418	1.49993896484375	1.49993896484375	1.3665771484375E-06	6.3629150390625E-07	-7.30285644531251E-07	2.04978209694673E-06	1097588.25	6.61926264911017E-08
3	163.860633586292	1.49490356445313	1.4947509765625	1.34613037109375E-06	6.26525878906251E-07	-7.19604492187499E-07	2.01212969841436E-06	1110405.75	1.34010306851451E-07
4	163.910633586165	1.4898681640625	1.4892578125	1.3177490234375E-06	6.121826171875E-07	-7.05566406250001E-07	1.9624681044661E-06	1130152.875	2.00607289002619E-07
5	163.960633586039	1.48483276367188	1.48468017578125	1.2872314453125E-06	5.97229003906249E-07	-6.90002441406251E-07	1.91112690117734E-06	1153390.25	2.65731813442471E-07
6	164.010633585913	1.47979736328125	1.47979736328125	1.25885009765625E-06	5.8135986328125E-07	-6.77490234375E-07	1.86284296432859E-06	1175515.25	3.29383851749299E-07
7	164.060633585787	1.47476196289063	1.474609375	1.2310791015625E-06	5.6640625E-07	-6.646728515625E-07	1.81536074705946E-06	1197818.625	3.9163205656223E-07
8	164.11063358566	1.4697265625	1.4697265625	1.204833984375E-06	5.51757812500001E-07	-6.53076171875E-07	1.77077652097068E-06	1219858.125	4.52529889116704E-07
9	164.160633585534	1.46469116210938	1.46392822265625	1.17950439453125E-06	5.3741455078125E-07	-6.4208984375E-07	1.72670968368038E-06	1241138.5	5.12138342401158E-07
10	164.210633585408	1.45965576171875	1.45965576171875	1.15631103515625E-06	5.2398681640625E-07	-6.32324218750001E-07	1.68781593856693E-06	1262338.375	5.70533757127123E-07
11	164.260633585282	1.45462036132813	1.4544677734375	1.13433837890625E-06	5.1116943359375E-07	-6.23168945312499E-07	1.64985863193579E-06	1282216.875	6.27799977337418E-07
12	164.310633585156	1.4495849609375	1.4501953125	1.11419677734375E-06	4.98352050781251E-07	-6.15844726562499E-07	1.61580283020157E-06	1301561.25	6.84013343743572E-07
13	164.360633585029	1.44454956054688	1.4447021484375	1.094970703125E-06	4.8736572265625E-07	-6.07604980468751E-07	1.58190653110069E-06	1319398	7.39242523195571E-07
14	164.410633584903	1.43951416015625	1.4398193359375	1.07666015625E-06	4.7576904296875E-07	-6.0089111328125E-07	1.55019608882867E-06	1337301.625	7.93533331489016E-07
15	164.460633584777	1.43447875976563	1.434326171875	1.06048583984375E-06	4.6539306640625E-07	-5.950927734375E-07	1.52108259499073E-06	1352518	8.4696193880518E-07
16	164.510633584651	1.429443359375	1.42974853515625	1.044921875E-06	4.547119140625E-07	-5.902099609375E-07	1.49397556015174E-06	1368282.75	8.99597125680884E-07
17	164.560633584524	1.42440795898438	1.42425537109375	1.0296630859375E-06	4.44641113281249E-07	-5.85021972656251E-07	1.46650313581631E-06	1383224.75	9.51461743170512E-07
18	164.610633584398	1.41937255859375	1.4190673828125	1.01593017578125E-06	4.351806640625E-07	-5.80749511718751E-07	1.44167336202372E-06	1396815.875	1.00260160706966E-06
19	164.660633584272	1.41433715820313	1.4141845703125	1.00372314453125E-06	4.26330566406249E-07	-5.77392578125001E-07	1.41944974529906E-06	1408938.875	1.05309288755961E-06
20	164.710633584146	1.4093017578125	1.4093017578125	9.91210937500001E-07	4.1778564453125E-07	-5.7342529296875E-07	1.39691519507323E-06	1421798.125	1.10296628008655E-06
21	164.760633584019	1.40426635742188	1.40472412109375	9.7991943359375E-07	4.0924072265625E-07	-5.706787109375E-07	1.37651636578084E-06	1433509.875	1.15224452201801E-06
22	164.810633583893	1.39923095703125	1.3995361328125	9.7015380859375E-07	4.010009765625E-07	-5.6915283203125E-07	1.35776531351439E-06	1442592	1.20099639389082E-06
23	164.860633583767	1.39419555664063	1.39404296875	9.600830078125E-07	3.9337158203125E-07	-5.6671142578125E-07	1.33839694171911E-06	1452002.625	1.24925225009065E-06
24	164.910633583641	1.38916015625	1.38916015625	9.51538085937501E-07	3.8604736328125E-07	-5.65490722656251E-07	1.32183879486547E-06	1459910.25	1.29704278606368E-06
25	164.960633583514	1.38412475585938	1.38397216796875	9.4268798828125E-07	3.79333496093751E-07	-5.633544921875E-07	1.30465389247547E-06	1468112.75	1.34439846988244E-06
26	165.010633583388	1.37908935546875	1.37939453125	9.3505859375E-07	3.72314453125E-07	-5.62744140625E-07	1.28981469060818E-06	1475195.875	1.39134215260128E-06
27	165.060633583262	1.37405395507813	1.373291015625	9.2742919921875E-07	3.6590576171875E-07	-5.615234375E-07	1.27363023239013E-06	1480750.25	1.43790430229274E-06
28	165.110633583136	1.3690185546875	1.36871337890625	9.21020507812501E-07	3.59497070312501E-07	-5.615234375E-07	1.26061308947101E-06	1486083.5	1.48411561440298E-06
29	165.160633583009	1.36398315429688	1.36383056640625	9.14611816406249E-07	3.5369873046875E-07	-5.60913085937499E-07	1.24737550777354E-06	1491157.875	1.53000632963085E-06
30	165.210633582883	1.35894775390625	1.35894775390625	9.0850830078125E-07	3.4820556640625E-07	-5.60302734375E-07	1.23461529710767E-06	1495801.125	1.57558440605499E-06
31	165.260633582757	1.35391235351563	1.35406494140625	9.0362548828125E-07	3.42712402343751E-07	-5.60913085937499E-07	1.22356755127839E-06	1498480.25	1.62088770139235E-06
32	165.310633582631	1.348876953125	1.34918212890625	8.990478515625E-07	3.375244140625E-07	-5.615234375E-07	1.21297932764719E-06	1500678.875	1.66595452810725E-06
33	165.360633582505	1.34384155273438	1.34368896484375	8.941650390625E-07	3.32031250000001E-07	-5.621337890625E-07	1.20147967663797E-06	1502730.5	1.71078488619969E-06
34	165.410633582378	1.33880615234375	1.33880615234375	8.89892578125E-07	3.2684326171875E-07	-5.6304931640625E-07	1.19139360776899E-06	1504458.25	1.75538627900096E-06
35	165.460633582252	1.33377075195313	1.33331298828125	8.868408203125E-07	3.22265625E-07	-5.645751953125E-07	1.18243633551174E-06	1503441.25	1.7998046359935E-06
36	165.510633582126	1.3287353515625	1.3287353515625	8.831787109375E-07	3.1768798828125E-07	-5.65490722656251E-07	1.17351078188221E-06	1504492.125	1.84405507752672E-06
37	165.560633582	1.32369995117188	1.3238525390625	8.807373046875E-07	3.13720703125001E-07	-5.67016601562499E-07	1.16596629595733E-06	1503118.5	1.88815306501056E-06
38	165.610633581873	1.31866455078125	1.3189697265625	8.77990722656249E-07	3.08837890624999E-07	-5.6915283203125E-07	1.158043119176E-06	1502259.25	1.93212122212572E-06
39	165.660633581747	1.31362915039063	1.31378173828125	8.758544921875E-07	3.04565429687501E-07	-5.71289062499999E-07	1.15068166905985E-06	1500000	1.97596727957716E-06
40	165.710633581621	1.30859375	1.30859375	8.73718261718751E-07	2.99987792968751E-07	-5.7373046875E-07	1.14334227419022E-06	1497729.625	2.01970669877483E-06
41	165.760633581495	1.30355834960938	1.3037109375	8.7127685546875E-07	2.95104980468749E-07	-5.76171875000001E-07	1.13589317152218E-06	1496322.25	2.06333152164007E-06
42	165.810633581368	1.29852294921875	1.29852294921875	8.697509765625E-07	2.911376953125E-07	-5.7861328125E-07	1.12939164864656E-06	1492982.5	2.10685720958281E-06
43	165.860633581242	1.29348754882813	1.29364013671875	8.685302734375E-07	2.86865234375E-07	-5.816650390625E-07	1.12356565296068E-06	1489458.875	2.15031423067558E-06
44	165.910633581116	1.2884521484375	1.28814697265625	8.6700439453125E-07	2.8228759765625E-07	-5.84716796875E-07	1.11682902570465E-06	1485744.5	2.19370258491836E-06
45	165.96063358099	1.28341674804688	1.28326416015625	8.6639404296875E-07	2.78625488281251E-07	-5.877685546875E-07	1.1118123666165E-06	1481155.375	2.23703750634741E-06
46	166.010633580863	1.27838134765625	1.2786865234375	8.65478515625E-07	2.74047851562501E-07	-5.91430664062499E-07	1.10667565422773E-06	1477433	2.28033445637266E-06
47	166.060633580737	1.27334594726563	1.2725830078125	8.6517333984375E-07	2.7008056640625E-07	-5.950927734375E-07	1.10100484107534E-06	1470899.5	2.32360071095172E-06
48	166.110633580611	1.268310546875	1.26800537109375	8.642578125E-07	2.655029296875E-07	-5.987548828125E-07	1.09588347640965E-06	1467161	2.36683649745828E-06
49	166.160633580485	1.26327514648438	1.263427734375	8.636474609375E-07	2.6092529296875E-07	-6.0272216796875E-07	1.09115615032351E-06	1462897.625	2.41003408518736E-06
50	166.210633580358	1.25823974609375	1.258544921875	8.6334228515625E-07	2.5634765625E-07	-6.0699462890625E-07	1.08655501662724E-06	1457758.875	2.4532089355489E-06
51	166.260633580232	1.25320434570313	1.25274658203125	8.62731933593749E-07	2.5177001953125E-07	-6.10961914062499E-07	1.08078438643133E-06	1452069.375	2.49636082116922E-06
52	166.310633580106	1.2481689453125	1.2481689453125	8.624267578125E-07	2.4688720703125E-07	-6.1553955078125E-07	1.07645428215619E-06	1447275.25	2.53948974204832E-06
53	166.36063357998	1.24313354492188	1.24267578125	8.624267578125E-07	2.42004394531251E-07	-6.20422363281249E-07	1.07171683794149E-06	1440905.875	2.58261093222245E-06
54	166.410633579854	1.23809814453125	1.23809814453125	8.6212158203125E-07	2.3681640625E-07	-6.2530517578125E-07	1.06739116745302E-06	1436106.25	2.62572461906529E-06
55	166.460633579727	1.23306274414063	1.23321533203125	8.612060546875E-07	2.31323242187501E-07	-6.29882812499999E-07	1.06205254724046E-06	1431963.125	2.66880783783563E-06
56	166.510633579601	1.22802734375	1.22833251953125	8.6090087890625E-07	2.2613525390625E-07	-6.34765625E-07	1.057472559296E-06	1426799	2.71186058853345E-06
57	166.560633579475	1.22299194335938	1.2225341796875	8.60595703125E-07	2.20947265625E-07	-6.396484375E-07	1.05210756373708E-06	1420567.5	2.75489810519502E-06
58	166.610633579349	1.21795654296875	1.2176513671875	8.6029052734375E-07	2.1484375E-07	-6.4544677734375E-07	1.04753394225554E-06	1415395.5	2.79792016044667E-06
59	166.660633579222	1.21292114257813	1.2127685546875	8.59985351562501E-07	2.093505859375E-07	-6.50634765625001E-07	1.04296316294494E-06	1410220	2.84092698166205E-06
60	166.710633579096	1.2078857421875	1.20819091796875	8.5906982421875E-07	2.03552246093749E-07	-6.55517578125001E-07	1.03792035588413E-06	1406394.375	2.88390333480493E-06
61	166.76063357897	1.20285034179688	1.2030029296875	8.5906982421875E-07	1.97448730468749E-07	-6.61621093750001E-07	1.03346349078492E-06	1400355.25	2.92685695058026E-06
62	166.810633578844	1.19781494140625	1.197509765625	8.587646484375E-07	1.91345214843749E-07	-6.67419433593751E-07	1.0283790743415E-06	1394456.375	2.96980283565063E-06
63	166.860633578717	1.19277954101563	1.192626953125	8.58154296874999E-07	1.8463134765625E-07	-6.73522949218749E-07	1.02345791219705E-06	1389758.125	3.01272575597977E-06
64	166.910633578591	1.187744140625	1.18804931640625	8.5784912109375E-07	1.7822265625E-07	-6.7962646484375E-07	1.01916702988092E-06	1384916.375	3.05562593894138E-06
65	166.960633578465	1.18270874023438	1.182861328125	8.56933593750001E-07	1.7120361328125E-07	-6.85729980468751E-07	1.01363355042849E-06	1380341.875	3.09849542645679E-06
66	167.010633578339	1.17767333984375	1.1773681640625	8.5662841796875E-07	1.6448974609375E-07	-6.92138671874999E-07	1.00856698281859E-06	1374421.125	3.1413344458997E-06
67	167.060633578212	1.17263793945313	1.1724853515625	8.563232421875E-07	1.57470703125E-07	-6.988525390625E-07	1.00402644420683E-06	1369208.875	3.18415823130636E-06
68	167.110633578086	1.1676025390625	1.16729736328125	8.55712890625E-07	1.50146484374999E-07	-7.05566406250001E-07	9.9887142823718E-07	1364122.75	3.22695905197179E-06
69	167.16063357796	1.16256713867188	1.16241455078125	8.5479736328125E-07	1.42517089843749E-07	-7.122802734375E-07	9.93628873402486E-07	1359871.5	3.26972190123342E-06
70	167.210633577834	1.15753173828125	1.15753173828125	8.544921875E-07	1.3397216796875E-07	-7.2052001953125E-07	9.89101749837573E-07	1354642.875	3.31245405504887E-06
71	167.260633577707	1.15249633789063	1.1529541015625	8.53881835937501E-07	1.26037597656251E-07	-7.2784423828125E-07	9.84486518973426E-07	1350250.25	3.35516347149678E-06
72	167.310633577581	1.1474609375	1.1474609375	8.5357666015625E-07	1.1749267578125E-07	-7.36083984375E-07	9.79445871962525E-07	1344297.5	3.39784992320347E-06
73	167.360633577455	1.14242553710938	1.142578125	8.526611328125E-07	1.0833740234375E-07	-7.4432373046875E-07	9.74231966210937E-07	1340014.375	3.44050590683764E-06
74	167.410633577329	1.13739013671875	1.1376953125	8.526611328125E-07	9.918212890625E-08	-7.5347900390625E-07	9.70068526839896E-07	1334287.75	3.4831389257306E-06
75	167.460633577203	1.13235473632813	1.1322021484375	8.5174560546875E-07	8.97216796875003E-08	-7.6202392578125E-07	9.64348146226257E-07	1329272.625	3.52574920725601E-06
76	167.510633577076	1.1273193359375	1.1273193359375	8.5174560546875E-07	7.87353515625006E-08	-7.73010253906249E-07	9.60189254328725E-07	1323540	3.56833629666653E-06
77	167.56063357695	1.12228393554688	1.1224365234375	8.5113525390625E-07	6.77490234374994E-08	-7.83386230468751E-07	9.55345285547082E-07	1318752.25	3.61090837941447E-06
78	167.610633576824	1.11724853515625	1.11724853515625	8.514404296875E-07	5.645751953125E-08	-7.9498291015625E-07	9.51270521909464E-07	1312186.375	3.65347273145744E-06
79	167.660633576698	1.11221313476563	1.11236572265625	8.514404296875E-07	4.425048828125E-08	-8.0718994140625E-07	9.47113107940822E-07	1306451.625	3.69604481420538E-06
80	167.710633576571	1.107177734375	1.10687255859375	8.5174560546875E-07	3.08227539062497E-08	-8.209228515625E-07	9.42773851875245E-07	1299534.25	3.73862440028461E-06
81	167.760633576445	1.10214233398438	1.102294921875	8.52355957031251E-07	1.61743164062506E-08	-8.36181640625E-07	9.39547589950962E-07	1293233.125	3.78122695110505E-06
82	167.810633576319	1.09710693359375	1.09771728515625	8.526611328125E-07	1.83105468749972E-09	-8.50830078125001E-07	9.35980835947703E-07	1287401.625	3.82385223929305E-06
83	167.860633576193	1.09207153320313	1.09130859375	8.53881835937501E-07	-1.43432617187494E-08	-8.6822509765625E-07	9.31848603613616E-07	1278055.75	3.86651618100586E-06
84	167.910633576066	1.0870361328125	1.0870361328125	8.55102539062499E-07	-3.11279296874994E-08	-8.86230468749999E-07	9.29527345761016E-07	1271234.875	3.90924060411635E-06
85	167.96063357594	1.08200073242188	1.0821533203125	8.5662841796875E-07	-4.91333007812497E-08	-9.05761718749999E-07	9.27003270589921E-07	1263270.375	3.95203369407682E-06
86	168.010633575814	1.07696533203125	1.0772705078125	8.58459472656251E-07	-6.74438476562497E-08	-9.259033203125E-07	9.24793027934356E-07	1254888.125	3.9949109122972E-06
87	168.060633575688	1.07192993164063	1.07177734375	8.59985351562501E-07	-8.63647460937506E-08	-9.46350097656251E-07	9.21712796753127E-07	1246274	4.0378722587775E-06
88	168.110633575561	1.06689453125	1.06689453125	8.6212158203125E-07	-1.05895996093749E-07	-9.68017578125E-07	9.19792796594265E-07	1237522.125	4.08092500947532E-06
89	168.160633575435	1.06185913085938	1.06170654296875	8.6395263671875E-07	-1.251220703125E-07	-9.8907470703125E-07	9.17264117106242E-07	1228894.375	4.12407689509564E-06
90	168.210633575309	1.05682373046875	1.05712890625	8.6639404296875E-07	-1.44348144531251E-07	-1.0107421875E-06	9.15890154828958E-07	1220148	4.16733519159607E-06
91	168.260633575183	1.05178833007813	1.05194091796875	8.67614746093751E-07	-1.629638671875E-07	-1.03057861328125E-06	9.12679468001443E-07	1212451.625	4.21068580180872E-06
92	168.310633575056	1.0467529296875	1.04644775390625	8.6883544921875E-07	-1.79443359375001E-07	-1.04827880859375E-06	9.09190873699117E-07	1204425.75	4.25409689341905E-06
93	168.36063357493	1.04171752929688	1.0418701171875	8.6944580078125E-07	-1.953125E-07	-1.06475830078125E-06	9.0584956069506E-07	1198315.25	4.29755391451181E-06
94	168.410633574804	1.03668212890625	1.0369873046875	8.685302734375E-07	-2.093505859375E-07	-1.077880859375E-06	9.00654868019046E-07	1193956.5	4.34100320489961E-06
95	168.460633574678	1.03164672851563	1.03179931640625	8.6700439453125E-07	-2.20947265625E-07	-1.08795166015625E-06	8.94574498033762E-07	1190074	4.38439155914239E-06
96	168.510633574552	1.026611328125	1.026611328125	8.642578125E-07	-2.30712890625E-07	-1.094970703125E-06	8.87256874193554E-07	1187853.125	4.42767304775771E-06
97	168.560633574425	1.02157592773438	1.021728515625	8.59680175781249E-07	-2.38037109375E-07	-1.09771728515625E-06	8.7835974227346E-07	1188498.5	4.47077172793797E-06
98	168.610633574299	1.01654052734375	1.01654052734375	8.53881835937501E-07	-2.42919921875E-07	-1.0968017578125E-06	8.68005486154289E-07	1190493.25	4.51361074738088E-06
99	168.660633574173	1.01150512695313	1.01165771484375	8.4686279296875E-07	-2.4566650390625E-07	-1.092529296875E-06	8.56735255183594E-07	1194594.625	4.55612916994141E-06
100	168.710633574047	1.0064697265625	1.0064697265625	8.380126953125E-07	-2.4688720703125E-07	-1.08489990234375E-06	8.43434406760935E-07	1201019.625	4.59825105281197E-06
101	168.76063357392	1.00143432617188	1.0015869140625	8.2855224609375E-07	-2.45056152343751E-07	-1.0736083984375E-06	8.29867076390656E-07	1208839.75	4.63991545984754E-06
102	168.810633573794	0.99639892578125	0.99609375	8.1817626953125E-07	-2.4383544921875E-07	-1.06201171875E-06	8.14980239738361E-07	1217456.125	4.68108373752329E-06
103	168.860633573668	0.991363525390625	0.9918212890625	8.0718994140625E-07	-2.410888671875E-07	-1.04827880859375E-06	8.00588111360412E-07	1228733.5	4.72171768706175E-06
104	168.910633573542	0.986328125	0.9869384765625	7.95898437500001E-07	-2.38037109375E-07	-1.033935546875E-06	7.85502777489455E-07	1240030.75	4.76179502584273E-06
105	168.960633573415	0.981292724609375	0.9820556640625	7.8460693359375E-07	-2.3468017578125E-07	-1.019287109375E-06	7.7052766300767E-07	1251653.125	4.8013075684139E-06
106	169.010633573289	0.97625732421875	0.9759521484375	7.74536132812501E-07	-2.30712890625E-07	-1.0052490234375E-06	7.55910150473937E-07	1260047.375	4.84028623759514E-06
107	169.060633573163	0.971221923828125	0.9710693359375	7.6416015625E-07	-2.26440429687499E-07	-9.906005859375E-07	7.42052463920118E-07	1270766.875	4.87875377075397E-06
108	169.110633573037	0.9661865234375	0.96588134765625	7.5408935546875E-07	-2.23388671874999E-07	-9.77478027343749E-07	7.2836081699279E-07	1280858	4.91670971314306E-06
109	169.16063357291	0.961151123046875	0.9613037109375	7.45849609375E-07	-2.20336914062499E-07	-9.661865234375E-07	7.16987983651052E-07	1288870.75	4.95420817969716E-06
110	169.210633572784	0.95611572265625	0.95611572265625	7.37609863281249E-07	-2.1820068359375E-07	-9.55810546875E-07	7.05240381648764E-07	1296235	4.99129464515136E-06
111	169.260633572658	0.951080322265625	0.950927734375	7.2967529296875E-07	-2.166748046875E-07	-9.4635009765625E-07	6.93868457801727E-07	1303220.5	5.02797684021061E-06
112	169.310633572532	0.946044921875	0.94635009765625	7.232666015625E-07	-2.15759277343749E-07	-9.3902587890625E-07	6.84463373090693E-07	1308438.875	5.06430023961002E-06
113	169.360633572406	0.941009521484375	0.94085693359375	7.1746826171875E-07	-2.154541015625E-07	-9.3292236328125E-07	6.75034982577927E-07	1311356.875	5.10031895828433E-06
114	169.410633572279	0.93597412109375	0.93597412109375	7.11975097656251E-07	-2.154541015625E-07	-9.2742919921875E-07	6.66390235437575E-07	1314616.375	5.1360548241064E-06
115	169.460633572153	0.930938720703125	0.93109130859375	7.07092285156249E-07	-2.16064453125001E-07	-9.2315673828125E-07	6.58367468986398E-07	1316789	5.17153148393845E-06
116	169.510633572027	0.9259033203125	0.92559814453125	7.0343017578125E-07	-2.17285156249999E-07	-9.20715332031249E-07	6.51093614578713E-07	1315835.25	5.20679441251559E-06
117	169.560633571901	0.920867919921875	0.9210205078125	6.99768066406251E-07	-2.2003173828125E-07	-9.197998046875E-07	6.4450074432898E-07	1316179.625	5.24187453265768E-06
118	169.610633571774	0.91583251953125	0.91583251953125	6.97021484375E-07	-2.227783203125E-07	-9.197998046875E-07	6.38354890725168E-07	1313923	5.2767941269849E-06
119	169.660633571648	0.910797119140625	0.91094970703125	6.939697265625E-07	-2.25830078125E-07	-9.197998046875E-07	6.32171463621489E-07	1312665	5.31156911165453E-06
120	169.710633571522	0.90576171875	0.90606689453125	6.9122314453125E-07	-2.29492187499999E-07	-9.20715332031249E-07	6.2629442254547E-07	1310816.75	5.34619903191924E-06
121	169.760633571396	0.900726318359375	0.90057373046875	6.89697265625E-07	-2.3345947265625E-07	-9.2315673828125E-07	6.21123206201446E-07	1305752.25	5.38072208655649E-06
122	169.810633571269	0.89569091796875	0.89599609375	6.87255859375E-07	-2.3773193359375E-07	-9.2498779296875E-07	6.15778560586477E-07	1303730	5.41514555152389E-06
123	169.860633571143	0.890655517578125	0.89111328125	6.854248046875E-07	-2.43225097656249E-07	-9.28649902343749E-07	6.1079111901563E-07	1300089.125	5.44946260561119E-06
124	169.910633571017	0.8856201171875	0.8856201171875	6.8359375E-07	-2.484130859375E-07	-9.320068359375E-07	6.05404352427286E-07	1295535.75	5.48368825548096E-06
125	169.960633570891	0.880584716796875	0.880126953125	6.817626953125E-07	-2.53906249999999E-07	-9.356689453125E-07	6.00037708409218E-07	1290958	5.51782204638585E-06
126	170.010633570764	0.87554931640625	0.8758544921875	6.8023681640625E-07	-2.5909423828125E-07	-9.39331054687501E-07	5.95788435475697E-07	1287573	5.55187216377817E-06
127	170.060633570638	0.870513916015625	0.8709716796875	6.7901611328125E-07	-2.64892578125001E-07	-9.43908691406251E-07	5.9140376151845E-07	1282696.75	5.58585361432051E-06
128	170.110633570512	0.865478515625	0.86517333984375	6.78100585937499E-07	-2.7130126953125E-07	-9.4940185546875E-07	5.86674502756068E-07	1275877.625	5.61978140467545E-06
129	170.160633570386	0.860443115234375	0.86090087890625	6.7626953125E-07	-2.7740478515625E-07	-9.5367431640625E-07	5.8220103937856E-07	1273014.5	5.6536405281804E-06
130	170.210633570259	0.85540771484375	0.85540771484375	6.7413330078125E-07	-2.8411865234375E-07	-9.58251953125E-07	5.76658806039632E-07	1268900	5.68740051676286E-06
131	170.260633570133	0.850372314453125	0.850830078125	6.72302246093751E-07	-2.90832519531251E-07	-9.63134765625001E-07	5.72014982935798E-07	1265547	5.72106137042283E-06
132	170.310633570007	0.8453369140625	0.845947265625	6.7138671875E-07	-2.9754638671875E-07	-9.6893310546875E-07	5.67957783914608E-07	1260000	5.75465401198016E-06
133	170.360633569881	0.840301513671875	0.84075927734375	6.69250488281251E-07	-3.0487060546875E-07	-9.74121093750001E-07	5.62678565074748E-07	1256270	5.7881698012352E-06
134	170.410633569755	0.83526611328125	0.8355712890625	6.67419433593749E-07	-3.125E-07	-9.7991943359375E-07	5.57676514745253E-07	1251943.25	5.82158645556774E-06
135	170.460633569628	0.830230712890625	0.83038330078125	6.65283203125E-07	-3.204345703125E-07	-9.857177734375E-07	5.52440042156377E-07	1248165.125	5.85490397497779E-06
136	170.510633569502	0.8251953125	0.82550048828125	6.640625E-07	-3.28979492187501E-07	-9.930419921875E-07	5.48183891169174E-07	1243106.625	5.88813782087527E-06
137	170.560633569376	0.820159912109375	0.82061767578125	6.622314453125E-07	-3.38134765625001E-07	-1.0003662109375E-06	5.4343877309293E-07	1239170.625	5.92129481447046E-06
138	170.61063356925	0.81512451171875	0.8160400390625	6.6131591796875E-07	-3.48510742187499E-07	-1.00982666015625E-06	5.39660220510996E-07	1233964.125	5.95438359596301E-06
139	170.660633569123	0.810089111328125	0.81024169921875	6.60095214843751E-07	-3.60717773437499E-07	-1.02081298828125E-06	5.34836658516724E-07	1227461.875	5.98741917201551E-06
140	170.710633568997	0.8050537109375	0.80535888671875	6.59790039062499E-07	-3.73229980468751E-07	-1.03302001953125E-06	5.31367788880743E-07	1220629	6.02041609454318E-06
141	170.760633568871	0.800018310546875	0.8001708984375	6.60095214843751E-07	-3.89404296875E-07	-1.04949951171875E-06	5.28188991211209E-07	1212205.25	6.0534134718182E-06
142	170.810633568745	0.79498291015625	0.7952880859375	6.5948486328125E-07	-4.06799316406251E-07	-1.0662841796875E-06	5.24480412877892E-07	1205923.25	6.08640266364091E-06
143	170.860633568618	0.789947509765625	0.789794921875	6.610107421875E-07	-4.2755126953125E-07	-1.08856201171875E-06	5.22062919117161E-07	1194829.125	6.11941504757851E-06
144	170.910633568492	0.784912109375	0.78521728515625	6.63146972656251E-07	-4.49218749999999E-07	-1.11236572265625E-06	5.20714479534945E-07	1184077.25	6.152519290481E-06
145	170.960633568366	0.779876708984375	0.77972412109375	6.671142578125E-07	-4.74853515625E-07	-1.1419677734375E-06	5.20165087891655E-07	1168801.5	6.18577541899867E-06
146	171.01063356824	0.77484130859375	0.775146484375	6.7169189453125E-07	-5.04150390624999E-07	-1.17584228515625E-06	5.20659568792325E-07	1154021	6.21924573351862E-06
147	171.060633568113	0.769805908203125	0.770263671875	6.77490234375E-07	-5.3741455078125E-07	-1.21490478515625E-06	5.21846118317626E-07	1136937	6.25297525402857E-06
148	171.110633567987	0.7647705078125	0.765380859375	6.8511962890625E-07	-5.74340820312499E-07	-1.25946044921875E-06	5.24377469446335E-07	1117149.25	6.28704037808347E-06
149	171.160633567861	0.759735107421875	0.7598876953125	6.939697265625E-07	-6.1614990234375E-07	-1.31011962890625E-06	5.27339011568984E-07	1094986.875	6.32151795798563E-06
150	171.210633567735	0.75469970703125	0.7550048828125	7.0465087890625E-07	-6.6192626953125E-07	-1.3665771484375E-06	5.32014837517636E-07	1071459.5	6.35648348179529E-06
151	171.260633567608	0.749664306640625	0.7496337890625	7.18078613281251E-07	-7.1258544921875E-07	-1.4306640625E-06	5.38295978458336E-07	1043943.9375	6.39205154584488E-06
152	171.310633567482	0.74462890625	0.74456787109375	7.30285644531251E-07	-7.672119140625E-07	-1.49749755859375E-06	5.43747205483669E-07	1019557.0625	6.42826080365921E-06
153	171.360633567356	0.739593505859375	0.739471435546875	7.4493408203125E-07	-8.2366943359375E-07	-1.568603515625E-06	5.50857464531873E-07	992666.9375	6.46514126856346E-06
154	171.41063356723	0.73455810546875	0.7344970703125	7.598876953125E-07	-8.831787109375E-07	-1.64306640625E-06	5.5813524113546E-07	966586.375	6.50276160740759E-06
155	171.460633567104	0.729522705078125	0.7293701171875	7.7545166015625E-07	-9.429931640625E-07	-1.71844482421875E-06	5.65591278700595E-07	940574.5625	6.54114501230652E-06
156	171.510633566977	0.7244873046875	0.724395751953125	7.9010009765625E-07	-1.0009765625E-06	-1.79107666015625E-06	5.7234518635596E-07	916840.5	6.58028375255526E-06
157	171.560633566851	0.719451904296875	0.7193603515625	8.03527832031251E-07	-1.0565185546875E-06	-1.86004638671875E-06	5.78026060793491E-07	895252.5625	6.62012462271377E-06
158	171.610633566725	0.71441650390625	0.71435546875	8.14208984375001E-07	-1.107177734375E-06	-1.92138671875E-06	5.81634651553031E-07	877361.3125	6.66056803311221E-06
159	171.660633566599	0.709381103515625	0.709320068359375	8.2244873046875E-07	-1.151123046875E-06	-1.97357177734375E-06	5.83379403451545E-07	862449	6.70148438075557E-06
160	171.710633566472	0.704345703125	0.704345703125	8.26110839843749E-07	-1.1871337890625E-06	-2.01324462890625E-06	5.81867595883523E-07	852604.375	6.74269858791376E-06
161	171.760633566346	0.699310302734375	0.69921875	8.2366943359375E-07	-1.2127685546875E-06	-2.03643798828125E-06	5.75925128032395E-07	848907	6.78394280839711E-06
162	171.81063356622	0.69427490234375	0.694244384765625	8.160400390625E-07	-1.229248046875E-06	-2.0452880859375E-06	5.66531184631458E-07	850747.9375	6.82493555359542E-06
163	171.860633566094	0.689239501953125	0.68914794921875	8.0230712890625E-07	-1.2353515625E-06	-2.03765869140625E-06	5.52908318240952E-07	858957.8125	6.86539442540379E-06
164	171.910633565967	0.6842041015625	0.68408203125	7.8155517578125E-07	-1.23138427734375E-06	-2.012939453125E-06	5.34647824679269E-07	875283.125	6.90499109623488E-06
165	171.960633565841	0.679168701171875	0.67913818359375	7.54699707031251E-07	-1.2176513671875E-06	-1.97235107421875E-06	5.12545341280202E-07	899878.75	6.94339723850135E-06
166	172.010633565715	0.67413330078125	0.674072265625	7.2296142578125E-07	-1.1956787109375E-06	-1.91864013671875E-06	4.87328236431495E-07	932376.5	6.98033909429796E-06
167	172.060633565589	0.669097900390625	0.669097900390625	6.866455078125E-07	-1.16668701171875E-06	-1.85333251953125E-06	4.59433039168289E-07	974444.5	7.01557928550756E-06
168	172.110633565462	0.6640625	0.663970947265625	6.47583007812499E-07	-1.1309814453125E-06	-1.778564453125E-06	4.29976267923848E-07	1025306.375	7.04893454894773E-06
169	172.160633565336	0.659027099609375	0.65899658203125	6.06384277343749E-07	-1.09130859375E-06	-1.69769287109375E-06	3.99605170287032E-07	1086764	7.08028392182314E-06
170	172.21063356521	0.65399169921875	0.653961181640625	5.6610107421875E-07	-1.0491943359375E-06	-1.61529541015625E-06	3.70208113054105E-07	1155202.25	7.10959602656658E-06
171	172.260633565084	0.648956298828125	0.64886474609375	5.26123046875E-07	-1.00616455078125E-06	-1.53228759765625E-06	3.41382673241242E-07	1233294.75	7.13690178599791E-06
172	172.310633564957	0.6439208984375	0.64385986328125	4.8828125E-07	-9.6221923828125E-07	-1.45050048828125E-06	3.14384664079626E-07	1318625.125	7.16226168151479E-06
173	172.360633564831	0.638885498046875	0.63885498046875	4.53796386718749E-07	-9.19189453124999E-07	-1.37298583984375E-06	2.89910076389788E-07	1407800.875	7.1858139563119E-06
174	172.410633564705	0.63385009765625	0.63385009765625	4.229736328125E-07	-8.77685546875E-07	-1.3006591796875E-06	2.68101871370163E-07	1498557.125	7.20773277862463E-06
175	172.460633564579	0.628814697265625	0.628875732421875	3.948974609375E-07	-8.380126953125E-07	-1.23291015625E-06	2.4834142209329E-07	1592503.875	7.22817958376254E-06
176	172.510633564453	0.623779296875	0.62371826171875	3.7078857421875E-07	-8.0078125E-07	-1.17156982421875E-06	2.31267605954599E-07	1682140	7.24732171875075E-06
177	172.560633564326	0.618743896484375	0.618804931640625	3.50341796875001E-07	-7.659912109375E-07	-1.1163330078125E-06	2.16793225149559E-07	1766289.25	7.26535017747665E-06
178	172.6106335642	0.61370849609375	0.6136474609375	3.31726074218749E-07	-7.3394775390625E-07	-1.065673828125E-06	2.03562848355432E-07	1849862.125	7.28240183889284E-06
179	172.660633564074	0.608673095703125	0.608642578125	3.1585693359375E-07	-7.0465087890625E-07	-1.0205078125E-06	1.92243973629047E-07	1926956.5	7.29859129933175E-06
180	172.710633563948	0.6036376953125	0.603546142578125	3.0242919921875E-07	-6.7779541015625E-07	-9.80224609374999E-07	1.82529973358214E-07	1995661	7.31404861653573E-06
181	172.760633563821	0.598602294921875	0.5986328125	2.92053222656249E-07	-6.54296875E-07	-9.4635009765625E-07	1.74832635480016E-07	2049738.875	7.3289106694574E-06
182	172.810633563695	0.59356689453125	0.59356689453125	2.8350830078125E-07	-6.33544921875E-07	-9.1705322265625E-07	1.68281133028358E-07	2093649.25	7.34329978513415E-06
183	172.860633563569	0.588531494140625	0.588531494140625	2.777099609375E-07	-6.15234375E-07	-8.929443359375E-07	1.63441043810053E-07	2119231	7.35733010515105E-06
184	172.910633563443	0.58349609375	0.58355712890625	2.72521972656251E-07	-5.9814453125E-07	-8.70666503906251E-07	1.59032126134662E-07	2141321.5	7.37108575776801E-06
185	172.960633563316	0.578460693359375	0.578460693359375	2.685546875E-07	-5.8258056640625E-07	-8.5113525390625E-07	1.55348331531968E-07	2153977.25	7.38461267246748E-06
186	173.01063356319	0.57342529296875	0.573455810546875	2.6702880859375E-07	-5.6884765625E-07	-8.3587646484375E-07	1.53129221303061E-07	2147542.75	7.39800225346698E-06
187	173.060633563064	0.568389892578125	0.568389892578125	2.6580810546875E-07	-5.56030273437499E-07	-8.21838378906249E-07	1.51082630850397E-07	2138346.75	7.4113231676165E-06
188	173.110633562938	0.5633544921875	0.563323974609375	2.6519775390625E-07	-5.4443359375E-07	-8.09631347656251E-07	1.49392249682023E-07	2124165.75	7.42459860703093E-06
189	173.160633562811	0.558319091796875	0.558319091796875	2.64892578125001E-07	-5.328369140625E-07	-7.977294921875E-07	1.47894581914443E-07	2107719	7.43785085433046E-06
190	173.210633562685	0.55328369140625	0.55328369140625	2.64892578125001E-07	-5.2337646484375E-07	-7.88269042968751E-07	1.46560736880019E-07	2088709.625	7.45109537092503E-06
191	173.260633562559	0.548248291015625	0.548248291015625	2.6519775390625E-07	-5.1422119140625E-07	-7.794189453125E-07	1.45394210449012E-07	2067318.875	7.46434761822456E-06
192	173.310633562433	0.543212890625	0.543212890625	2.66418457031251E-07	-5.0537109375E-07	-7.7178955078125E-07	1.44721937545E-07	2038946.25	7.47763806430157E-06
193	173.360633562306	0.538177490234375	0.538116455078125	2.6702880859375E-07	-4.974365234375E-07	-7.6446533203125E-07	1.43692602705414E-07	2015200	7.49097443986102E-06
194	173.41063356218	0.53314208984375	0.533172607421875	2.67944335937501E-07	-4.89501953125E-07	-7.57446289062501E-07	1.42860571372694E-07	1989863.375	7.50434855945059E-06
195	173.460633562054	0.528106689453125	0.528045654296875	2.69165039062499E-07	-4.8248291015625E-07	-7.51647949218749E-07	1.42131426628112E-07	1961791.375	7.51777633922757E-06
196	173.510633561928	0.5230712890625	0.523040771484375	2.703857421875E-07	-4.7637939453125E-07	-7.4676513671875E-07	1.41422759725174E-07	1934424.5	7.53126505514956E-06
197	173.560633561802	0.518035888671875	0.518035888671875	2.70996093750001E-07	-4.69970703125E-07	-7.40966796875001E-07	1.40385694180623E-07	1911599.125	7.54479970055399E-06
198	173.610633561675	0.51300048828125	0.51300048828125	2.72521972656251E-07	-4.64782714843751E-07	-7.37304687500001E-07	1.39803901788582E-07	1882418.875	7.55838755139848E-06
199	173.660633561549	0.507965087890625	0.507965087890625	2.73742675781249E-07	-4.5928955078125E-07	-7.33032226562499E-07	1.39051721248507E-07	1855629.875	7.57204406909295E-06
200	173.710633561423	0.5029296875	0.502960205078125	2.7435302734375E-07	-4.54101562500001E-07	-7.28454589843751E-07	1.37988649839826E-07	1833259.125	7.58574651626986E-06
201	173.760633561297	0.497894287109375	0.497894287109375	2.75573730468751E-07	-4.49523925781251E-07	-7.25097656250001E-07	1.3720656966143E-07	1806755.375	7.59949489292921E-06
202	173.81063356117	0.49285888671875	0.492919921875	2.7618408203125E-07	-4.4586181640625E-07	-7.220458984375E-07	1.36136634409922E-07	1784751.5	7.61328874432365E-06
203	173.860633561044	0.487823486328125	0.48785400390625	2.7740478515625E-07	-4.41894531250001E-07	-7.19299316406251E-07	1.35333038997487E-07	1758635.875	7.62712852520053E-06
204	173.910633560918	0.4827880859375	0.482757568359375	2.78320312499999E-07	-4.376220703125E-07	-7.159423828125E-07	1.34361229697788E-07	1734539.5	7.64102151151747E-06
205	173.960633560792	0.477752685546875	0.47772216796875	2.79541015625E-07	-4.351806640625E-07	-7.14721679687499E-07	1.33542940261577E-07	1708952	7.65496770327445E-06
206	174.010633560665	0.47271728515625	0.47271728515625	2.8076171875E-07	-4.32434082031249E-07	-7.13195800781249E-07	1.32720913370576E-07	1683695.625	7.66897574067116E-06
207	174.060633560539	0.467681884765625	0.4676513671875	2.8228759765625E-07	-4.290771484375E-07	-7.1136474609375E-07	1.3201218962422E-07	1656648.625	7.6830519901705E-06
208	174.110633560413	0.462646484375	0.46270751953125	2.83203125000001E-07	-4.2694091796875E-07	-7.10144042968751E-07	1.31040209794264E-07	1633836.25	7.69718917581486E-06
209	174.160633560287	0.457611083984375	0.4576416015625	2.84729003906251E-07	-4.25109863281251E-07	-7.09838867187501E-07	1.30303831724632E-07	1607288.375	7.71138729760423E-06
210	174.21063356016	0.45257568359375	0.45257568359375	2.8564453125E-07	-4.23583984375001E-07	-7.09228515625E-07	1.29275761651115E-07	1584401.75	7.72564635553863E-06
211	174.260633560034	0.447540283203125	0.447601318359375	2.8656005859375E-07	-4.2144775390625E-07	-7.080078125E-07	1.28264645127274E-07	1561981	7.73995179770282E-06
212	174.310633559908	0.4425048828125	0.442474365234375	2.880859375E-07	-4.20227050781249E-07	-7.0831298828125E-07	1.27470642041771E-07	1535911	7.75431817601202E-06
213	174.360633559782	0.437469482421875	0.437408447265625	2.89001464843749E-07	-4.1839599609375E-07	-7.07397460937499E-07	1.26411677570104E-07	1513516.375	7.76874549046624E-06
214	174.410633559655	0.43243408203125	0.43243408203125	2.899169921875E-07	-4.168701171875E-07	-7.06787109375E-07	1.25369979286916E-07	1491579	7.78321827965556E-06
215	174.460633559529	0.427398681640625	0.427398681640625	2.9022216796875E-07	-4.150390625E-07	-7.0526123046875E-07	1.24040568039163E-07	1472660.5	7.79772199166473E-06
216	174.510633559403	0.42236328125	0.42230224609375	2.90527343749999E-07	-4.132080078125E-07	-7.037353515625E-07	1.22690352100108E-07	1453571.5	7.81224025558913E-06
217	174.560633559277	0.417327880859375	0.417327880859375	2.911376953125E-07	-4.11071777343749E-07	-7.0220947265625E-07	1.21499880378906E-07	1433438.125	7.82678216637578E-06
218	174.610633559151	0.41229248046875	0.412322998046875	2.91748046875E-07	-4.0924072265625E-07	-7.00988769531249E-07	1.20294430416834E-07	1413284.5	7.84135409048758E-06
219	174.660633559024	0.407257080078125	0.407257080078125	2.9144287109375E-07	-4.0740966796875E-07	-6.988525390625E-07	1.1869217075855E-07	1397382.25	7.85593420005171E-06
220	174.710633558898	0.4022216796875	0.40228271484375	2.9144287109375E-07	-4.0557861328125E-07	-6.97021484375E-07	1.17242421993069E-07	1380314.25	7.87050612416351E-06
221	174.760633558772	0.397186279296875	0.397216796875	2.911376953125E-07	-4.03442382812499E-07	-6.94580078125E-07	1.15644780862567E-07	1364360.625	7.8850707723177E-06
222	174.810633558646	0.39215087890625	0.39208984375	2.9144287109375E-07	-4.00695800781251E-07	-6.92138671875001E-07	1.14271784923403E-07	1345340.375	7.8996354204719E-06
223	174.860633558519	0.387115478515625	0.3870849609375	2.911376953125E-07	-3.9947509765625E-07	-6.90612792968751E-07	1.12695026643905E-07	1329559.75	7.91420006862609E-06
224	174.910633558393	0.382080078125	0.38214111328125	2.90527343749999E-07	-3.97644042968751E-07	-6.8817138671875E-07	1.11022437465635E-07	1315336.125	7.92874106991803E-06
225	174.960633558267	0.377044677734375	0.377044677734375	2.90527343749999E-07	-3.96118164062501E-07	-6.866455078125E-07	1.09541787196576E-07	1297794.125	7.94326751929475E-06
226	175.010633558141	0.37200927734375	0.372039794921875	2.90527343749999E-07	-3.9520263671875E-07	-6.85729980468749E-07	1.08087732542117E-07	1280567.25	7.95779396867147E-06
227	175.060633558014	0.366973876953125	0.36700439453125	2.90832519531251E-07	-3.9337158203125E-07	-6.84204101562501E-07	1.06736806060326E-07	1261909.875	7.9723276940058E-06
228	175.110633557888	0.3619384765625	0.3619384765625	2.90832519531251E-07	-3.92761230468749E-07	-6.8359375E-07	1.05263474381445E-07	1244491.125	7.98686960479245E-06
229	175.160633557762	0.356903076171875	0.356903076171875	2.9144287109375E-07	-3.924560546875E-07	-6.8389892578125E-07	1.04016855573263E-07	1224607.375	8.00142606749432E-06
230	175.210633557636	0.35186767578125	0.35186767578125	2.92053222656249E-07	-3.9215087890625E-07	-6.84204101562499E-07	1.0276408346499E-07	1204806.75	8.01601436251076E-06
231	175.260633557509	0.346832275390625	0.346832275390625	2.9266357421875E-07	-3.91845703125E-07	-6.84509277343751E-07	1.0150517226748E-07	1185088.625	8.03063176135765E-06
232	175.310633557383	0.341796875	0.34173583984375	2.9327392578125E-07	-3.9215087890625E-07	-6.854248046875E-07	1.00222209198364E-07	1165244.5	8.04528008302441E-06
233	175.360633557257	0.336761474609375	0.336761474609375	2.93579101562499E-07	-3.9215087890625E-07	-6.85729980468749E-07	9.88661312817385E-08	1147089.375	8.05995114205871E-06
234	175.410633557131	0.33172607421875	0.331756591796875	2.9449462890625E-07	-3.93066406250001E-07	-6.87561035156251E-07	9.77005285562882E-08	1126528.625	8.07465312391287E-06
235	175.460633557004	0.326690673828125	0.32672119140625	2.9571533203125E-07	-3.94287109374999E-07	-6.9000244140625E-07	9.66164606097664E-08	1104850.375	8.08940876595443E-06
236	175.510633556878	0.3216552734375	0.3216552734375	2.96936035156251E-07	-3.9520263671875E-07	-6.92138671875001E-07	9.55110408540349E-08	1083247.625	8.10422534414101E-06
237	175.560633556752	0.316619873046875	0.31671142578125	2.978515625E-07	-3.9703369140625E-07	-6.9488525390625E-07	9.43329894198541E-08	1063319.75	8.1190946730203E-06
238	175.610633556626	0.31158447265625	0.3115234375	2.98461914062501E-07	-3.9825439453125E-07	-6.96716308593751E-07	9.29778778413493E-08	1043762.8125	8.13400220067706E-06
239	175.6606335565	0.306549072265625	0.306488037109375	2.99987792968751E-07	-4.0008544921875E-07	-7.000732421875E-07	9.19426668133383E-08	1021668.375	8.14896338852122E-06
240	175.710633556373	0.301513671875	0.301513671875	3.01208496093749E-07	-4.0283203125E-07	-7.04040527343749E-07	9.08184816239554E-08	1001013.125	8.16399369796272E-06
241	175.760633556247	0.296478271484375	0.2965087890625	3.0242919921875E-07	-4.05273437500001E-07	-7.0770263671875E-07	8.96729090982262E-08	980423.875	8.17908494354924E-06
242	175.810633556121	0.29144287109375	0.2913818359375	3.03955078125E-07	-4.0740966796875E-07	-7.1136474609375E-07	8.85669848571524E-08	958634.5625	8.19424440123839E-06
243	175.860633555995	0.286407470703125	0.286407470703125	3.0487060546875E-07	-4.1015625E-07	-7.15026855468751E-07	8.73172183446513E-08	939439.4375	8.20946479507256E-06
244	175.910633555868	0.2813720703125	0.281402587890625	3.070068359375E-07	-4.132080078125E-07	-7.2021484375E-07	8.63925109229058E-08	916600.4375	8.22476158646168E-06
245	175.960633555742	0.276336669921875	0.276397705078125	3.0853271484375E-07	-4.168701171875E-07	-7.2540283203125E-07	8.52777333193444E-08	895845.6875	8.24015023681568E-06
246	176.010633555616	0.27130126953125	0.271331787109375	3.1005859375E-07	-4.20227050781249E-07	-7.30285644531249E-07	8.41287501884835E-08	875098.4375	8.25561528472463E-06
247	176.06063355549	0.266265869140625	0.26629638671875	3.11279296875E-07	-4.241943359375E-07	-7.354736328125E-07	8.28925479368081E-08	855490.25	8.27114854473621E-06
248	176.110633555363	0.26123046875	0.26116943359375	3.131103515625E-07	-4.2877197265625E-07	-7.4188232421875E-07	8.17748500026028E-08	834113.0625	8.28675820230274E-06
249	176.160633555237	0.256195068359375	0.256195068359375	3.1463623046875E-07	-4.3365478515625E-07	-7.48291015624999E-07	8.06082525173224E-08	814258	8.30245153338183E-06
250	176.210633555111	0.25115966796875	0.251190185546875	3.16772460937501E-07	-4.38232421875E-07	-7.550048828125E-07	7.95701353695222E-08	792967.25	8.3182367234258E-06
251	176.260633554985	0.246124267578125	0.246124267578125	3.192138671875E-07	-4.4403076171875E-07	-7.6324462890625E-07	7.85662734870129E-08	771032.5625	8.33413650980219E-06
252	176.310633554858	0.2410888671875	0.241119384765625	3.2073974609375E-07	-4.50439453125E-07	-7.71179199218749E-07	7.73365655959424E-08	751760.25	8.35013543110108E-06
253	176.360633554732	0.236053466796875	0.236083984375	3.22265625E-07	-4.56848144531249E-07	-7.79113769531249E-07	7.608174712459E-08	732575.8125	8.36621074995492E-06
254	176.410633554606	0.23101806640625	0.231048583984375	3.24401855468751E-07	-4.6417236328125E-07	-7.8857421875E-07	7.49525881360569E-08	712229.5625	8.38237701827893E-06
255	176.46063355448	0.225982666015625	0.226043701171875	3.27148437499999E-07	-4.730224609375E-07	-8.00170898437499E-07	7.39498418056428E-08	690951.5	8.39866606838768E-06
256	176.510633554353	0.220947265625	0.220916748046875	3.28979492187501E-07	-4.82177734375E-07	-8.11157226562501E-07	7.26770821302125E-08	671521.3125	8.41506971482886E-06
257	176.560633554227	0.215911865234375	0.2159423828125	3.31726074218749E-07	-4.925537109375E-07	-8.2427978515625E-07	7.1633714071595E-08	650966	8.43158704810776E-06
258	176.610633554101	0.21087646484375	0.210906982421875	3.35083007812501E-07	-5.0323486328125E-07	-8.38317871093751E-07	7.06713478848542E-08	629417.125	8.44825717649655E-06
259	176.660633553975	0.205841064453125	0.205841064453125	3.38134765625001E-07	-5.16357421875E-07	-8.544921875E-07	6.9602016594672E-08	608754.5625	8.46508737595286E-06
260	176.710633553849	0.2008056640625	0.20086669921875	3.4210205078125E-07	-5.3070068359375E-07	-8.72802734375E-07	6.87169077195904E-08	587154.3125	8.48209401738131E-06
261	176.760633553722	0.195770263671875	0.19573974609375	3.466796875E-07	-5.4656982421875E-07	-8.93249511718749E-07	6.78589913150063E-08	564612.6875	8.49931348056998E-06
262	176.810633553596	0.19073486328125	0.190765380859375	3.51867675781251E-07	-5.657958984375E-07	-9.17663574218751E-07	6.71241693339653E-08	542150.9375	8.51677668833872E-06
263	176.86063355347	0.185699462890625	0.18572998046875	3.57666015624999E-07	-5.8746337890625E-07	-9.4512939453125E-07	6.6429301170956E-08	519283.28125	8.5345154730021E-06
264	176.910633553344	0.1806640625	0.180694580078125	3.643798828125E-07	-6.12792968750001E-07	-9.77172851562501E-07	6.58414691656617E-08	495896.15625	8.55256621434819E-06
265	176.960633553217	0.175628662109375	0.175628662109375	3.7200927734375E-07	-6.4117431640625E-07	-1.01318359375E-06	6.53354916835269E-08	472108.28125	8.57097620610148E-06
266	177.010633553091	0.17059326171875	0.170684814453125	3.8177490234375E-07	-6.7413330078125E-07	-1.055908203125E-06	6.51631779646777E-08	447082.34375	8.58982093632221E-06
267	177.060633552965	0.165557861328125	0.165618896484375	3.93066406250001E-07	-7.1380615234375E-07	-1.10687255859375E-06	6.5099222013032E-08	421350.9375	8.60919135448057E-06
268	177.110633552839	0.1605224609375	0.160552978515625	4.0557861328125E-07	-7.59277343750001E-07	-1.16485595703125E-06	6.51168505783062E-08	395861.5625	8.62915749166859E-06
269	177.160633552712	0.155487060546875	0.155517578125	4.20227050781249E-07	-8.11767578125E-07	-1.23199462890625E-06	6.53526939231597E-08	370079.875	8.64980302139884E-06
270	177.210633552586	0.15045166015625	0.15045166015625	4.3792724609375E-07	-8.7432861328125E-07	-1.312255859375E-06	6.58868799519041E-08	343554	8.67125709191896E-06
271	177.26063355246	0.145416259765625	0.145416259765625	4.58679199218751E-07	-9.47265625E-07	-1.40594482421875E-06	6.66994139919552E-08	317032.625	8.69367158884415E-06
272	177.310633552334	0.140380859375	0.140472412109375	4.82788085937499E-07	-1.0321044921875E-06	-1.514892578125E-06	6.78184051139397E-08	290960.8125	8.71720840223134E-06
273	177.360633552207	0.135345458984375	0.135467529296875	5.10559082031251E-07	-1.13006591796875E-06	-1.640625E-06	6.91641730554693E-08	265331.75	8.74204215506325E-06
274	177.410633552081	0.13031005859375	0.13031005859375	5.43823242187499E-07	-1.24420166015625E-06	-1.78802490234375E-06	7.08656315850931E-08	239618.421875	8.76840204000473E-06
275	177.460633551955	0.125274658203125	0.1253662109375	5.816650390625E-07	-1.37542724609375E-06	-1.95709228515625E-06	7.29211393490914E-08	215529.921875	8.79653907759348E-06
276	177.510633551829	0.1202392578125	0.12030029296875	6.26220703124999E-07	-1.52435302734375E-06	-2.15057373046875E-06	7.53345332782374E-08	192105.265625	8.82673612068174E-06
277	177.560633551702	0.115203857421875	0.115203857421875	6.76879882812501E-07	-1.693115234375E-06	-2.3699951171875E-06	7.79791733407365E-08	170198.375	8.85931331140455E-06
278	177.610633551576	0.11016845703125	0.1102294921875	7.33337402343751E-07	-1.8841552734375E-06	-2.61749267578125E-06	8.08354059245175E-08	150312.109375	8.89456896402407E-06
279	177.66063355145	0.105133056640625	0.105194091796875	7.977294921875E-07	-2.0953369140625E-06	-2.89306640625E-06	8.39164258081837E-08	131866.875	8.93284595804289E-06
280	177.710633551324	0.10009765625	0.10009765625	8.6822509765625E-07	-2.32635498046875E-06	-3.194580078125E-06	8.69072920295366E-08	115289.984375	8.97449444892118E-06
281	177.760633551198	0.095062255859375	0.095184326171875	9.4512939453125E-07	-2.5726318359375E-06	-3.51776123046875E-06	8.99615031357826E-08	100710.3671875	9.01982821233105E-06
282	177.810633551071	0.09002685546875	0.090057373046875	1.02996826171875E-06	-2.8387451171875E-06	-3.86871337890625E-06	9.27562311403562E-08	87437.046875	9.069205589185E-06
283	177.860633550945	0.084991455078125	0.0849609375	1.116943359375E-06	-3.11767578125E-06	-4.234619140625E-06	9.48965492852949E-08	76065.578125	9.12287850951543E-06
284	177.910633550819	0.0799560546875	0.080047607421875	1.20361328125E-06	-3.404541015625E-06	-4.608154296875E-06	9.63463619996219E-08	66506.0859375	9.18089244805742E-06
285	177.960633550693	0.074920654296875	0.074920654296875	1.28875732421875E-06	-3.692626953125E-06	-4.98138427734375E-06	9.65545368103449E-08	58134.03125	9.24320193007588E-06
286	178.010633550566	0.06988525390625	0.069976806640625	1.3677978515625E-06	-3.97857666015625E-06	-5.34637451171875E-06	9.57141281787699E-08	51160.1953125	9.30961596168345E-06
287	178.06063355044	0.064849853515625	0.064910888671875	1.43798828125E-06	-4.2510986328125E-06	-5.6890869140625E-06	9.33410930770151E-08	45140.0703125	9.37976074055769E-06
288	178.110633550314	0.059814453125	0.05987548828125	1.49444580078125E-06	-4.5074462890625E-06	-6.00189208984375E-06	8.94806717610663E-08	40065.34765625	9.45307147048879E-06
289	178.160633550188	0.054779052734375	0.054779052734375	1.53167724609375E-06	-4.736328125E-06	-6.26800537109375E-06	8.39038278854787E-08	35764.09765625	9.52872414927697E-06
290	178.210633550061	0.04974365234375	0.0498199462890625	1.54144287109375E-06	-4.931640625E-06	-6.47308349609375E-06	7.67945991242414E-08	32320.33203125	9.60555280471453E-06
291	178.260633549935	0.044708251953125	0.0447906494140625	1.53533935546875E-06	-5.0872802734375E-06	-6.62261962890625E-06	6.87688412881471E-08	29173.126953125	9.68247240962228E-06
292	178.310633549809	0.0396728515625	0.03973388671875	1.497802734375E-06	-5.194091796875E-06	-6.69189453125E-06	5.95135247749567E-08	26528.1171875	9.75830062088789E-06
293	178.360633549683	0.034637451171875	0.034716796875	1.43096923828125E-06	-5.2581787109375E-06	-6.68914794921875E-06	4.96786647374847E-08	24261.037109375	9.83151949185412E-06
294	178.410633549556	0.02960205078125	0.0296356201171875	1.33941650390625E-06	-5.2703857421875E-06	-6.60980224609375E-06	3.96944379588149E-08	22125.76953125	9.90077933238354E-06
295	178.46063354943	0.024566650390625	0.024627685546875	1.22283935546875E-06	-5.23681640625E-06	-6.45965576171875E-06	3.01157001558749E-08	20139.755859375	9.9648359537241E-06
296	178.510633549304	0.01953125	0.01959228515625	1.08306884765625E-06	-5.157470703125E-06	-6.24053955078125E-06	2.12197921456436E-08	18089.603515625	1.00224833659013E-05
297	178.560633549178	0.014495849609375	0.01451416015625	9.26513671875E-07	-5.035400390625E-06	-5.9619140625E-06	1.3447567503988E-08	15665.3505859375	1.00727229437325E-05
298	178.610633549051	0.00946044921875	0.0095245361328125	7.5714111328125E-07	-4.8858642578125E-06	-5.64300537109375E-06	7.21141768522671E-09	12579.60546875	1.01148143585306E-05
299	178.660633548925	0.004425048828125	0.004498291015625	5.8013916015625E-07	-4.7088623046875E-06	-5.28900146484375E-06	2.60963473053266E-09	7753.8134765625	1.0148246474273E-05
300	178.710633548799	-0.0006103515625	-0.000567626953124997	3.98864746093749E-07	-4.5196533203125E-06	-4.91851806640625E-06	-2.2640637975524E-10	-1423.1064453125	1.01727218861924E-05
301	178.760633548673	-0.005645751953125	-0.0055511474609375	2.154541015625E-07	-4.3212890625E-06	-4.5367431640625E-06	-1.19601739623221E-09	-25764.873046875	1.01880796137266E-05
302	178.810633548547	-0.01068115234375	-0.0106109619140625	4.36401367187506E-08	-4.11773681640625E-06	-4.161376953125E-06	-4.63063837274902E-10	-243146.875	1.01945570349926E-05
303	178.86063354842	-0.015716552734375	-0.015625	-1.202392578125E-07	-3.91815185546875E-06	-3.79791259765625E-06	1.87873827606211E-09	129949.25	1.01926416391507E-05
304	178.910633548294	-0.020751953125	-0.0206146240234375	-2.69165039062499E-07	-3.7261962890625E-06	-3.45703125E-06	5.54873613722862E-09	76587.296875	1.01829064078629E-05
305	178.960633548168	-0.025787353515625	-0.0256805419921875	-4.0252685546875E-07	-3.54583740234375E-06	-3.143310546875E-06	1.03371071702441E-08	63798.3359375	1.01661144071841E-05
306	179.010633548042	-0.03082275390625	-0.03065185546875	-5.206298828125E-07	-3.37860107421875E-06	-2.85797119140625E-06	1.59582729253316E-08	58874.55859375	1.01430359791266E-05
307	179.060633547915	-0.035858154296875	-0.035723876953125	-6.21337890625E-07	-3.2244873046875E-06	-2.6031494140625E-06	2.21965965607751E-08	57495.08984375	1.01144860309432E-05
308	179.110633547789	-0.0408935546875	-0.0407958984375	-7.0648193359375E-07	-3.0841064453125E-06	-2.37762451171875E-06	2.88215655785962E-08	57745.14453125	1.00812912933179E-05
309	179.160633547663	-0.045928955078125	-0.045794677734375	-7.76062011718751E-07	-2.95867919921875E-06	-2.1826171875E-06	3.55395073370346E-08	59009.04296875	1.00442275652313E-05
310	179.210633547537	-0.05096435546875	-0.050933837890625	-8.29467773437501E-07	-2.8460693359375E-06	-2.0166015625E-06	4.22479757844485E-08	61405.4453125	1.00040888355579E-05
311	179.26063354741	-0.055999755859375	-0.05596923828125	-8.746337890625E-07	-2.7459716796875E-06	-1.871337890625E-06	4.89525859848072E-08	63991.62890625	9.96148628473748E-06
312	179.310633547284	-0.06103515625	-0.060943603515625	-9.06982421874999E-07	-2.65716552734375E-06	-1.75018310546875E-06	5.52747749793525E-08	67193.8125	9.91694651020225E-06
313	179.360633547158	-0.066070556640625	-0.066009521484375	-9.29870605468749E-07	-2.579345703125E-06	-1.64947509765625E-06	6.13803123883372E-08	70987.859375	9.87102521321503E-06
314	179.410633547032	-0.07110595703125	-0.071014404296875	-9.45434570312501E-07	-2.51129150390625E-06	-1.56585693359375E-06	6.71394673190662E-08	75112.9765625	9.82414258032804E-06
315	179.460633546905	-0.076141357421875	-0.076141357421875	-9.552001953125E-07	-2.4505615234375E-06	-1.495361328125E-06	7.27302449377021E-08	79712.4609375	9.77662602963392E-06
316	179.510633546779	-0.0811767578125	-0.081085205078125	-9.600830078125E-07	-2.39776611328125E-06	-1.43768310546875E-06	7.78485258479122E-08	84456.4609375	9.72874386206968E-06
317	179.560633546653	-0.086212158203125	-0.086151123046875	-9.6038818359375E-07	-2.35260009765625E-06	-1.3922119140625E-06	8.27385235879774E-08	89704.4765625	9.68073254625779E-06
318	179.610633546527	-0.09124755859375	-0.09124755859375	-9.57641601562501E-07	-2.31231689453125E-06	-1.35467529296875E-06	8.73824532732215E-08	95283.625	9.63278216659091E-06
319	179.660633546401	-0.096282958984375	-0.09619140625	-9.527587890625E-07	-2.27752685546875E-06	-1.32476806640625E-06	9.16472018275272E-08	100960.9296875	9.58502187131671E-06
320	179.710633546274	-0.101318359375	-0.101287841796875	-9.46044921875E-07	-2.24700927734375E-06	-1.30096435546875E-06	9.58228483227686E-08	107064.515625	9.53755170485238E-06
321	179.760633546148	-0.106353759765625	-0.106353759765625	-9.3841552734375E-07	-2.220458984375E-06	-1.28204345703125E-06	9.98040192712324E-08	113333.3359375	9.49043987930054E-06
322	179.810633546022	-0.11138916015625	-0.1112060546875	-9.29870605468749E-07	-2.19818115234375E-06	-1.268310546875E-06	1.03407238327691E-07	119593.046875	9.44373277889099E-06
323	179.860633545896	-0.116424560546875	-0.116363525390625	-9.2132568359375E-07	-2.1783447265625E-06	-1.25701904296875E-06	1.07208698807426E-07	126300.109375	9.39745314099127E-06
324	179.910633545769	-0.1214599609375	-0.12139892578125	-9.1217041015625E-07	-2.16094970703125E-06	-1.248779296875E-06	1.10736500857911E-07	133088	9.35161551751662E-06
325	179.960633545643	-0.126495361328125	-0.126373291015625	-9.033203125E-07	-2.147216796875E-06	-1.243896484375E-06	1.14155561448115E-07	139898.65625	9.30622809391934E-06
326	180.010633545517	-0.13153076171875	-0.1314697265625	-8.9385986328125E-07	-2.13470458984375E-06	-1.2408447265625E-06	1.17515511988131E-07	147080.921875	9.26129905565176E-06
327	180.060633545391	-0.136566162109375	-0.136444091796875	-8.8531494140625E-07	-2.12432861328125E-06	-1.239013671875E-06	1.20795988323152E-07	154119.265625	9.21681930776685E-06
328	180.110633545264	-0.1416015625	-0.1414794921875	-8.770751953125E-07	-2.11578369140625E-06	-1.23870849609375E-06	1.24088160191604E-07	161308.28125	9.17275974643417E-06
329	180.160633545138	-0.146636962890625	-0.14654541015625	-8.6883544921875E-07	-2.109375E-06	-1.24053955078125E-06	1.27323843912563E-07	168668.78125	9.12911218620138E-06
330	180.210633545012	-0.15167236328125	-0.151519775390625	-8.612060546875E-07	-2.1038818359375E-06	-1.24267578125E-06	1.30489752336871E-07	175939.046875	9.08586116565857E-06
331	180.260633544886	-0.156707763671875	-0.156585693359375	-8.544921875E-07	-2.099609375E-06	-1.2451171875E-06	1.33801250967736E-07	183250	9.04296848602826E-06
332	180.310633544759	-0.1617431640625	-0.161529541015625	-8.48388671875E-07	-2.09747314453125E-06	-1.24908447265625E-06	1.37039833703057E-07	190395.6875	9.00039685802767E-06
333	180.360633544633	-0.166778564453125	-0.166656494140625	-8.4259033203125E-07	-2.09625244140625E-06	-1.253662109375E-06	1.40423153993652E-07	197790.65625	8.95812172529986E-06
334	180.410633544507	-0.17181396484375	-0.17169189453125	-8.3740234375E-07	-2.095947265625E-06	-1.258544921875E-06	1.43775181982164E-07	205029.171875	8.91612216946669E-06
335	180.460633544381	-0.176849365234375	-0.176666259765625	-8.3282470703125E-07	-2.09716796875E-06	-1.26434326171875E-06	1.47132027450425E-07	212128.984375	8.87436635821359E-06
336	180.510633544254	-0.181884765625	-0.1817626953125	-8.29467773437501E-07	-2.0989990234375E-06	-1.26953125E-06	1.50766297224436E-07	219131.71875	8.83280881680548E-06
337	180.560633544128	-0.186920166015625	-0.18670654296875	-8.2550048828125E-07	-2.10174560546875E-06	-1.2762451171875E-06	1.54126340135008E-07	226173.75	8.79143499332713E-06
338	180.610633544002	-0.19195556640625	-0.191864013671875	-8.2275390625E-07	-2.10540771484375E-06	-1.28265380859375E-06	1.57856860028005E-07	233197.34375	8.7502285168739E-06
339	180.660633543876	-0.196990966796875	-0.196868896484375	-8.20312500000001E-07	-2.109375E-06	-1.2890625E-06	1.61494014605523E-07	239992.5625	8.70915209816303E-06
340	180.71063354375	-0.2020263671875	-0.20184326171875	-8.18786621093751E-07	-2.1148681640625E-06	-1.29608154296875E-06	1.65266555995913E-07	246515.109375	8.66817481437465E-06
