Potential - Start 1.505 V, Stop -0.205 V, Step -0.005 V; Modulation - Amplitude -0.05 V, Time 0.025 s, Interval time 0.05 s
Index	Base.Time (s)	Potential applied (V)	WE(1).Base.Potential (V)	WE(1).Base.Current (A)	WE(1).Pulse.Current (A)	WE(1).δ.Current (A)	WE(1).Base.Power (W)	WE(1).Base.Resistance (Ω)	WE(1).Base.Charge (C)
1	163.376611587514	1.50497436523438	1.5045166015625	1.57958984375E-06	7.7178955078125E-07	-8.07800292968749E-07	2.37651920542703E-06	952472.9375	0
2	163.426611587387	1.49993896484375	1.49993896484375	1.64703369140625E-06	7.830810546875E-07	-8.6395263671875E-07	2.47044999923673E-06	910691.1875	8.06655862106709E-08
3	163.476611587261	1.49490356445313	1.4947509765625	1.60980224609375E-06	7.68432617187501E-07	-8.4136962890625E-07	2.40625331571209E-06	928530.8125	1.62086479349455E-07
4	163.526611587135	1.4898681640625	1.48956298828125	1.56585693359375E-06	7.4981689453125E-07	-8.160400390625E-07	2.33244259106868E-06	951276.5625	2.4147794874807E-07
5	163.576611587009	1.48483276367188	1.4849853515625	1.52191162109375E-06	7.3089599609375E-07	-7.91015624999999E-07	2.26001634473505E-06	975736.9375	3.1867216421233E-07
6	163.626611586883	1.47979736328125	1.4794921875	1.480712890625E-06	7.11669921874999E-07	-7.6904296875E-07	2.19070307139191E-06	999175.625	3.93737792592219E-07
7	163.676611586756	1.47476196289063	1.47491455078125	1.44195556640625E-06	6.9427490234375E-07	-7.476806640625E-07	2.12676127375744E-06	1022857.1875	4.66804493726158E-07
8	163.72661158663	1.4697265625	1.46942138671875	1.4068603515625E-06	6.7718505859375E-07	-7.2967529296875E-07	2.06727054319344E-06	1044468.5625	5.38024892193789E-07
9	163.776611586504	1.46469116210938	1.46453857421875	1.373291015625E-06	6.6070556640625E-07	-7.1258544921875E-07	2.01123748411192E-06	1066444.5	6.07528647833533E-07
10	163.826611586378	1.45965576171875	1.4593505859375	1.34246826171875E-06	6.45751953125E-07	-6.96716308593751E-07	1.95913162315264E-06	1087065.25	6.75422654694557E-07
11	163.876611586251	1.45462036132813	1.45477294921875	1.314697265625E-06	6.317138671875E-07	-6.82983398437501E-07	1.91258595805266E-06	1106546	7.41851806651539E-07
12	163.926611586125	1.4495849609375	1.4501953125	1.2890625E-06	6.1920166015625E-07	-6.6986083984375E-07	1.86939223567606E-06	1125000.125	8.06945763542899E-07
13	163.976611585999	1.44454956054688	1.4447021484375	1.2652587890625E-06	6.06384277343749E-07	-6.5887451171875E-07	1.82792211944616E-06	1141823.5	8.70803830821387E-07
14	164.026611585873	1.43951416015625	1.44012451171875	1.24298095703125E-06	5.94482421875001E-07	-6.4849853515625E-07	1.7900473494592E-06	1158605.5	9.33509795686405E-07
15	164.076611585746	1.43447875976563	1.43463134765625	1.22283935546875E-06	5.8349609375E-07	-6.3934326171875E-07	1.75432353444194E-06	1173197	9.95155346572574E-07
16	164.12661158562	1.429443359375	1.42974853515625	1.20391845703125E-06	5.73120117187501E-07	-6.30798339843749E-07	1.72130057762843E-06	1187579.25	1.05582421383588E-06
17	164.176611585494	1.42440795898438	1.42425537109375	1.1865234375E-06	5.633544921875E-07	-6.23168945312501E-07	1.68991232385451E-06	1200360.125	1.11558529169997E-06
18	164.226611585368	1.41937255859375	1.419677734375	1.170654296875E-06	5.5419921875E-07	-6.16455078125E-07	1.66195184192475E-06	1212721.625	1.17451475034613E-06
19	164.276611585241	1.41433715820313	1.41448974609375	1.15692138671875E-06	5.450439453125E-07	-6.1187744140625E-07	1.63645336215268E-06	1222632.625	1.23270410767873E-06
20	164.326611585115	1.4093017578125	1.4093017578125	1.14349365234375E-06	5.37719726562499E-07	-6.0577392578125E-07	1.61152752298221E-06	1232452.75	1.29021452721645E-06
21	164.376611584989	1.40426635742188	1.4044189453125	1.131591796875E-06	5.2947998046875E-07	-6.02111816406251E-07	1.58922887294466E-06	1241100.375	1.34709159738122E-06
22	164.426611584863	1.39923095703125	1.3995361328125	1.12060546875E-06	5.22766113281251E-07	-5.97839355468749E-07	1.56832788889005E-06	1248910.625	1.40339659537858E-06
23	164.476611584736	1.39419555664063	1.39373779296875	1.10992431640625E-06	5.1544189453125E-07	-5.94482421874999E-07	1.54694339471462E-06	1255705.375	1.45915976190736E-06
24	164.52661158461	1.38916015625	1.38946533203125	1.10076904296875E-06	5.0933837890625E-07	-5.91430664062499E-07	1.52948041431955E-06	1262267.75	1.51442714013683E-06
25	164.576611584484	1.38412475585938	1.38397216796875	1.0919189453125E-06	5.035400390625E-07	-5.88378906250001E-07	1.5111853599592E-06	1267468	1.56924431848893E-06
26	164.626611584358	1.37908935546875	1.37908935546875	1.0845947265625E-06	4.9774169921875E-07	-5.86853027343751E-07	1.49575305385952E-06	1271525	1.62365722644608E-06
27	164.676611584232	1.37405395507813	1.37420654296875	1.07757568359375E-06	4.925537109375E-07	-5.8502197265625E-07	1.48081153383828E-06	1275276.125	1.67771145243023E-06
28	164.726611584105	1.3690185546875	1.36932373046875	1.07147216796875E-06	4.87670898437501E-07	-5.83801269531249E-07	1.46719230542658E-06	1277983.5	1.73143757820071E-06
29	164.776611583979	1.36398315429688	1.36383056640625	1.06536865234375E-06	4.83093261718751E-07	-5.82275390624999E-07	1.45298236020608E-06	1280148.875	1.78485868218559E-06
30	164.826611583853	1.35894775390625	1.3592529296875	1.060791015625E-06	4.7943115234375E-07	-5.8135986328125E-07	1.44188322792616E-06	1281358	1.83801262210181E-06
31	164.876611583727	1.35391235351563	1.353759765625	1.05621337890625E-06	4.75158691406249E-07	-5.810546875E-07	1.42985913953453E-06	1281710.5	1.89093771041371E-06
32	164.9266115836	1.348876953125	1.34857177734375	1.05224609375E-06	4.7119140625E-07	-5.810546875E-07	1.41902933137317E-06	1281612.625	1.94364929484436E-06
33	164.976611583474	1.34384155273438	1.343994140625	1.04888916015625E-06	4.67529296874999E-07	-5.8135986328125E-07	1.40970075790392E-06	1281350.125	1.99617761609261E-06
34	165.026611583348	1.33880615234375	1.3385009765625	1.04583740234375E-06	4.6417236328125E-07	-5.816650390625E-07	1.39985434088885E-06	1279836.625	2.04854586627334E-06
35	165.076611583222	1.33377075195313	1.33331298828125	1.04400634765625E-06	4.61425781249999E-07	-5.8258056640625E-07	1.39198721171852E-06	1277112	2.10079178941669E-06
36	165.126611583095	1.3287353515625	1.32904052734375	1.04217529296875E-06	4.58679199218751E-07	-5.83496093749999E-07	1.38509324187908E-06	1275256.25	2.15294630834251E-06
37	165.176611582969	1.32369995117188	1.32415771484375	1.0400390625E-06	4.5501708984375E-07	-5.85021972656251E-07	1.37717574943963E-06	1273180.75	2.20500169234583E-06
38	165.226611582843	1.31866455078125	1.31927490234375	1.03851318359375E-06	4.52575683593751E-07	-5.859375E-07	1.37008430556307E-06	1270349.75	2.25696567213163E-06
39	165.276611582717	1.31362915039063	1.3134765625	1.03759765625E-06	4.5013427734375E-07	-5.8746337890625E-07	1.36286007546005E-06	1265882.375	2.30886826102505E-06
40	165.32661158259	1.30859375	1.3092041015625	1.0369873046875E-06	4.47998046875001E-07	-5.889892578125E-07	1.35762809350126E-06	1262507.375	2.36073287851468E-06
41	165.376611582464	1.30355834960938	1.3037109375	1.0369873046875E-06	4.4586181640625E-07	-5.91125488281251E-07	1.35193170081038E-06	1257210.125	2.41258226196805E-06
42	165.426611582338	1.29852294921875	1.29852294921875	1.03668212890625E-06	4.437255859375E-07	-5.92956542968749E-07	1.34615549995942E-06	1252575.875	2.46442414209014E-06
43	165.476611582212	1.29348754882813	1.2933349609375	1.03668212890625E-06	4.41589355468749E-07	-5.950927734375E-07	1.34077720304049E-06	1247571.5	2.51625806413358E-06
44	165.526611582085	1.2884521484375	1.2884521484375	1.036376953125E-06	4.3975830078125E-07	-5.9661865234375E-07	1.33532205381925E-06	1243227.375	2.56808471021941E-06
45	165.576611581959	1.28341674804688	1.2835693359375	1.03759765625E-06	4.3792724609375E-07	-5.9967041015625E-07	1.33182845729607E-06	1237058.875	2.61993409367278E-06
46	165.626611581833	1.27838134765625	1.27838134765625	1.03790283203125E-06	4.351806640625E-07	-6.0272216796875E-07	1.32683567244385E-06	1231696.5	2.67182144852995E-06
47	165.676611581707	1.27334594726563	1.273193359375	1.03790283203125E-06	4.33349609375E-07	-6.0455322265625E-07	1.321451009062E-06	1226698	2.72371676146577E-06
48	165.726611581581	1.268310546875	1.26861572265625	1.038818359375E-06	4.30908203124999E-07	-6.07910156250001E-07	1.31786134716094E-06	1221210.375	2.77563458439545E-06
49	165.776611581454	1.26327514648438	1.263427734375	1.038818359375E-06	4.28161621093751E-07	-6.1065673828125E-07	1.31247190893191E-06	1216216.25	2.82757559944002E-06
50	165.826611581328	1.25823974609375	1.258544921875	1.0394287109375E-06	4.254150390625E-07	-6.14013671875E-07	1.30816761156893E-06	1210804.5	2.87953184852086E-06
51	165.876611581202	1.25320434570313	1.253662109375	1.0400390625E-06	4.229736328125E-07	-6.17065429687501E-07	1.30385751617723E-06	1205399.125	2.9315185656742E-06
52	165.926611581076	1.2481689453125	1.2481689453125	1.0406494140625E-06	4.20227050781249E-07	-6.2042236328125E-07	1.29890622702078E-06	1199413.5	2.98353575090005E-06
53	165.976611580949	1.24313354492188	1.24298095703125	1.041259765625E-06	4.17480468750001E-07	-6.23779296874999E-07	1.29426609873917E-06	1193728	3.03558340419841E-06
54	166.026611580823	1.23809814453125	1.23809814453125	1.04217529296875E-06	4.1351318359375E-07	-6.28662109375E-07	1.29031536744151E-06	1187994.125	3.08766925627424E-06
55	166.076611580697	1.23306274414063	1.23260498046875	1.04248046875E-06	4.09851074218751E-07	-6.32629394531249E-07	1.28496662910038E-06	1182377.125	3.13978580379626E-06
56	166.126611580571	1.22802734375	1.22772216796875	1.04278564453125E-06	4.06494140624999E-07	-6.3629150390625E-07	1.28025101275853E-06	1177348.625	3.19191735798086E-06
57	166.176611580444	1.22299194335938	1.22283935546875	1.04400634765625E-06	4.0252685546875E-07	-6.41479492187499E-07	1.27665202853677E-06	1171294.875	3.24408711094293E-06
58	166.226611580318	1.21795654296875	1.21795654296875	1.0443115234375E-06	3.9794921875E-07	-6.46362304687499E-07	1.27192606669269E-06	1166277.125	3.29629506268247E-06
59	166.276611580192	1.21292114257813	1.21307373046875	1.0455322265625E-06	3.9337158203125E-07	-6.52160644531249E-07	1.26830752833484E-06	1160245.25	3.3485412131995E-06
60	166.326611580066	1.2078857421875	1.2078857421875	1.04583740234375E-06	3.88183593749999E-07	-6.5765380859375E-07	1.26325210203504E-06	1154946	3.40082533512032E-06
61	166.376611579939	1.20285034179688	1.2030029296875	1.0467529296875E-06	3.83605957031249E-07	-6.63146972656251E-07	1.25924680105527E-06	1149271.125	3.45314015248732E-06
62	166.426611579813	1.19781494140625	1.197509765625	1.04736328125E-06	3.77502441406249E-07	-6.6986083984375E-07	1.25422775454354E-06	1143356.625	3.5054931686318E-06
63	166.476611579687	1.19277954101563	1.19293212890625	1.04827880859375E-06	3.72924804687499E-07	-6.75354003906251E-07	1.25052542898629E-06	1137991.25	3.55788415618008E-06
64	166.526611579561	1.187744140625	1.187744140625	1.04827880859375E-06	3.662109375E-07	-6.8206787109375E-07	1.2450869917302E-06	1133042.25	3.61029810846958E-06
65	166.576611579434	1.18270874023438	1.18316650390625	1.0491943359375E-06	3.60107421875E-07	-6.89086914062501E-07	1.24137159218662E-06	1127690.5	3.66273479812662E-06
66	166.626611579308	1.17767333984375	1.17767333984375	1.05010986328125E-06	3.5369873046875E-07	-6.96411132812499E-07	1.23668633023044E-06	1121476.375	3.7152174172661E-06
67	166.676611579182	1.17263793945313	1.17279052734375	1.051025390625E-06	3.4637451171875E-07	-7.0465087890625E-07	1.2326325986578E-06	1115853.625	3.76774596588803E-06
68	166.726611579056	1.1676025390625	1.16729736328125	1.05133056640625E-06	3.3905029296875E-07	-7.122802734375E-07	1.22721530715353E-06	1110304.875	3.82030475520878E-06
69	166.77661157893	1.16256713867188	1.16241455078125	1.05194091796875E-06	3.3111572265625E-07	-7.208251953125E-07	1.22279141123727E-06	1105018.875	3.87288673664443E-06
70	166.826611578803	1.15753173828125	1.1578369140625	1.05316162109375E-06	3.2318115234375E-07	-7.29980468749999E-07	1.21938933261845E-06	1099391.5	3.92551419281517E-06
71	166.876611578677	1.15249633789063	1.15234375	1.053466796875E-06	3.1402587890625E-07	-7.39440917968749E-07	1.21395589758322E-06	1093858.625	3.97817984776339E-06
72	166.926611578551	1.1474609375	1.1468505859375	1.0540771484375E-06	3.04565429687501E-07	-7.4951171875E-07	1.20886886634253E-06	1088014	4.03086824007914E-06
73	166.976611578425	1.14242553710938	1.14227294921875	1.05560302734375E-06	2.9449462890625E-07	-7.611083984375E-07	1.20578670248506E-06	1082104.75	4.08361029258231E-06
74	167.026611578298	1.13739013671875	1.1376953125	1.0565185546875E-06	2.8350830078125E-07	-7.73010253906249E-07	1.20199615594174E-06	1076834.25	4.13641328123049E-06
75	167.076611578172	1.13235473632813	1.1322021484375	1.05712890625E-06	2.7191162109375E-07	-7.85217285156251E-07	1.19688354516256E-06	1071016.25	4.18925446865615E-06
76	167.126611578046	1.1273193359375	1.12762451171875	1.0589599609375E-06	2.5909423828125E-07	-7.9986572265625E-07	1.19410913157481E-06	1064841.5	4.24215704697417E-06
77	167.17661157792	1.12228393554688	1.1224365234375	1.05987548828125E-06	2.45361328125E-07	-8.1451416015625E-07	1.18964294415491E-06	1059026.875	4.29512783739483E-06
78	167.226611577793	1.11724853515625	1.11724853515625	1.06201171875E-06	2.31323242187501E-07	-8.306884765625E-07	1.1865311080328E-06	1052011.5	4.34817502537044E-06
79	167.276611577667	1.11221313476563	1.11236572265625	1.06414794921875E-06	2.15759277343749E-07	-8.48388671875E-07	1.18372167889902E-06	1045311.1875	4.4013290789735E-06
80	167.326611577541	1.107177734375	1.1077880859375	1.06597900390625E-06	1.9866943359375E-07	-8.67309570312501E-07	1.18087882583495E-06	1039221.375	4.45458226749906E-06
81	167.376611577415	1.10214233398438	1.102294921875	1.068115234375E-06	1.8157958984375E-07	-8.8653564453125E-07	1.17737795335415E-06	1032000	4.50793459094712E-06
82	167.426611577288	1.09710693359375	1.09710693359375	1.0711669921875E-06	1.6357421875E-07	-9.075927734375E-07	1.17518470688083E-06	1024216.5625	4.56141651739017E-06
83	167.476611577162	1.09207153320313	1.0919189453125	1.07391357421875E-06	1.446533203125E-07	-9.2926025390625E-07	1.17262652565842E-06	1016766.1875	4.61504350823816E-06
84	167.526611577036	1.0870361328125	1.08642578125	1.07757568359375E-06	1.26037597656251E-07	-9.51538085937499E-07	1.17070601390878E-06	1008212.9375	4.66883057015366E-06
85	167.57661157691	1.08200073242188	1.08184814453125	1.080322265625E-06	1.0650634765625E-07	-9.7381591796875E-07	1.16874457489757E-06	1001412.4375	4.72277815788402E-06
86	167.626611576783	1.07696533203125	1.0772705078125	1.08306884765625E-06	8.72802734374997E-08	-9.95788574218751E-07	1.16675812478206E-06	994646.4375	4.77686307931435E-06
87	167.676611576657	1.07192993164063	1.07208251953125	1.085205078125E-06	6.866455078125E-08	-1.01654052734375E-06	1.16342937417357E-06	987907.75	4.83106987303472E-06
88	167.726611576531	1.06689453125	1.06689453125	1.08734130859375E-06	5.15747070312503E-08	-1.0357666015625E-06	1.16007845463173E-06	981195.625	4.88538353238255E-06
89	167.776611576405	1.06185913085938	1.06231689453125	1.08856201171875E-06	3.57055664062494E-08	-1.0528564453125E-06	1.15639772957365E-06	975890.1875	4.93978086524294E-06
90	167.826611576279	1.05682373046875	1.05712890625	1.0888671875E-06	2.19726562499994E-08	-1.06689453125E-06	1.15107297915529E-06	970852	4.99421685162815E-06
91	167.876611576152	1.05178833007813	1.0516357421875	1.08642578125E-06	9.46044921874972E-09	-1.07696533203125E-06	1.14252418370597E-06	967977.5625	5.04859917782596E-06
92	167.926611576026	1.0467529296875	1.04705810546875	1.08428955078125E-06	3.05175781249722E-10	-1.083984375E-06	1.13531416445767E-06	965662.8125	5.10286690769135E-06
93	167.9766115759	1.04171752929688	1.0418701171875	1.080322265625E-06	-6.103515625E-09	-1.08642578125E-06	1.12555551368132E-06	964406.8125	5.15698229719419E-06
94	168.026611575774	1.03668212890625	1.03668212890625	1.07513427734375E-06	-1.15966796875006E-08	-1.08673095703125E-06	1.11457245566271E-06	964235.0625	5.21086849403218E-06
95	168.076611575647	1.03164672851563	1.031494140625	1.06781005859375E-06	-1.40380859374997E-08	-1.08184814453125E-06	1.10143969322962E-06	965990.375	5.26444227944012E-06
96	168.126611575521	1.026611328125	1.026611328125	1.0589599609375E-06	-1.55639648437497E-08	-1.07452392578125E-06	1.08714027646784E-06	969452.5	5.31761133970576E-06
97	168.176611575395	1.02157592773438	1.02142333984375	1.0498046875E-06	-1.46484375000006E-08	-1.064453125E-06	1.07229493551131E-06	972965.1875	5.37033065484138E-06
98	168.226611575269	1.01654052734375	1.0162353515625	1.0400390625E-06	-1.25122070312497E-08	-1.05255126953125E-06	1.05692447505135E-06	977112.6875	5.42257657798473E-06
99	168.276611575142	1.01150512695313	1.0113525390625	1.02874755859375E-06	-9.76562499999944E-09	-1.03851318359375E-06	1.04042646853486E-06	983091.125	5.4742963584431E-06
100	168.326611575016	1.0064697265625	1.00677490234375	1.0174560546875E-06	-5.79833984375028E-09	-1.02325439453125E-06	1.02434921700478E-06	989502.125	5.52545134269167E-06
101	168.37661157489	1.00143432617188	1.00128173828125	1.00677490234375E-06	-2.13623046874945E-09	-1.0089111328125E-06	1.00806528280373E-06	994543.875	5.57605744688772E-06
102	168.426611574764	0.99639892578125	0.99639892578125	9.9609375E-07	2.13623046874945E-09	-9.93957519531251E-07	9.92506670627336E-07	1000306.375	5.62612922294647E-06
103	168.476611574637	0.991363525390625	0.99090576171875	9.8602294921875E-07	7.01904296875056E-09	-9.79003906249999E-07	9.77055719886266E-07	1004952.125	5.67568213227787E-06
104	168.526611574511	0.986328125	0.9857177734375	9.7686767578125E-07	1.03759765625003E-08	-9.66491699218749E-07	9.62915805757802E-07	1009059.6875	5.72475437365938E-06
105	168.576611574385	0.981292724609375	0.9808349609375	9.68322753906251E-07	1.40380859374997E-08	-9.54284667968751E-07	9.4976479658726E-07	1012921.5	5.77338414586848E-06
106	168.626611574259	0.97625732421875	0.9759521484375	9.600830078125E-07	1.70898437499997E-08	-9.429931640625E-07	9.36995036227017E-07	1016529	5.8215941862727E-06
107	168.676611574132	0.971221923828125	0.9716796875	9.527587890625E-07	1.983642578125E-08	-9.32922363281249E-07	9.25776305393811E-07	1019859.125	5.86941496294457E-06
108	168.726611574006	0.9661865234375	0.9661865234375	9.46655273437499E-07	2.22778320312506E-08	-9.24377441406249E-07	9.14645511329581E-07	1020631.875	5.91690059081884E-06
109	168.77661157388	0.961151123046875	0.9613037109375	9.40551757812499E-07	2.288818359375E-08	-9.17663574218749E-07	9.04155854186683E-07	1022063.625	5.96408062847331E-06
110	168.826611573754	0.95611572265625	0.95611572265625	9.356689453125E-07	2.47192382812497E-08	-9.1094970703125E-07	8.94607808277215E-07	1021852.5625	6.01098599872785E-06
111	168.876611573628	0.951080322265625	0.95062255859375	9.307861328125E-07	2.47192382812497E-08	-9.0606689453125E-07	8.84826249603066E-07	1021311.5	6.05764762440231E-06
112	168.926611573501	0.946044921875	0.94635009765625	9.2620849609375E-07	2.44140625E-08	-9.0179443359375E-07	8.765175039116E-07	1021746.3125	6.10407232670696E-06
113	168.976611573375	0.941009521484375	0.941162109375	9.2315673828125E-07	2.38037109375006E-08	-8.9935302734375E-07	8.68840118073422E-07	1019504.125	6.15030648987158E-06
114	169.026611573249	0.93597412109375	0.936279296875	9.19189453124999E-07	2.288818359375E-08	-8.96301269531249E-07	8.606180017523E-07	1018592.375	6.19636512055877E-06
115	169.076611573123	0.930938720703125	0.9307861328125	9.1705322265625E-07	2.16674804687497E-08	-8.953857421875E-07	8.535803885934E-07	1014975.125	6.2422714108834E-06
116	169.126611572996	0.9259033203125	0.9259033203125	9.14916992187501E-07	1.95312500000003E-08	-8.953857421875E-07	8.47124681513378E-07	1012008	6.28807038083323E-06
117	169.17661157287	0.920867919921875	0.921630859375	9.124755859375E-07	1.70898437499997E-08	-8.953857421875E-07	8.40965640236391E-07	1010033.4375	6.33375520919799E-06
118	169.226611572744	0.91583251953125	0.9161376953125	9.10339355468751E-07	1.40380859374997E-08	-8.96301269531251E-07	8.33996182336705E-07	1006369.4375	6.37932589597767E-06
119	169.276611572618	0.910797119140625	0.91064453125	9.0850830078125E-07	1.12915039062494E-08	-8.97216796875E-07	8.27328108243819E-07	1002351.375	6.42479699308751E-06
120	169.326611572491	0.90576171875	0.90667724609375	9.0667724609375E-07	7.62939453125E-09	-8.990478515625E-07	8.22063611849444E-07	1000000.0625	6.47017668597982E-06
121	169.376611572365	0.900726318359375	0.90057373046875	9.051513671875E-07	3.66210937499945E-09	-9.014892578125E-07	8.15155544842128E-07	994942.6875	6.51547225061222E-06
122	169.426611572239	0.89569091796875	0.89569091796875	9.0362548828125E-07	6.10351562499445E-10	-9.0301513671875E-07	8.09369112175773E-07	991219.25	6.56069187243702E-06
123	169.476611572113	0.890655517578125	0.89141845703125	9.02099609375E-07	-3.66210937499945E-09	-9.05761718749999E-07	8.04148214683664E-07	988159.6875	6.60583464195952E-06
124	169.526611571986	0.8856201171875	0.88623046875	9.0087890625E-07	-8.23974609374945E-09	-9.09118652343749E-07	7.98386338374257E-07	983739.875	6.65090919937938E-06
125	169.57661157186	0.880584716796875	0.88043212890625	8.99353027343749E-07	-1.31225585937506E-08	-9.124755859375E-07	7.91819275036687E-07	978961.6875	6.69591508994927E-06
126	169.626611571734	0.87554931640625	0.8758544921875	8.9752197265625E-07	-1.80053710937503E-08	-9.1552734375E-07	7.86098610205954E-07	975858.5625	6.74083685225924E-06
127	169.676611571608	0.870513916015625	0.87066650390625	8.96301269531249E-07	-2.34985351562494E-08	-9.19799804687499E-07	7.80379480147531E-07	971399.4375	6.78568267176161E-06
128	169.726611571481	0.865478515625	0.865478515625	8.94775390624999E-07	-2.92968749999997E-08	-9.24072265624999E-07	7.74408874804067E-07	967257.875	6.83045936966664E-06
129	169.776611571355	0.860443115234375	0.860595703125	8.9385986328125E-07	-3.54003906249997E-08	-9.2926025390625E-07	7.69251983001595E-07	962785.9375	6.87517513142666E-06
130	169.826611571229	0.85540771484375	0.855712890625	8.929443359375E-07	-4.18090820312494E-08	-9.34753417968749E-07	7.64103958772466E-07	958304.9375	6.91984541845159E-06
131	169.876611571103	0.850372314453125	0.85052490234375	8.9141845703125E-07	-4.94384765624994E-08	-9.40856933593749E-07	7.58173598569556E-07	954125.3125	6.96445431458415E-06
132	169.926611570977	0.8453369140625	0.8453369140625	8.9019775390625E-07	-5.76782226562503E-08	-9.478759765625E-07	7.52516996271879E-07	949605.8125	7.00899499861407E-06
133	169.97661157085	0.840301513671875	0.84075927734375	8.89892578125E-07	-6.7138671875E-08	-9.5703125E-07	7.48185414067848E-07	944787.4375	7.05349702911917E-06
134	170.026611570724	0.83526611328125	0.8355712890625	8.8958740234375E-07	-7.81249999999997E-08	-9.6771240234375E-07	7.43313705697801E-07	939279.5625	7.09798405296169E-06
135	170.076611570598	0.830230712890625	0.8306884765625	8.89892578125E-07	-8.97216796875003E-08	-9.796142578125E-07	7.39223480650253E-07	933470.5625	7.14247107680421E-06
136	170.126611570472	0.8251953125	0.8251953125	8.90502929687501E-07	-1.03759765625E-07	-9.94262695312501E-07	7.34838806693006E-07	926662.125	7.18698083801428E-06
137	170.176611570345	0.820159912109375	0.8203125	8.9141845703125E-07	-1.1932373046875E-07	-1.0107421875E-06	7.31241698304075E-07	920232.8125	7.23152925274917E-06
138	170.226611570219	0.81512451171875	0.81512451171875	8.9385986328125E-07	-1.38244628906251E-07	-1.0321044921875E-06	7.28607062683295E-07	911915.3125	7.27616088624927E-06
139	170.276611570093	0.810089111328125	0.80963134765625	8.96606445312501E-07	-1.5869140625E-07	-1.0552978515625E-06	7.25920642707933E-07	902995.25	7.32092257749173E-06
140	170.326611569967	0.8050537109375	0.80474853515625	9.0057373046875E-07	-1.8280029296875E-07	-1.0833740234375E-06	7.24735343737848E-07	893595.4375	7.36585207050666E-06
141	170.37661156984	0.800018310546875	0.79986572265625	9.0606689453125E-07	-2.117919921875E-07	-1.11785888671875E-06	7.24731819445879E-07	882788.8125	7.41101803214406E-06
142	170.426611569714	0.79498291015625	0.7952880859375	9.1094970703125E-07	-2.4383544921875E-07	-1.15478515625E-06	7.24467440704757E-07	873031.875	7.45644365451881E-06
143	170.476611569588	0.789947509765625	0.79010009765625	9.1888427734375E-07	-2.80151367187501E-07	-1.19903564453125E-06	7.26010568996571E-07	859847.25	7.50218941902858E-06
144	170.526611569462	0.784912109375	0.78521728515625	9.28649902343751E-07	-3.2073974609375E-07	-1.2493896484375E-06	7.29191924619954E-07	845547.1875	7.54837765271077E-06
145	170.576611569335	0.779876708984375	0.78033447265625	9.39331054687501E-07	-3.6590576171875E-07	-1.30523681640625E-06	7.3299236191815E-07	830734.25	7.5950774771627E-06
146	170.626611569209	0.77484130859375	0.7745361328125	9.5245361328125E-07	-4.16259765625E-07	-1.36871337890625E-06	7.3770974040599E-07	813200.875	7.6423721111496E-06
147	170.676611569083	0.769805908203125	0.76995849609375	9.66796875000001E-07	-4.718017578125E-07	-1.4385986328125E-06	7.44393446439062E-07	796401.5625	7.69035341363633E-06
148	170.726611568957	0.7647705078125	0.76507568359375	9.8297119140625E-07	-5.3070068359375E-07	-1.513671875E-06	7.52047355945251E-07	778329.6875	7.73909778217785E-06
149	170.776611568831	0.759735107421875	0.7598876953125	1.00006103515625E-06	-5.94482421875001E-07	-1.59454345703125E-06	7.59934096095094E-07	759841.3125	7.78867342887679E-06
150	170.826611568704	0.75469970703125	0.7550048828125	1.01837158203125E-06	-6.610107421875E-07	-1.67938232421875E-06	7.6887550903848E-07	741384.5	7.83913401392056E-06
151	170.876611568578	0.749664306640625	0.749603271484375	1.03851318359375E-06	-7.28759765625001E-07	-1.76727294921875E-06	7.78472838192101E-07	721804.3125	7.8905559348641E-06
152	170.926611568452	0.74462890625	0.744598388671875	1.05560302734375E-06	-7.952880859375E-07	-1.85089111328125E-06	7.86000271091325E-07	705377.3125	7.94290917838225E-06
153	170.976611568326	0.739593505859375	0.739501953125	1.07208251953125E-06	-8.59680175781249E-07	-1.9317626953125E-06	7.92807043126231E-07	689780.875	7.99610097601544E-06
154	171.026611568199	0.73455810546875	0.734466552734375	1.08734130859375E-06	-9.2041015625E-07	-2.00775146484375E-06	7.98615815256198E-07	675470.125	8.05008676252328E-06
155	171.076611568073	0.729522705078125	0.729461669921875	1.09954833984375E-06	-9.74121093749999E-07	-2.07366943359375E-06	8.02078318429267E-07	663419.375	8.10475921753095E-06
156	171.126611567947	0.7244873046875	0.724395751953125	1.10687255859375E-06	-1.02020263671875E-06	-2.1270751953125E-06	8.01813769157889E-07	654452.6875	8.15991916169878E-06
157	171.176611567821	0.719451904296875	0.719329833984375	1.109619140625E-06	-1.05621337890625E-06	-2.16583251953125E-06	7.98182156813709E-07	648267.3125	8.2153319453937E-06
158	171.226611567694	0.71441650390625	0.71435546875	1.10565185546875E-06	-1.08245849609375E-06	-2.1881103515625E-06	7.89828391134506E-07	646094.4375	8.27071380626876E-06
159	171.276611567568	0.709381103515625	0.709320068359375	1.09527587890625E-06	-1.09649658203125E-06	-2.1917724609375E-06	7.769011176606E-07	647617.75	8.32573641673662E-06
160	171.326611567442	0.704345703125	0.704315185546875	1.0772705078125E-06	-1.09893798828125E-06	-2.17620849609375E-06	7.58737940032006E-07	653796.0625	8.3800505308318E-06
161	171.376611567316	0.699310302734375	0.699249267578125	1.05316162109375E-06	-1.090087890625E-06	-2.14324951171875E-06	7.36422464342468E-07	663952.5	8.43331145006232E-06
162	171.426611567189	0.69427490234375	0.69415283203125	1.02325439453125E-06	-1.07147216796875E-06	-2.0947265625E-06	7.10294955297286E-07	678377.5625	8.48522176966071E-06
163	171.476611567063	0.689239501953125	0.689178466796875	9.8876953125E-07	-1.04339599609375E-06	-2.03216552734375E-06	6.81438677929691E-07	697006.125	8.53552228363696E-06
164	171.526611566937	0.6842041015625	0.68408203125	9.50012207031251E-07	-1.00830078125E-06	-1.95831298828125E-06	6.49886260362109E-07	720077.125	8.58399198477855E-06
165	171.576611566811	0.679168701171875	0.67913818359375	9.0972900390625E-07	-9.674072265625E-07	-1.87713623046875E-06	6.17831688032311E-07	746528.0625	8.63048535393318E-06
166	171.626611566684	0.67413330078125	0.67413330078125	8.685302734375E-07	-9.22241210937499E-07	-1.790771484375E-06	5.85505176786683E-07	776177.125	8.67494145495584E-06
167	171.676611566558	0.669097900390625	0.6690673828125	8.2763671875E-07	-8.758544921875E-07	-1.7034912109375E-06	5.5374471230607E-07	808407.0625	8.7173457359313E-06
168	171.726611566432	0.6640625	0.66400146484375	7.88269042968751E-07	-8.2763671875E-07	-1.61590576171875E-06	5.23411756603309E-07	842353.875	8.75774367159465E-06
169	171.776611566306	0.659027099609375	0.658935546875	7.51342773437499E-07	-7.7972412109375E-07	-1.53106689453125E-06	4.95086453611293E-07	877010.5625	8.79623348737368E-06
170	171.82661156618	0.65399169921875	0.653900146484375	7.1624755859375E-07	-7.31811523437501E-07	-1.44805908203125E-06	4.68354357963108E-07	912952.75	8.83292341313791E-06
171	171.876611566053	0.648956298828125	0.648956298828125	6.84509277343751E-07	-6.854248046875E-07	-1.36993408203125E-06	4.4421659595173E-07	948060.6875	8.86794259713497E-06
172	171.926611565927	0.6439208984375	0.6439208984375	6.561279296875E-07	-6.4208984375E-07	-1.2982177734375E-06	4.22494451868261E-07	981395.375	8.90145838639E-06
173	171.976611565801	0.638885498046875	0.638824462890625	6.3018798828125E-07	-6.02111816406251E-07	-1.2322998046875E-06	4.02579502178924E-07	1013704.625	8.93361630005529E-06
174	172.026611565675	0.63385009765625	0.633758544921875	6.08215332031251E-07	-5.6640625E-07	-1.17462158203125E-06	3.8546164660147E-07	1041997	8.96457640919834E-06
175	172.076611565548	0.628814697265625	0.62872314453125	5.8929443359375E-07	-5.3436279296875E-07	-1.1236572265625E-06	3.70503045132864E-07	1066908.375	8.9945142462966E-06
176	172.126611565422	0.623779296875	0.623748779296875	5.74340820312499E-07	-5.05981445312501E-07	-1.080322265625E-06	3.58244363951599E-07	1086025.625	9.02360534382751E-06
177	172.176611565296	0.618743896484375	0.61871337890625	5.615234375E-07	-4.8065185546875E-07	-1.04217529296875E-06	3.47422059121527E-07	1101847.75	9.05200158740627E-06
178	172.22661156517	0.61370849609375	0.613677978515625	5.523681640625E-07	-4.58374023437499E-07	-1.0107421875E-06	3.38976150260351E-07	1110994.5	9.07984940567985E-06
179	172.276611565043	0.608673095703125	0.608642578125	5.4473876953125E-07	-4.37316894531251E-07	-9.82055664062501E-07	3.31551206045333E-07	1117310.875	9.10727703740122E-06
180	172.326611564917	0.6036376953125	0.603546142578125	5.3924560546875E-07	-4.193115234375E-07	-9.5855712890625E-07	3.25459609484824E-07	1119241.625	9.13437634153524E-06
181	172.376611564791	0.598602294921875	0.59857177734375	5.34667968749999E-07	-4.0252685546875E-07	-9.3719482421875E-07	3.20037145229435E-07	1119520.625	9.16122371563688E-06
182	172.426611564665	0.59356689453125	0.59356689453125	5.31921386718751E-07	-3.8787841796875E-07	-9.197998046875E-07	3.15730915190215E-07	1115892.125	9.18788919079816E-06
183	172.476611564538	0.588531494140625	0.58856201171875	5.291748046875E-07	-3.74450683593749E-07	-9.0362548828125E-07	3.11452168944015E-07	1112226.125	9.21441642276477E-06
184	172.526611564412	0.58349609375	0.583465576171875	5.27343750000001E-07	-3.619384765625E-07	-8.892822265625E-07	3.07686917722094E-07	1106423.625	9.24082905839896E-06
185	172.576611564286	0.578460693359375	0.578460693359375	5.267333984375E-07	-3.509521484375E-07	-8.77685546875E-07	3.04694566466424E-07	1098203.875	9.26718075788813E-06
186	172.62661156416	0.57342529296875	0.573394775390625	5.26123046875E-07	-3.40881347656249E-07	-8.6700439453125E-07	3.01676180924915E-07	1089849.25	9.29350244405214E-06
187	172.676611564033	0.568389892578125	0.568389892578125	5.26123046875E-07	-3.3111572265625E-07	-8.5723876953125E-07	2.99042994811316E-07	1080336.5	9.31980866880622E-06
188	172.726611563907	0.5633544921875	0.563385009765625	5.26123046875E-07	-3.22570800781249E-07	-8.4869384765625E-07	2.96409808697717E-07	1070823.75	9.3461148935603E-06
189	172.776611563781	0.558319091796875	0.558349609375	5.2642822265625E-07	-3.1463623046875E-07	-8.41064453125E-07	2.93930980888035E-07	1060637.75	9.37242839427199E-06
190	172.826611563655	0.55328369140625	0.553314208984375	5.2642822265625E-07	-3.07617187500001E-07	-8.34045410156251E-07	2.91280201736299E-07	1051072.5	9.398750080436E-06
191	172.876611563529	0.548248291015625	0.54827880859375	5.27038574218749E-07	-3.0059814453125E-07	-8.2763671875E-07	2.88964059791397E-07	1040301.1875	9.42508631851524E-06
192	172.926611563402	0.543212890625	0.543182373046875	5.2764892578125E-07	-2.93884277343751E-07	-8.21533203125001E-07	2.86609605382182E-07	1029439	9.45145347941434E-06
193	172.976611563276	0.538177490234375	0.538177490234375	5.28564453124999E-07	-2.880859375E-07	-8.16650390625E-07	2.84461492583432E-07	1018187.0625	9.47785883909091E-06
194	173.02661156315	0.53314208984375	0.53314208984375	5.2947998046875E-07	-2.8228759765625E-07	-8.11767578125E-07	2.8228805604158E-07	1006916.4375	9.50431058299728E-06
195	173.076611563024	0.528106689453125	0.528045654296875	5.3070068359375E-07	-2.77099609375001E-07	-8.07800292968751E-07	2.80234189631301E-07	994997.125	9.53081507759634E-06
196	173.126611562897	0.5230712890625	0.5230712890625	5.3131103515625E-07	-2.72216796874999E-07	-8.03527832031249E-07	2.77913528634599E-07	984491.75	9.5573650469305E-06
197	173.176611562771	0.518035888671875	0.51800537109375	5.31921386718751E-07	-2.6824951171875E-07	-8.00170898437501E-07	2.75538127425534E-07	973838.1875	9.58394593908451E-06
198	173.226611562645	0.51300048828125	0.512969970703125	5.322265625E-07	-2.642822265625E-07	-7.965087890625E-07	2.73016212304356E-07	963818.875	9.61054956860607E-06
199	173.276611562519	0.507965087890625	0.5079345703125	5.3253173828125E-07	-2.606201171875E-07	-7.9315185546875E-07	2.70491256060268E-07	953810.9375	9.63716865953756E-06
200	173.326611562392	0.5029296875	0.5029296875	5.3375244140625E-07	-2.5665283203125E-07	-7.904052734375E-07	2.68439947603838E-07	942252.75	9.66382594924653E-06
201	173.376611562266	0.497894287109375	0.49786376953125	5.3436279296875E-07	-2.5360107421875E-07	-7.87963867187499E-07	2.66039847929278E-07	931696.25	9.69052871369058E-06
202	173.42661156214	0.49285888671875	0.4927978515625	5.352783203125E-07	-2.5054931640625E-07	-7.8582763671875E-07	2.63784016851787E-07	920638.5	9.71726967691211E-06
203	173.476611562014	0.487823486328125	0.48779296875	5.36193847656249E-07	-2.48107910156251E-07	-7.843017578125E-07	2.61551576841157E-07	909732.5	9.74405611486873E-06
204	173.526611561887	0.4827880859375	0.482757568359375	5.3680419921875E-07	-2.45056152343751E-07	-7.81860351562501E-07	2.59146275993771E-07	899317.8125	9.77088166109752E-06
205	173.576611561761	0.477752685546875	0.47772216796875	5.37719726562499E-07	-2.4383544921875E-07	-7.8155517578125E-07	2.56880611004817E-07	888422.3125	9.79774449660908E-06
206	173.626611561635	0.47271728515625	0.47271728515625	5.3863525390625E-07	-2.41699218749999E-07	-7.8033447265625E-07	2.54622165130058E-07	877620.4375	9.82465371635044E-06
207	173.676611561509	0.467681884765625	0.467620849609375	5.389404296875E-07	-2.398681640625E-07	-7.7880859375E-07	2.52019759727773E-07	867667.0625	9.85159294941695E-06
208	173.726611561382	0.462646484375	0.462615966796875	5.401611328125E-07	-2.3834228515625E-07	-7.7850341796875E-07	2.49887165182372E-07	856440.6875	9.87857038126094E-06
209	173.776611561256	0.457611083984375	0.457611083984375	5.40771484374999E-07	-2.3651123046875E-07	-7.77282714843749E-07	2.47463020741634E-07	846219	9.90559328784002E-06
210	173.82661156113	0.45257568359375	0.45263671875	5.41076660156251E-07	-2.3468017578125E-07	-7.75756835937501E-07	2.44911149138716E-07	836548.25	9.93263984128134E-06
211	173.876611561004	0.447540283203125	0.447509765625	5.4229736328125E-07	-2.3345947265625E-07	-7.757568359375E-07	2.42683370288432E-07	825211.0625	9.95972459350014E-06
212	173.926611560878	0.4425048828125	0.442474365234375	5.4290771484375E-07	-2.3193359375E-07	-7.7484130859375E-07	2.40222732372786E-07	815008.5	9.98685391095933E-06
213	173.976611560751	0.437469482421875	0.437469482421875	5.4351806640625E-07	-2.3040771484375E-07	-7.7392578125E-07	2.37772567857064E-07	804884.875	1.00140150607331E-05
214	174.026611560625	0.43243408203125	0.43243408203125	5.43823242187499E-07	-2.2857666015625E-07	-7.7239990234375E-07	2.35167689766058E-07	795174	1.00411980383797E-05
215	174.076611560499	0.427398681640625	0.427398681640625	5.4351806640625E-07	-2.2705078125E-07	-7.7056884765625E-07	2.32298901892136E-07	786356	1.0068381925521E-05
216	174.126611560373	0.42236328125	0.42236328125	5.43823242187499E-07	-2.2552490234375E-07	-7.6934814453125E-07	2.29690954256512E-07	776655.5	1.00955658126622E-05
217	174.176611560246	0.417327880859375	0.4173583984375	5.4351806640625E-07	-2.239990234375E-07	-7.6751708984375E-07	2.26841834205516E-07	767883.1875	1.01227487903088E-05
218	174.22661156012	0.41229248046875	0.4122314453125	5.4351806640625E-07	-2.227783203125E-07	-7.6629638671875E-07	2.24055241915266E-07	758450.3125	1.01499254014925E-05
219	174.276611559994	0.407257080078125	0.40728759765625	5.4351806640625E-07	-2.20642089843751E-07	-7.6416015625E-07	2.21368168240588E-07	749354.3125	1.01771011031815E-05
220	174.326611559868	0.4022216796875	0.402252197265625	5.4351806640625E-07	-2.2003173828125E-07	-7.63549804687499E-07	2.18631342363551E-07	740089.8125	1.02042768048705E-05
221	174.376611559741	0.397186279296875	0.397186279296875	5.4351806640625E-07	-2.1942138671875E-07	-7.62939453125E-07	2.15877918208207E-07	730769.25	1.02314525065594E-05
222	174.426611559615	0.39215087890625	0.392181396484375	5.43212890625E-07	-2.18505859375E-07	-7.6171875E-07	2.13037978369357E-07	721966.3125	1.02586209322908E-05
223	174.476611559489	0.387115478515625	0.3870849609375	5.4351806640625E-07	-2.1697998046875E-07	-7.60498046875E-07	2.10387668175827E-07	712184.1875	1.02857893580222E-05
224	174.526611559363	0.382080078125	0.382080078125	5.4351806640625E-07	-2.166748046875E-07	-7.6019287109375E-07	2.07667426366243E-07	702975.875	1.03129650597111E-05
225	174.576611559236	0.377044677734375	0.3770751953125	5.4351806640625E-07	-2.166748046875E-07	-7.6019287109375E-07	2.04947184556659E-07	693767.5625	1.03401407614001E-05
226	174.62661155911	0.37200927734375	0.37200927734375	5.4351806640625E-07	-2.1636962890625E-07	-7.598876953125E-07	2.02193760401315E-07	684446.9375	1.03673173725838E-05
227	174.676611558984	0.366973876953125	0.366943359375	5.44128417968751E-07	-2.16064453125001E-07	-7.60192871093751E-07	1.99664299316282E-07	674369.0625	1.03945085356827E-05
228	174.726611558858	0.3619384765625	0.3619384765625	5.45349121093749E-07	-2.1697998046875E-07	-7.62329101562499E-07	1.97382831856885E-07	663682.1875	1.04217451735167E-05
229	174.776611558731	0.356903076171875	0.356903076171875	5.45654296875001E-07	-2.17285156249999E-07	-7.62939453125E-07	1.94745695125675E-07	654082.75	1.04490200101282E-05
230	174.826611558605	0.35186767578125	0.35186767578125	5.462646484375E-07	-2.17590332031251E-07	-7.63854980468751E-07	1.92212866068076E-07	644134.125	1.04763184936019E-05
231	174.876611558479	0.346832275390625	0.34686279296875	5.4656982421875E-07	-2.18811035156249E-07	-7.65380859374999E-07	1.89584739018755E-07	634617.5625	1.05036388049484E-05
232	174.926611558353	0.341796875	0.341796875	5.47180175781251E-07	-2.1942138671875E-07	-7.66601562500001E-07	1.87024468800701E-07	624651.4375	1.05309827631572E-05
233	174.976611558227	0.336761474609375	0.336822509765625	5.48095703125E-07	-2.20336914062499E-07	-7.68432617187499E-07	1.8461095407929E-07	614532.3125	1.05583649201435E-05
234	175.0266115581	0.33172607421875	0.331756591796875	5.48706054687501E-07	-2.21862792968749E-07	-7.7056884765625E-07	1.82036856699597E-07	604616.25	1.05857843664126E-05
235	175.076611557974	0.326690673828125	0.32672119140625	5.4931640625E-07	-2.227783203125E-07	-7.720947265625E-07	1.79473303774103E-07	594777.8125	1.06132356449962E-05
236	175.126611557848	0.3216552734375	0.321685791015625	5.50537109375E-07	-2.25219726562501E-07	-7.75756835937501E-07	1.77099963138971E-07	584312.625	1.06407314888202E-05
237	175.176611557722	0.316619873046875	0.316650390625	5.51452636718749E-07	-2.26745605468751E-07	-7.781982421875E-07	1.74617682091593E-07	574211.4375	1.06682809928316E-05
238	175.226611557595	0.31158447265625	0.311553955078125	5.51757812500001E-07	-2.288818359375E-07	-7.80639648437501E-07	1.71902328816032E-07	564657.0625	1.06958614196628E-05
239	175.276611557469	0.306549072265625	0.30645751953125	5.5267333984375E-07	-2.3162841796875E-07	-7.843017578125E-07	1.69370892422194E-07	554500.3125	1.07234718598193E-05
240	175.326611557343	0.301513671875	0.301483154296875	5.535888671875E-07	-2.3468017578125E-07	-7.88269042968751E-07	1.66897706321834E-07	544597.5625	1.07511286842055E-05
241	175.376611557217	0.296478271484375	0.29644775390625	5.5419921875E-07	-2.3773193359375E-07	-7.9193115234375E-07	1.64291122928262E-07	534911.875	1.07788237073692E-05
242	175.42661155709	0.29144287109375	0.291412353515625	5.5511474609375E-07	-2.40478515625001E-07	-7.95593261718751E-07	1.61767303552551E-07	524958.75	1.08065560198156E-05
243	175.476611556964	0.286407470703125	0.286407470703125	5.56640625E-07	-2.4383544921875E-07	-8.00476074218751E-07	1.59426022605658E-07	514528.53125	1.08343501779018E-05
244	175.526611556838	0.2813720703125	0.28143310546875	5.57861328125001E-07	-2.484130859375E-07	-8.06274414062501E-07	1.57000641820559E-07	504485.78125	1.08622125480906E-05
245	175.576611556712	0.276336669921875	0.276336669921875	5.59082031249999E-07	-2.52380371093749E-07	-8.11462402343749E-07	1.54494870230337E-07	494268.5625	1.08901367639191E-05
246	175.626611556585	0.27130126953125	0.271270751953125	5.596923828125E-07	-2.56958007812499E-07	-8.16650390625E-07	1.51828160710465E-07	484678.3125	1.09181055449881E-05
247	175.676611556459	0.266265869140625	0.2662353515625	5.6121826171875E-07	-2.6214599609375E-07	-8.23364257812501E-07	1.494161381288E-07	474388.25	1.09461288957391E-05
248	175.726611556333	0.26123046875	0.26123046875	5.62744140625E-07	-2.67639160156249E-07	-8.3038330078125E-07	1.47005906114828E-07	464208.28125	1.09742277345504E-05
249	175.776611556207	0.256195068359375	0.2562255859375	5.6427001953125E-07	-2.73742675781249E-07	-8.380126953125E-07	1.44580411642892E-07	454083.28125	1.10024029709166E-05
250	175.82661155608	0.25115966796875	0.251190185546875	5.657958984375E-07	-2.8076171875E-07	-8.465576171875E-07	1.42122360102803E-07	443959.03125	1.10306546048378E-05
251	175.876611555954	0.246124267578125	0.246185302734375	5.67626953125E-07	-2.8839111328125E-07	-8.5601806640625E-07	1.39741416660399E-07	433709.6875	1.10589899122715E-05
252	175.926611555828	0.2410888671875	0.2410888671875	5.69763183593749E-07	-2.96936035156251E-07	-8.6669921875E-07	1.37363556973469E-07	423138.71875	1.10874252641224E-05
253	175.976611555702	0.236053466796875	0.236053466796875	5.71594238281251E-07	-3.06091308593751E-07	-8.77685546875001E-07	1.34926793293744E-07	412973.84375	1.11159588414012E-05
254	176.026611555576	0.23101806640625	0.231048583984375	5.74645996093751E-07	-3.16772460937501E-07	-8.91418457031251E-07	1.3277113453114E-07	402071.1875	1.11446152004646E-05
255	176.076611555449	0.225982666015625	0.225982666015625	5.77697753906251E-07	-3.28674316406249E-07	-9.063720703125E-07	1.30549679511205E-07	391178.03125	1.11734234451433E-05
256	176.126611555323	0.220947265625	0.221038818359375	5.80749511718751E-07	-3.436279296875E-07	-9.2437744140625E-07	1.28368185414729E-07	380609.59375	1.12023844849318E-05
257	176.176611555197	0.215911865234375	0.2159423828125	5.8441162109375E-07	-3.59191894531249E-07	-9.43603515624999E-07	1.26199239502967E-07	369503.90625	1.12315137812402E-05
258	176.226611555071	0.21087646484375	0.21087646484375	5.89599609374999E-07	-3.7811279296875E-07	-9.6771240234375E-07	1.24332686368689E-07	357660.46875	1.12608640847611E-05
259	176.276611554944	0.205841064453125	0.205841064453125	5.950927734375E-07	-3.997802734375E-07	-9.94873046875E-07	1.22494526522132E-07	345897.4375	1.12904808702297E-05
260	176.326611554818	0.2008056640625	0.20086669921875	6.01806640625E-07	-4.25109863281251E-07	-1.02691650390625E-06	1.20882916121445E-07	333772.84375	1.13204041554127E-05
261	176.376611554692	0.195770263671875	0.195831298828125	6.0943603515625E-07	-4.547119140625E-07	-1.06414794921875E-06	1.19346651672458E-07	321332	1.13506848720135E-05
262	176.426611554566	0.19073486328125	0.19073486328125	6.18591308593749E-07	-4.88891601562499E-07	-1.10748291015625E-06	1.17986921566171E-07	308337.46875	1.13813857751666E-05
263	176.476611554439	0.185699462890625	0.185699462890625	6.304931640625E-07	-5.2947998046875E-07	-1.15997314453125E-06	1.17082244344147E-07	294530.5	1.14126123662572E-05
264	176.526611554313	0.1806640625	0.180694580078125	6.439208984375E-07	-5.77392578124999E-07	-1.2213134765625E-06	1.16353014334436E-07	280616.125	1.1444472875155E-05
265	176.576611554187	0.175628662109375	0.175628662109375	6.58264160156249E-07	-6.33544921875E-07	-1.29180908203125E-06	1.15610049533643E-07	266805.75	1.14770273285103E-05
266	176.626611554061	0.17059326171875	0.170623779296875	6.77490234375E-07	-7.000732421875E-07	-1.3775634765625E-06	1.15595945260338E-07	251846.859375	1.15104212454753E-05
267	176.676611553934	0.165557861328125	0.16552734375	6.99462890624999E-07	-7.77587890625001E-07	-1.47705078125E-06	1.15780231624285E-07	236649.21875	1.15448456199374E-05
268	176.726611553808	0.1605224609375	0.160552978515625	7.25708007812501E-07	-8.69140625000001E-07	-1.5948486328125E-06	1.16514577541693E-07	221236.34375	1.15804741653847E-05
269	176.776611553682	0.155487060546875	0.155517578125	7.56225585937501E-07	-9.747314453125E-07	-1.73095703125E-06	1.17606369087753E-07	205649.71875	1.16175233415561E-05
270	176.826611553556	0.15045166015625	0.150421142578125	7.92541503906249E-07	-1.0986328125E-06	-1.89117431640625E-06	1.19214988103522E-07	189795.921875	1.165624235E-05
271	176.876611553429	0.145416259765625	0.145477294921875	8.33740234374999E-07	-1.24267578125E-06	-2.076416015625E-06	1.21290270271857E-07	174487.5625	1.16968994916533E-05
272	176.926611553303	0.140380859375	0.140411376953125	8.8226318359375E-07	-1.4080810546875E-06	-2.29034423828125E-06	1.23879786428915E-07	159149.078125	1.17397994472412E-05
273	176.976611553177	0.135345458984375	0.135406494140625	9.37805175781251E-07	-1.5966796875E-06	-2.53448486328125E-06	1.26984915027606E-07	144386.59375	1.17853005576762E-05
274	177.026611553051	0.13031005859375	0.130340576171875	1.00067138671875E-06	-1.81182861328125E-06	-2.8125E-06	1.30428077227407E-07	130253.1328125	1.18337629828602E-05
275	177.076611552925	0.125274658203125	0.12530517578125	1.0723876953125E-06	-2.05230712890625E-06	-3.12469482421875E-06	1.34375724769598E-07	116846.8984375	1.1885589628946E-05
276	177.126611552798	0.1202392578125	0.12030029296875	1.15142822265625E-06	-2.3175048828125E-06	-3.46893310546875E-06	1.3851713731583E-07	104479.203125	1.19411843115813E-05
277	177.176611552672	0.115203857421875	0.115264892578125	1.23870849609375E-06	-2.607421875E-06	-3.84613037109375E-06	1.42779597922527E-07	93052.4765625	1.20009381134878E-05
278	177.226611552546	0.11016845703125	0.110260009765625	1.3323974609375E-06	-2.9205322265625E-06	-4.2529296875E-06	1.46910153375757E-07	82753.09375	1.20652157420409E-05
279	177.27661155242	0.105133056640625	0.10516357421875	1.4324951171875E-06	-3.2525634765625E-06	-4.68505859375E-06	1.50646300767221E-07	73412.8671875	1.21343382488703E-05
280	177.326611552293	0.10009765625	0.10015869140625	1.53472900390625E-06	-3.60076904296875E-06	-5.135498046875E-06	1.53716442241603E-07	65261.484375	1.22085184557363E-05
281	177.376611552167	0.095062255859375	0.09515380859375	1.63818359375E-06	-3.95111083984375E-06	-5.58929443359375E-06	1.5587940538353E-07	58084.94921875	1.22878418551409E-05
282	177.426611552041	0.09002685546875	0.090087890625	1.7431640625E-06	-4.30908203125E-06	-6.05224609375E-06	1.57037973735896E-07	51680.671875	1.23723748401972E-05
283	177.476611551915	0.084991455078125	0.085052490234375	1.8359375E-06	-4.6600341796875E-06	-6.4959716796875E-06	1.56151060082266E-07	46326.4609375	1.2461852747947E-05
284	177.526611551788	0.0799560546875	0.0799560546875	1.9140625E-06	-4.9957275390625E-06	-6.9097900390625E-06	1.53040886630151E-07	41772.95703125	1.2555602552311E-05
285	177.576611551662	0.074920654296875	0.074951171875	1.9720458984375E-06	-5.3070068359375E-06	-7.279052734375E-06	1.4780714252538E-07	38006.8125	1.26527556858491E-05
286	177.626611551536	0.06988525390625	0.0699462890625	2.0074462890625E-06	-5.5877685546875E-06	-7.59521484375E-06	1.40413419558172E-07	34843.41796875	1.2752242582792E-05
287	177.67661155141	0.064849853515625	0.064849853515625	2.01385498046875E-06	-5.8258056640625E-06	-7.83966064453125E-06	1.30598195369203E-07	32201.84765625	1.28527753986418E-05
288	177.726611551283	0.059814453125	0.059722900390625	1.98883056640625E-06	-6.0150146484375E-06	-8.00384521484375E-06	1.18778721969193E-07	30029.15625	1.29528425532044E-05
289	177.776611551157	0.054779052734375	0.05474853515625	1.9305419921875E-06	-6.146240234375E-06	-8.0767822265625E-06	1.05694340390983E-07	28359.154296875	1.30508269648999E-05
290	177.826611551031	0.04974365234375	0.0497894287109375	1.83380126953125E-06	-6.2225341796875E-06	-8.05633544921875E-06	9.13039173155994E-08	27150.94140625	1.31449351101764E-05
291	177.876611550905	0.044708251953125	0.0447509765625	1.71630859375E-06	-6.231689453125E-06	-7.947998046875E-06	7.68064865042106E-08	26073.96875	1.3233688150649E-05
292	177.926611550778	0.0396728515625	0.03970947265625	1.56219482421875E-06	-6.182861328125E-06	-7.74505615234375E-06	6.20339335455355E-08	25419.025390625	1.3315650903678E-05
293	177.976611550652	0.034637451171875	0.034710693359375	1.383056640625E-06	-6.0760498046875E-06	-7.4591064453125E-06	4.80068571562242E-08	25097.087890625	1.33892817757442E-05
294	178.026611550526	0.02960205078125	0.0296661376953125	1.185302734375E-06	-5.9234619140625E-06	-7.1087646484375E-06	3.51633531181506E-08	25028.3203125	1.34534911921946E-05
295	178.0766115504	0.024566650390625	0.0246124267578125	9.72595214843749E-07	-5.72509765625E-06	-6.69769287109375E-06	2.39379289723729E-08	25305.9296875	1.35074378704303E-05
296	178.126611550274	0.01953125	0.019598388671875	7.4981689453125E-07	-5.499267578125E-06	-6.24908447265625E-06	1.46952032764602E-08	26137.56640625	1.35504988065804E-05
297	178.176611550147	0.014495849609375	0.014581298828125	5.26123046875E-07	-5.255126953125E-06	-5.78125E-06	7.67155672320996E-09	27714.6171875	1.35823975142557E-05
298	178.226611550021	0.00946044921875	0.00953369140625	3.04260253906249E-07	-4.998779296875E-06	-5.30303955078125E-06	2.90072321718071E-09	31334.001953125	1.36031567308237E-05
299	178.276611549895	0.004425048828125	0.0044708251953125	9.12475585937503E-08	-4.7393798828125E-06	-4.83062744140625E-06	4.07951866732148E-10	48996.65625	1.36130447572214E-05
300	178.326611549769	-0.0006103515625	-0.000561523437500003	-1.09252929687501E-07	-4.4921875E-06	-4.3829345703125E-06	6.13480793942855E-11	5139.66455078125	1.3612594557344E-05
301	178.376611549642	-0.005645751953125	-0.0055511474609375	-2.960205078125E-07	-4.2510986328125E-06	-3.955078125E-06	1.64325331120097E-09	18752.578125	1.36024627863662E-05
302	178.426611549516	-0.01068115234375	-0.010595703125	-4.58374023437499E-07	-4.0228271484375E-06	-3.564453125E-06	4.85679496620151E-09	23115.845703125	1.35836025947356E-05
303	178.47661154939	-0.015716552734375	-0.015606689453125	-6.01806640625E-07	-3.81011962890625E-06	-3.20831298828125E-06	9.39220878848346E-09	25933.064453125	1.35570981001365E-05
304	178.526611549264	-0.020751953125	-0.0206146240234375	-7.2357177734375E-07	-3.6151123046875E-06	-2.89154052734375E-06	1.49161589746427E-08	28490.08984375	1.35239633891615E-05
305	178.576611549137	-0.025787353515625	-0.0256378173828125	-8.24890136718751E-07	-3.43841552734375E-06	-2.613525390625E-06	2.11483808243429E-08	31080.28125	1.34852516566752E-05
306	178.626611549011	-0.03082275390625	-0.0306976318359375	-9.0667724609375E-07	-3.2794189453125E-06	-2.37274169921875E-06	2.78328435854291E-08	33857.2890625	1.3441962437355E-05
307	178.676611548885	-0.035858154296875	-0.0357269287109375	-9.71069335937499E-07	-3.1353759765625E-06	-2.164306640625E-06	3.46933219930179E-08	36791.32421875	1.33950188683229E-05
308	178.726611548759	-0.0408935546875	-0.040753173828125	-1.02081298828125E-06	-3.006591796875E-06	-1.98577880859375E-06	4.16013712367658E-08	39922.2734375	1.33452222144115E-05
309	178.776611548632	-0.045928955078125	-0.04580078125	-1.05682373046875E-06	-2.89337158203125E-06	-1.8365478515625E-06	4.84033542136331E-08	43338.1484375	1.32932809719932E-05
310	178.826611548506	-0.05096435546875	-0.0509033203125	-1.07940673828125E-06	-2.79205322265625E-06	-1.712646484375E-06	5.49453851306225E-08	47158.609375	1.32398754431051E-05
311	178.87661154838	-0.055999755859375	-0.055908203125	-1.09588623046875E-06	-2.70263671875E-06	-1.60675048828125E-06	6.12690271850624E-08	51016.4296875	1.31854931169073E-05
312	178.926611548254	-0.06103515625	-0.06097412109375	-1.104736328125E-06	-2.6239013671875E-06	-1.5191650390625E-06	6.73603253176225E-08	55193.37109375	1.31304777823971E-05
313	178.976611548127	-0.066070556640625	-0.06597900390625	-1.1065673828125E-06	-2.5543212890625E-06	-1.44775390625E-06	7.30102058810189E-08	59624.93359375	1.30751950564445E-05
314	179.026611548001	-0.07110595703125	-0.07098388671875	-1.10321044921875E-06	-2.49267578125E-06	-1.38946533203125E-06	7.83101583579082E-08	64343.01953125	1.30199505292694E-05
315	179.076611547875	-0.076141357421875	-0.076080322265625	-1.09710693359375E-06	-2.43804931640625E-06	-1.3409423828125E-06	8.34682438721757E-08	69346.3203125	1.29649424707168E-05
316	179.126611547749	-0.0811767578125	-0.081085205078125	-1.0882568359375E-06	-2.388916015625E-06	-1.3006591796875E-06	8.82415278624649E-08	74509.2578125	1.29103082144866E-05
317	179.176611547623	-0.086212158203125	-0.086151123046875	-1.0772705078125E-06	-2.34649658203125E-06	-1.26922607421875E-06	9.28080581275026E-08	79971.6796875	1.28561705423635E-05
318	179.226611547496	-0.09124755859375	-0.0911865234375	-1.06475830078125E-06	-2.308349609375E-06	-1.24359130859375E-06	9.70916076425965E-08	85640.5859375	1.28026194943232E-05
319	179.27661154737	-0.096282958984375	-0.09619140625	-1.05133056640625E-06	-2.2747802734375E-06	-1.22344970703125E-06	1.01128961205177E-07	91494.921875	1.27497178254998E-05
320	179.326611547244	-0.101318359375	-0.101165771484375	-1.03759765625E-06	-2.24456787109375E-06	-1.20697021484375E-06	1.04969359426832E-07	97500.0078125	1.2697494639724E-05
321	179.376611547118	-0.106353759765625	-0.10626220703125	-1.02386474609375E-06	-2.218017578125E-06	-1.19415283203125E-06	1.08798118958475E-07	103785.3984375	1.26459572129534E-05
322	179.426611546991	-0.11138916015625	-0.111297607421875	-1.00982666015625E-06	-2.19451904296875E-06	-1.1846923828125E-06	1.1239129094065E-07	110214.5703125	1.25951155496296E-05
323	179.476611546865	-0.116424560546875	-0.116241455078125	-9.95788574218751E-07	-2.1728515625E-06	-1.17706298828125E-06	1.15751916496265E-07	116733.0703125	1.25449751067208E-05
324	179.526611546739	-0.1214599609375	-0.121307373046875	-9.82666015625E-07	-2.15423583984375E-06	-1.17156982421875E-06	1.19204621285007E-07	123447.2109375	1.24955140563543E-05
325	179.576611546613	-0.126495361328125	-0.12640380859375	-9.7015380859375E-07	-2.1380615234375E-06	-1.16790771484375E-06	1.22631135468509E-07	130292.546875	1.24466932902578E-05
326	179.626611546486	-0.13153076171875	-0.1314697265625	-9.5794677734375E-07	-2.12371826171875E-06	-1.165771484375E-06	1.25940999851082E-07	137241.15625	1.23984909805586E-05
327	179.67661154636	-0.136566162109375	-0.136474609375	-9.46044921875E-07	-2.11029052734375E-06	-1.16424560546875E-06	1.29111114688385E-07	144258.0625	1.23508907563519E-05
328	179.726611546234	-0.1416015625	-0.141448974609375	-9.3505859375E-07	-2.09869384765625E-06	-1.16363525390625E-06	1.32263068053362E-07	151272.859375	1.23038635138073E-05
329	179.776611546108	-0.146636962890625	-0.14654541015625	-9.24072265625001E-07	-2.0892333984375E-06	-1.1651611328125E-06	1.35418545710309E-07	158586.53125	1.22573846965679E-05
330	179.826611545981	-0.15167236328125	-0.151580810546875	-9.14611816406249E-07	-2.0806884765625E-06	-1.16607666015625E-06	1.38637602731251E-07	165732.40625	1.22114179248456E-05
331	179.876611545855	-0.156707763671875	-0.156585693359375	-9.0545654296875E-07	-2.0733642578125E-06	-1.16790771484375E-06	1.41781541174169E-07	172935.625	1.21659159049159E-05
332	179.926611545729	-0.1617431640625	-0.161651611328125	-8.9691162109375E-07	-2.0672607421875E-06	-1.17034912109375E-06	1.44987211569969E-07	180231.375	1.2120856808906E-05
333	179.976611545603	-0.166778564453125	-0.166656494140625	-8.88977050781251E-07	-2.06268310546875E-06	-1.1737060546875E-06	1.48153787904448E-07	187469.96875	1.20762097139959E-05
334	180.026611545476	-0.17181396484375	-0.171630859375	-8.819580078125E-07	-2.05902099609375E-06	-1.17706298828125E-06	1.51371210677098E-07	194602.078125	1.20319364214083E-05
335	180.07661154535	-0.176849365234375	-0.17669677734375	-8.7554931640625E-07	-2.05596923828125E-06	-1.180419921875E-06	1.54706739863286E-07	201812.484375	1.19879987323657E-05
336	180.126611545224	-0.181884765625	-0.1817626953125	-8.6944580078125E-07	-2.0538330078125E-06	-1.18438720703125E-06	1.58032804620234E-07	209055.8125	1.19443739095004E-05
337	180.176611545098	-0.186920166015625	-0.186737060546875	-8.6395263671875E-07	-2.05291748046875E-06	-1.18896484375E-06	1.61331968229206E-07	216142.71875	1.19010392154451E-05
338	180.226611544972	-0.19195556640625	-0.19183349609375	-8.5906982421875E-07	-2.0526123046875E-06	-1.19354248046875E-06	1.64798365176466E-07	223303.734375	1.18579637273797E-05
339	180.276611544845	-0.196990966796875	-0.19683837890625	-8.55407714843751E-07	-2.05322265625E-06	-1.19781494140625E-06	1.68377056297686E-07	230110.609375	1.18151010610745E-05
340	180.326611544719	-0.2020263671875	-0.201904296875	-8.514404296875E-07	-2.05474853515625E-06	-1.20330810546875E-06	1.71909476875953E-07	237132.625	1.17724302981514E-05
