Potential - Start -0.205 V, Stop 1.505 V, Step 0.005 V; Modulation - Amplitude 0.05 V, Time 0.025 s, Interval time 0.05 s
Index	Base.Time (s)	Potential applied (V)	WE(1).Base.Potential (V)	WE(1).Base.Current (A)	WE(1).Pulse.Current (A)	WE(1).δ.Current (A)	WE(1).Base.Power (W)	WE(1).Base.Resistance (Ω)	WE(1).Base.Charge (C)
1	140.03334364645	-0.204925537109375		-4.534912109375E-07	3.0487060546875E-07	7.5836181640625E-07	9.28765686580846E-08	451615.09375	0
2	140.083343646324	-0.19989013671875		-6.756591796875E-07	2.72521972656251E-07	9.48181152343751E-07	1.3497512441063E-07	295663.96875	-2.82287597741515E-08
3	140.133343646197	-0.194854736328125		-6.7718505859375E-07	2.8045654296875E-07	9.57641601562501E-07	1.31870052655358E-07	287561.96875	-6.20498639136713E-08
4	140.183343646071	-0.1898193359375		-6.6650390625E-07	2.94189453125E-07	9.60693359375001E-07	1.26433960190298E-07	284615.40625	-9.56420862507912E-08
5	140.233343645945	-0.184783935546875		-6.549072265625E-07	3.09143066406251E-07	9.6405029296875E-07	1.20936377356884E-07	281966.46875	-1.28677356769913E-07
6	140.283343645819	-0.17974853515625		-6.43005371093749E-07	3.25927734375001E-07	9.6893310546875E-07	1.15481157081376E-07	279307.0625	-1.6112517187139E-07
7	140.333343645692	-0.174713134765625		-6.32324218749999E-07	3.4149169921875E-07	9.7381591796875E-07	1.10398154617997E-07	276110.03125	-1.93008418136742E-07
8	140.383343645566	-0.169677734375		-6.21643066406249E-07	3.5888671875E-07	9.80529785156249E-07	1.05384124537977E-07	272704.96875	-2.24357592060187E-07
9	140.43334364544	-0.164642333984375		-6.12792968750001E-07	3.77197265625E-07	9.89990234375E-07	1.00816862413922E-07	268476.09375	-2.55218509437327E-07
10	140.483343645314	-0.15960693359375		-6.04248046875E-07	3.96118164062501E-07	1.0003662109375E-06	9.63684172461399E-08	263939.40625	-2.85644517816763E-07
11	140.533343645187	-0.154571533203125		-5.97229003906249E-07	4.16259765625E-07	1.01348876953125E-06	9.22599170394278E-08	258661.234375	-3.15681461415807E-07
12	140.583343645061	-0.1495361328125		-5.9051513671875E-07	4.376220703125E-07	1.02813720703125E-06	8.82492869891394E-08	253074.9375	-3.45375042343221E-07
13	140.633343644935	-0.144500732421875		-5.85327148437501E-07	4.61730957031251E-07	1.04705810546875E-06	8.4508748443568E-08	246663.1875	-3.74771104816318E-07
14	140.683343644809	-0.13946533203125		-5.816650390625E-07	4.8828125E-07	1.0699462890625E-06	8.10510982773849E-08	239559.296875	-4.039459042815E-07
15	140.733343644682	-0.134429931640625		-5.79223632812501E-07	5.18188476562501E-07	1.097412109375E-06	7.7776611817626E-08	231822.96875	-4.32968136010459E-07
16	140.783343644556	-0.12939453125		-5.780029296875E-07	5.5206298828125E-07	1.13006591796875E-06	7.47374997445149E-08	223706.4375	-4.61898792991633E-07
17	140.83334364443	-0.124359130859375		-5.79223632812501E-07	5.902099609375E-07	1.16943359375E-06	7.19787180969433E-08	214541.625	-4.90829449972807E-07
18	140.883343644304	-0.11932373046875		-5.81970214843749E-07	6.3446044921875E-07	1.2164306640625E-06	6.94073349905011E-08	204929.21875	-5.19859327141603E-07
19	140.933343644178	-0.114288330078125		-5.88073730468749E-07	6.85729980468749E-07	1.2738037109375E-06	6.71561224407924E-08	194187.859375	-5.49110382053186E-07
20	140.983343644051	-0.1092529296875		-5.963134765625E-07	7.45239257812499E-07	1.341552734375E-06	6.5112594427319E-08	183111.578125	-5.78720062094362E-07
21	141.033343643925	-0.104217529296875		-6.072998046875E-07	8.1512451171875E-07	1.42242431640625E-06	6.32727505944786E-08	171557.796875	-6.08810410085425E-07
22	141.083343643799	-0.09918212890625		-6.23474121093751E-07	8.9385986328125E-07	1.517333984375E-06	6.17994331264526E-08	158981.90625	-6.39579752714781E-07
23	141.133343643673	-0.094146728515625		-6.4544677734375E-07	9.87854003906249E-07	1.63330078125E-06	6.07273094033189E-08	145768.3125	-6.71302757382364E-07
24	141.183343643546	-0.089111328125		-6.70776367187501E-07	1.097412109375E-06	1.7681884765625E-06	5.97328266849217E-08	132757.0625	-7.04208332535927E-07
25	141.23334364342	-0.084075927734375		-7.0159912109375E-07	1.2261962890625E-06	1.92779541015625E-06	5.89447743948313E-08	119747.71875	-7.38517712761677E-07
26	141.283343643294	-0.07904052734375		-7.391357421875E-07	1.37298583984375E-06	2.11212158203125E-06	5.83765640271849E-08	106853.84375	-7.74536090375477E-07
27	141.333343643168	-0.074005126953125		-7.830810546875E-07	1.54205322265625E-06	2.32513427734375E-06	5.78564183228991E-08	94349.1875	-8.12591508747573E-07
28	141.383343643041	-0.0689697265625		-8.3526611328125E-07	1.734619140625E-06	2.56988525390625E-06	5.76080729786099E-08	82572.1640625	-8.53050210025685E-07
29	141.433343642915	-0.063934326171875		-8.9569091796875E-07	1.95159912109375E-06	2.8472900390625E-06	5.72107268226318E-08	71311.7578125	-8.96324138466298E-07
30	141.483343642789	-0.05889892578125		-9.6435546875E-07	2.19390869140625E-06	3.15826416015625E-06	5.67112081739651E-08	60981.015625	-9.42825295169314E-07
31	141.533343642663	-0.053863525390625		-1.04095458984375E-06	2.4603271484375E-06	3.50128173828125E-06	5.60059483234454E-08	51685.7265625	-9.9295800737309E-07
32	141.583343642536	-0.048828125		-1.121826171875E-06	2.75177001953125E-06	3.87359619140625E-06	5.45952154595852E-08	43381.39453125	-1.04702758108033E-06
33	141.63334364241	-0.043792724609375		-1.21551513671875E-06	3.062744140625E-06	4.27825927734375E-06	5.30971782097822E-08	35937.73828125	-1.10546113774035E-06
34	141.683343642284	-0.03875732421875		-1.31072998046875E-06	3.39111328125E-06	4.70184326171875E-06	5.06483850415407E-08	29480.791015625	-1.16861724563933E-06
35	141.733343642158	-0.033721923828125		-1.40899658203125E-06	3.73077392578125E-06	5.1397705078125E-06	4.73248782384417E-08	23837.990234375	-1.23661038742284E-06
36	141.783343642031	-0.0286865234375		-1.50604248046875E-06	4.0771484375E-06	5.58319091796875E-06	4.29687219138941E-08	18944.27734375	-1.3094863788865E-06
37	141.833343641905	-0.023651123046875		-1.59820556640625E-06	4.4189453125E-06	6.01715087890625E-06	3.75457318568806E-08	14699.255859375	-1.38709253860725E-06
38	141.883343641779	-0.01861572265625		-1.67938232421875E-06	4.7515869140625E-06	6.43096923828125E-06	3.10476622189526E-08	11008.541015625	-1.46903221320827E-06
39	141.933343641653	-0.013580322265625		-1.74407958984375E-06	5.06591796875E-06	6.80999755859375E-06	2.34988739578057E-08	7725.28466796875	-1.55461873418972E-06
40	141.983343641527	-0.008544921875		-1.788330078125E-06	5.3558349609375E-06	7.1441650390625E-06	1.51556172056644E-08	4738.908203125	-1.64292907811614E-06
41	142.0333436414	-0.003509521484375		-1.8072509765625E-06	5.6060791015625E-06	7.413330078125E-06	6.22676488148954E-09	1906.45068359375	-1.73281853221852E-06
42	142.083343641274	0.00152587890625		-1.79534912109375E-06	5.816650390625E-06	7.61199951171875E-06	-2.92577029270547E-09	-907.700256347656	-1.82288351879833E-06
43	142.133343641148	0.006561279296875		-1.7449951171875E-06	5.9722900390625E-06	7.71728515625E-06	-1.16624123691622E-08	-3830.01049804688	-1.91139224625658E-06
44	142.183343641022	0.0115966796875		-1.6680908203125E-06	6.072998046875E-06	7.7410888671875E-06	-1.95326688157138E-08	-7019.7587890625	-1.99671922018752E-06
45	142.233343640895	0.016632080078125		-1.558837890625E-06	6.1126708984375E-06	7.6715087890625E-06	-2.60979735600131E-08	-10740.015625	-2.07739253710315E-06
46	142.283343640769	0.02166748046875		-1.42059326171875E-06	6.09130859375E-06	7.51190185546875E-06	-3.08890584221899E-08	-15306.123046875	-2.15187833418895E-06
47	142.333343640643	0.026702880859375		-1.253662109375E-06	6.0150146484375E-06	7.2686767578125E-06	-3.35682095453649E-08	-21358.326171875	-2.21873460759525E-06
48	142.383343640517	0.03173828125		-1.06658935546875E-06	5.889892578125E-06	6.95648193359375E-06	-3.39330874510324E-08	-29828.326171875	-2.27674104280595E-06
49	142.43334364039	0.036773681640625		-8.61511230468751E-07	5.718994140625E-06	6.58050537109375E-06	-3.17624397894178E-08	-42794.90234375	-2.32494357987889E-06
50	142.483343640264	0.04180908203125		-6.427001953125E-07	5.511474609375E-06	6.1541748046875E-06	-2.69315059142627E-08	-65199.4296875	-2.36254868468677E-06
51	142.533343640138	0.046844482421875		-4.1961669921875E-07	5.2825927734375E-06	5.70220947265625E-06	-1.97041067906412E-08	-111905.453125	-2.38910661209957E-06
52	142.583343640012	0.0518798828125		-2.0172119140625E-07	5.0384521484375E-06	5.24017333984375E-06	-1.04775841336391E-08	-257488.65625	-2.40464009948482E-06
53	142.633343639885	0.056915283203125		1.80053710937503E-08	4.7882080078125E-06	4.77020263671875E-06	1.02423136638663E-09	3159322	-2.40923304772878E-06
54	142.683343639759	0.06195068359375		2.23388671874999E-07	4.541015625E-06	4.317626953125E-06	1.38458977616551E-08	277459.03125	-2.40319809563516E-06
55	142.733343639633	0.066986083984375		4.14123535156249E-07	4.2999267578125E-06	3.88580322265625E-06	2.77657896674555E-08	161901.265625	-2.38726033785497E-06
56	142.783343639507	0.072021484375		5.865478515625E-07	4.07501220703125E-06	3.48846435546875E-06	4.22440464831197E-08	122788.7578125	-2.36224354921433E-06
57	142.83334363938	0.077056884765625		7.3974609375E-07	3.86077880859375E-06	3.12103271484375E-06	5.70251046383419E-08	104207.921875	-2.32908632824547E-06
58	142.883343639254	0.08209228515625		8.7249755859375E-07	3.6614990234375E-06	2.78900146484375E-06	7.16519465981946E-08	94123.8203125	-2.288780251547E-06
59	142.933343639128	0.087127685546875		9.844970703125E-07	3.47869873046875E-06	2.49420166015625E-06	8.58370441392253E-08	88561.6875	-2.24235532186867E-06
60	142.983343639002	0.0921630859375		1.07666015625E-06	3.31298828125E-06	2.236328125E-06	9.92283233358648E-08	85600.90625	-2.190826307924E-06
61	143.033343638876	0.097198486328125		1.1505126953125E-06	3.1622314453125E-06	2.01171875E-06	1.11898309285152E-07	84535.8125	-2.13514704228146E-06
62	143.083343638749	0.10223388671875		1.20880126953125E-06	3.0267333984375E-06	1.81793212890625E-06	1.23654231742876E-07	84625.1015625	-2.07616426450841E-06
63	143.133343638623	0.107269287109375		1.25335693359375E-06	2.9046630859375E-06	1.65130615234375E-06	1.344467079889E-07	85585.5859375	-2.01461011783977E-06
64	143.183343638497	0.1123046875		1.285400390625E-06	2.79571533203125E-06	1.51031494140625E-06	1.4435647699429E-07	87369.421875	-1.95114125745022E-06
65	143.233343638371	0.117340087890625		1.3067626953125E-06	2.69775390625E-06	1.3909912109375E-06	1.53415399495316E-07	89841.1953125	-1.88633725883847E-06
66	143.283343638244	0.12237548828125		1.32110595703125E-06	2.60955810546875E-06	1.2884521484375E-06	1.61670982379292E-07	92631.09375	-1.82064047749009E-06
67	143.333343638118	0.127410888671875		1.3275146484375E-06	2.53143310546875E-06	1.20391845703125E-06	1.6913980971367E-07	95977.015625	-1.75442494310118E-06
68	143.383343637992	0.1324462890625		1.32904052734375E-06	2.4609375E-06	1.13189697265625E-06	1.76107604943354E-07	99701.4921875	-1.6880111388673E-06
69	143.433343637866	0.137481689453125		1.32598876953125E-06	2.39776611328125E-06	1.07177734375E-06	1.82380105684388E-07	103728.4296875	-1.62163541972404E-06
70	143.483343637739	0.14251708984375		1.3201904296875E-06	2.340087890625E-06	1.0198974609375E-06	1.88270561807258E-07	108021.265625	-1.555480935167E-06
71	143.533343637613	0.147552490234375		1.31103515625E-06	2.2882080078125E-06	9.77172851562501E-07	1.93566521033972E-07	112616.390625	-1.48970025293238E-06
72	143.583343637487	0.152587890625		1.30096435546875E-06	2.2418212890625E-06	9.40856933593749E-07	1.98551106223022E-07	117311.7578125	-1.42440023864765E-06
73	143.633343637361	0.157623291015625		1.28936767578125E-06	2.19940185546875E-06	9.10034179687499E-07	2.03234378659545E-07	122248.5234375	-1.35964194214466E-06
74	143.683343637234	0.16265869140625		1.27716064453125E-06	2.15972900390625E-06	8.82568359374999E-07	2.07819240927165E-07	127407.40625	-1.29547879623715E-06
75	143.733343637108	0.167694091796875		1.26373291015625E-06	2.1240234375E-06	8.6029052734375E-07	2.11881967970839E-07	132673.265625	-1.23195638934703E-06
76	143.783343636982	0.1727294921875		1.25030517578125E-06	2.09197998046875E-06	8.416748046875E-07	2.15888249499585E-07	138101.0625	-1.16910553060734E-06
77	143.833343636856	0.177764892578125		1.23779296875E-06	2.06085205078125E-06	8.23059082031251E-07	2.20111687099234E-07	143663.703125	-1.10690302790317E-06
78	143.883343636729	0.18280029296875		1.2237548828125E-06	2.0330810546875E-06	8.09326171874999E-07	2.23740102001102E-07	149401.5	-1.04536434264446E-06
79	143.933343636603	0.187835693359375		1.21063232421875E-06	2.0068359375E-06	7.9620361328125E-07	2.27510781769524E-07	155230.65625	-9.84504595180624E-07
80	143.983343636477	0.19287109375		1.197509765625E-06	1.98333740234375E-06	7.8582763671875E-07	2.31001550332621E-07	161085.625	-9.24301104987535E-07
81	144.033343636351	0.197906494140625		1.18560791015625E-06	1.96075439453125E-06	7.75146484375E-07	2.34711862390213E-07	166975.546875	-8.64723176619009E-07
82	144.083343636225	0.20294189453125		1.1737060546875E-06	1.93939208984375E-06	7.6568603515625E-07	2.38194118651336E-07	172906.921875	-8.05740342002537E-07
83	144.133343636098	0.207977294921875		1.1614990234375E-06	1.9195556640625E-06	7.58056640625E-07	2.41494518604668E-07	179006.84375	-7.47360218156246E-07
84	144.183343635972	0.2130126953125		1.14959716796875E-06	1.90032958984375E-06	7.50732421875E-07	2.44878776811674E-07	185293.34375	-6.89582805080136E-07
85	144.233343635846	0.218048095703125		1.13922119140625E-06	1.8829345703125E-06	7.43713378906249E-07	2.48439761207919E-07	191427.8125	-6.32362343822024E-07
86	144.28334363572	0.22308349609375		1.12823486328125E-06	1.86614990234375E-06	7.37915039062501E-07	2.5172502660098E-07	197754.9375	-5.75675926484109E-07
87	144.333343635593	0.228118896484375		1.11846923828125E-06	1.85089111328125E-06	7.32421875E-07	2.55178093766517E-07	203983.640625	-5.19508319030137E-07
88	144.383343635467	0.233154296875		1.10870361328125E-06	1.83563232421875E-06	7.26928710937499E-07	2.58532850239135E-07	210322.046875	-4.63829024965889E-07
89	144.433343635341	0.238189697265625		1.0992431640625E-06	1.82159423828125E-06	7.22351074218751E-07	2.61895479525265E-07	216740.703125	-4.08630342008109E-07
90	144.483343635215	0.24322509765625		1.09039306640625E-06	1.8084716796875E-06	7.18078613281249E-07	2.6521095719545E-07	223061.84375	-3.53889447524125E-07
91	144.533343635088	0.248260498046875		1.08184814453125E-06	1.795654296875E-06	7.1380615234375E-07	2.68514128265451E-07	229421.71875	-2.99583405194426E-07
92	144.583343634962	0.2532958984375		1.0736083984375E-06	1.78314208984375E-06	7.0953369140625E-07	2.71940592710962E-07	235929.515625	-2.45696980982757E-07
93	144.633343634836	0.258331298828125		1.065673828125E-06	1.77154541015625E-06	7.05871582031251E-07	2.75329426813187E-07	242439.859375	-1.92214940852864E-07
94	144.68334363471	0.26336669921875		1.0577392578125E-06	1.76055908203125E-06	7.02819824218751E-07	2.78573310197316E-07	248990.1875	-1.39129610943201E-07
95	144.733343634583	0.268402099609375		1.04949951171875E-06	1.75079345703125E-06	7.01293945312499E-07	2.81687874803538E-07	255742.953125	-8.64486437990308E-08
96	144.783343634457	0.2734375		1.04248046875E-06	1.74102783203125E-06	6.9854736328125E-07	2.85021428680921E-07	262265.8125	-3.41491457334087E-08
97	144.833343634331	0.278472900390625		1.03515625E-06	1.7315673828125E-06	6.96411132812501E-07	2.88262953063168E-07	269015.34375	1.77917698351848E-08
98	144.883343634205	0.28350830078125		1.02813720703125E-06	1.722412109375E-06	6.9427490234375E-07	2.91485406478387E-07	275749.5	6.93741029067496E-08
99	144.933343634078	0.288543701171875		1.02203369140625E-06	1.71478271484375E-06	6.927490234375E-07	2.94870176276163E-07	282293.25	1.20628371291787E-07
100	144.983343633952	0.2935791015625		1.01531982421875E-06	1.70654296875E-06	6.9122314453125E-07	2.98076656690682E-07	289149.40625	1.71562206219278E-07
101	145.033343633826	0.298614501953125		1.009521484375E-06	1.69952392578125E-06	6.9000244140625E-07	3.01488569220965E-07	295828.28125	2.22183231812778E-07
102	145.0833436337	0.30364990234375		1.00341796875E-06	1.69281005859375E-06	6.89392089843749E-07	3.0468777367787E-07	302615.5625	2.72506724741106E-07
103	145.133343633574	0.308685302734375		9.9761962890625E-07	1.68609619140625E-06	6.884765625E-07	3.07920061004552E-07	309391.25	3.22532656582553E-07
104	145.183343633447	0.313720703125		9.92431640625E-07	1.6802978515625E-06	6.878662109375E-07	3.11346354919806E-07	316113.15625	3.72283949445773E-07
105	145.233343633321	0.318756103515625		9.86328124999999E-07	1.67449951171875E-06	6.8817138671875E-07	3.14398107548186E-07	323174.5	4.21752929469221E-07
106	145.283343633195	0.32379150390625		9.814453125E-07	1.6693115234375E-06	6.878662109375E-07	3.17753688250377E-07	329881.84375	4.70947270514444E-07
107	145.333343633069	0.328826904296875		9.75952148437501E-07	1.6650390625E-06	6.89086914062499E-07	3.20949112619928E-07	336960.59375	5.19882235039404E-07
108	145.383343632942	0.3338623046875		9.7076416015625E-07	1.66015625E-06	6.8939208984375E-07	3.24220053471436E-07	344042.75	5.68550149182556E-07
109	145.433343632816	0.338897705078125		9.65576171875E-07	1.65618896484375E-06	6.90612792968749E-07	3.27261034271942E-07	351011.375	6.16958629962028E-07
110	145.48334363269	0.34393310546875		9.60693359375001E-07	1.65313720703125E-06	6.92443847656249E-07	3.30384921198856E-07	357973.3125	6.65115351239365E-07
111	145.533343632564	0.348968505859375		9.5550537109375E-07	1.6497802734375E-06	6.9427490234375E-07	3.33382956796413E-07	365154.90625	7.13020313014567E-07
112	145.583343632437	0.35400390625		9.50927734375E-07	1.64642333984375E-06	6.9549560546875E-07	3.36632126618497E-07	372272.15625	7.60681189149182E-07
113	145.633343632311	0.359039306640625		9.46960449218751E-07	1.64398193359375E-06	6.97021484374999E-07	3.39996006459842E-07	379149.21875	8.08128390872298E-07
114	145.683343632185	0.36407470703125		9.4207763671875E-07	1.6412353515625E-06	6.99157714843751E-07	3.43044149531124E-07	386524.125	8.55354301165789E-07
115	145.733343632059	0.369110107421875		9.37805175781251E-07	1.63970947265625E-06	7.01904296875E-07	3.46153370855973E-07	393589.34375	9.02351359854947E-07
116	145.783343631932	0.3741455078125		9.3353271484375E-07	1.6375732421875E-06	7.04040527343749E-07	3.49248580278072E-07	400751.875	9.49134857819445E-07
117	145.833343631806	0.379180908203125		9.29870605468749E-07	1.63543701171875E-06	7.05566406250001E-07	3.52589154317684E-07	407778.15625	9.95719915408699E-07
118	145.88334363168	0.38421630859375		9.259033203125E-07	1.634521484375E-06	7.086181640625E-07	3.55690644937567E-07	414897.84375	1.04211426332768E-06
119	145.933343631554	0.389251708984375		9.22546386718751E-07	1.6326904296875E-06	7.1014404296875E-07	3.5907459050577E-07	421898.78125	1.08832546175108E-06
120	145.983343631427	0.394287109375		9.1888427734375E-07	1.630859375E-06	7.11975097656251E-07	3.62332258418974E-07	429126.53125	1.13436124138389E-06
121	146.033343631301	0.399322509765625		9.1552734375E-07	1.6302490234375E-06	7.14721679687499E-07	3.65590665296622E-07	436166.6875	1.18022160222608E-06
122	146.083343631175	0.40435791015625		9.1278076171875E-07	1.6290283203125E-06	7.16247558593751E-07	3.6909011669195E-07	442995.65625	1.22592928164522E-06
123	146.133343631049	0.409393310546875		9.0972900390625E-07	1.6278076171875E-06	7.18078613281251E-07	3.7246471151775E-07	450050.34375	1.27149201034626E-06
124	146.183343630923	0.4144287109375		9.075927734375E-07	1.627197265625E-06	7.19604492187499E-07	3.76187898609714E-07	456691.3125	1.31692502236547E-06
125	146.233343630796	0.419464111328125		9.0484619140625E-07	1.6259765625E-06	7.21130371093751E-07	3.79578096953992E-07	463608.78125	1.36223604840779E-06
126	146.28334363067	0.42449951171875		9.0179443359375E-07	1.62506103515625E-06	7.232666015625E-07	3.82783753138938E-07	470693.75	1.40740201004519E-06
127	146.333343630544	0.429534912109375		9.002685546875E-07	1.6253662109375E-06	7.2509765625E-07	3.86696768828187E-07	477118.65625	1.45245360272384E-06
128	146.383343630418	0.4345703125		8.978271484375E-07	1.62506103515625E-06	7.27233886718751E-07	3.90169020647591E-07	484024.46875	1.49740594679315E-06
129	146.433343630291	0.439605712890625		8.953857421875E-07	1.6253662109375E-06	7.29980468749999E-07	3.93671314213861E-07	491036.15625	1.54223630488559E-06
130	146.483343630165	0.44464111328125		8.9385986328125E-07	1.6259765625E-06	7.3211669921875E-07	3.9747411051394E-07	497473.53125	1.5869674143687E-06
131	146.533343630039	0.449676513671875		8.9141845703125E-07	1.62689208984375E-06	7.354736328125E-07	4.00849927473246E-07	504450.53125	1.63159938892932E-06
132	146.583343629913	0.4547119140625		8.8958740234375E-07	1.6278076171875E-06	7.3822021484375E-07	4.04533125220041E-07	511183.53125	1.67612461154931E-06
133	146.633343629786	0.459747314453125		8.8775634765625E-07	1.6290283203125E-06	7.4127197265625E-07	4.08116477501608E-07	517841.21875	1.7205582025781E-06
134	146.68334362966	0.46478271484375		8.85009765625E-07	1.6302490234375E-06	7.45239257812499E-07	4.11283224366343E-07	525103.4375	1.76487731096131E-06
135	146.733343629534	0.469818115234375		8.82873535156251E-07	1.63238525390625E-06	7.4951171875E-07	4.14789980140995E-07	532146.5625	1.80907443336764E-06
136	146.783343629408	0.474853515625		8.81042480468749E-07	1.6339111328125E-06	7.52868652343751E-07	4.18366113308366E-07	538967.8125	1.85317230716464E-06
137	146.833343629281	0.479888916015625		8.7890625E-07	1.63665771484375E-06	7.5775146484375E-07	4.21777372139331E-07	546006.9375	1.89717104603915E-06
138	146.883343629155	0.48492431640625		8.7738037109375E-07	1.63909912109375E-06	7.6171875E-07	4.2540949607428E-07	552626.125	1.94107815332245E-06
139	146.933343629029	0.489959716796875		8.746337890625E-07	1.64154052734375E-06	7.66906738281251E-07	4.28562003662591E-07	560223.3125	1.98487850866513E-06
140	146.983343628903	0.4949951171875		8.7249755859375E-07	1.644287109375E-06	7.7178955078125E-07	4.31855397664549E-07	567296.25	2.0285567643441E-06
141	147.033343628776	0.500030517578125		8.70666503906251E-07	1.64794921875E-06	7.77282714843749E-07	4.3533324856071E-07	574272.6875	2.07213588510058E-06
142	147.08334362865	0.50506591796875		8.685302734375E-07	1.65191650390625E-06	7.83386230468751E-07	4.3861203380402E-07	581447.625	2.11561587093456E-06
143	147.133343628524	0.510101318359375		8.6669921875E-07	1.656494140625E-06	7.89794921875001E-07	4.4205151539245E-07	588485.9375	2.15899649447238E-06
144	147.183343628398	0.51513671875		8.648681640625E-07	1.66107177734375E-06	7.9620361328125E-07	4.45498926637811E-07	595589.3125	2.20228571379266E-06
145	147.233343628272	0.520172119140625		8.63037109375001E-07	1.666259765625E-06	8.03222656249999E-07	4.4890148842569E-07	602687.4375	2.24548330152174E-06
146	147.283343628145	0.52520751953125		8.612060546875E-07	1.67205810546875E-06	8.10852050781251E-07	4.52311894605373E-07	609851.1875	2.2885894850333E-06
147	147.333343628019	0.530242919921875		8.5906982421875E-07	1.678466796875E-06	8.1939697265625E-07	4.555419081953E-07	617264.6875	2.33159630624868E-06
148	147.383343627893	0.5352783203125		8.563232421875E-07	1.68609619140625E-06	8.2977294921875E-07	4.58371232525678E-07	625089.125	2.37448125517403E-06
149	147.433343627767	0.540313720703125		8.53881835937501E-07	1.6949462890625E-06	8.41064453125E-07	4.61311941535314E-07	632701.9375	2.4172363737307E-06
150	147.48334362764	0.54534912109375		8.5174560546875E-07	1.7041015625E-06	8.52355957031251E-07	4.6444671397694E-07	640200.625	2.45987689595495E-06
151	147.533343627514	0.550384521484375		8.489990234375E-07	1.71539306640625E-06	8.6639404296875E-07	4.67224083422479E-07	648202.75	2.50239554588916E-06
152	147.583343627388	0.555419921875		8.4564208984375E-07	1.7279052734375E-06	8.8226318359375E-07	4.69660648150239E-07	656766.5	2.54476162808714E-06
153	147.633343627262	0.560455322265625		8.4228515625E-07	1.74224853515625E-06	8.9996337890625E-07	4.72037498866484E-07	665362.3125	2.58695990851265E-06
154	147.683343627135	0.56549072265625		8.3770751953125E-07	1.759033203125E-06	9.2132568359375E-07	4.73664670153084E-07	674972.6875	2.6289596917195E-06
155	147.733343627009	0.570526123046875		8.3282470703125E-07	1.77764892578125E-06	9.4482421875E-07	4.75122817533702E-07	685012.8125	2.67072300630389E-06
156	147.783343626883	0.5755615234375		8.27941894531251E-07	1.7999267578125E-06	9.7198486328125E-07	4.76480948918834E-07	695097.6875	2.71224212156085E-06
157	147.833343626757	0.580596923828125		8.2122802734375E-07	1.8255615234375E-06	1.00433349609375E-06	4.76752347822185E-07	706911.9375	2.75347133538162E-06
158	147.88334362663	0.58563232421875		8.1329345703125E-07	1.854248046875E-06	1.04095458984375E-06	4.7626608079554E-07	720037.5625	2.79433447758493E-06
159	147.933343626504	0.590667724609375		8.04443359375E-07	1.88751220703125E-06	1.08306884765625E-06	4.75158714152712E-07	734256.4375	2.83477788798336E-06
160	147.983343626378	0.595703125		7.9376220703125E-07	1.9256591796875E-06	1.13189697265625E-06	4.7279817749768E-07	750403.6875	2.87473289972695E-06
161	148.033343626252	0.600738525390625		7.82165527343751E-07	1.968994140625E-06	1.18682861328125E-06	4.69805343072949E-07	767928.25	2.91413107333938E-06
162	148.083343626125	0.60577392578125		7.6751708984375E-07	2.0166015625E-06	1.24908447265625E-06	4.64894981178077E-07	789184.9375	2.95287327389815E-06
163	148.133343625999	0.610809326171875		7.51647949218751E-07	2.0697021484375E-06	1.31805419921875E-06	4.59044741774051E-07	812505.125	2.99085240840213E-06
164	148.183343625873	0.6158447265625		7.33032226562499E-07	2.1282958984375E-06	1.395263671875E-06	4.51389269073843E-07	840050	3.02796934192884E-06
165	148.233343625747	0.620880126953125		7.1258544921875E-07	2.18963623046875E-06	1.47705078125E-06	4.42408378376058E-07	871263.4375	3.06410970551951E-06
166	148.283343625621	0.62591552734375		6.8939208984375E-07	2.25341796875E-06	1.56402587890625E-06	4.31501206321627E-07	907923.875	3.09915913021541E-06
167	148.333343625494	0.630950927734375		6.65893554687499E-07	2.31781005859375E-06	1.65191650390625E-06	4.2012581502604E-07	947479.375	3.13304144583526E-06
168	148.383343625368	0.635986328125		6.427001953125E-07	2.3809814453125E-06	1.73828125E-06	4.08709297516907E-07	989458.75	3.16575619763171E-06
169	148.433343625242	0.641021728515625		6.2225341796875E-07	2.4407958984375E-06	1.81854248046875E-06	3.98839972604037E-07	1030063.75	3.19738001053338E-06
170	148.483343625116	0.64605712890625		6.06384277343749E-07	2.49481201171875E-06	1.888427734375E-06	3.91740371696869E-07	1065375	3.22809592034901E-06
171	148.533343624989	0.651092529296875		5.95703124999999E-07	2.54150390625E-06	1.94580078125E-06	3.87839662607803E-07	1092930.375	3.25814812640601E-06
172	148.583343624863	0.6561279296875		5.91430664062501E-07	2.5787353515625E-06	1.9873046875E-06	3.88018065677898E-07	1109288	3.28782653014059E-06
173	148.633343624737	0.661163330078125		5.938720703125E-07	2.6055908203125E-06	2.01171875E-06	3.92573952012754E-07	1113103.75	3.31745900439273E-06
174	148.683343624611	0.66619873046875		6.0394287109375E-07	2.62237548828125E-06	2.0184326171875E-06	4.02272235078271E-07	1102880.25	3.34740434482228E-06
175	148.733343624484	0.671234130859375		6.21337890625E-07	2.628173828125E-06	2.0068359375E-06	4.17025233900858E-07	1080206.375	3.37803635375167E-06
176	148.783343624358	0.67626953125		6.44836425781251E-07	2.62420654296875E-06	1.9793701171875E-06	4.36043848139889E-07	1048651.25	3.40969086209952E-06
177	148.833343624232	0.681304931640625		6.7596435546875E-07	2.61077880859375E-06	1.934814453125E-06	4.60496551113465E-07	1007810.4375	3.44271074936842E-06
178	148.883343624106	0.68634033203125		7.11975097656251E-07	2.5897216796875E-06	1.87774658203125E-06	4.88613750349032E-07	963909.1875	3.47740933648311E-06
179	148.933343623979	0.691375732421875		7.51342773437499E-07	2.56134033203125E-06	1.80999755859375E-06	5.19437264756561E-07	920146.1875	3.51399216924619E-06
180	148.983343623853	0.6964111328125		7.94677734375E-07	2.52899169921875E-06	1.73431396484375E-06	5.53373922684841E-07	876267.3125	3.55264273821376E-06
181	149.033343623727	0.701446533203125		8.3831787109375E-07	2.490234375E-06	1.65191650390625E-06	5.87984004596365E-07	836658.1875	3.59346768163959E-06
182	149.083343623601	0.70648193359375		8.81042480468749E-07	2.4505615234375E-06	1.56951904296875E-06	6.22413722339843E-07	801835.8125	3.63645176548744E-06
183	149.133343623475	0.711517333984375		9.234619140625E-07	2.40997314453125E-06	1.48651123046875E-06	6.56974577850633E-07	770390	3.6815642943111E-06
184	149.183343623348	0.716552734375		9.63439941406249E-07	2.37030029296875E-06	1.4068603515625E-06	6.90237868639088E-07	743617.375	3.72873682863428E-06
185	149.233343623222	0.721588134765625		1.00006103515625E-06	2.3309326171875E-06	1.33087158203125E-06	7.21510104995104E-07	721422	3.77782430405205E-06
186	149.283343623096	0.72662353515625		1.0333251953125E-06	2.29400634765625E-06	1.26068115234375E-06	7.50712217723049E-07	703071.5	3.82865891879192E-06
187	149.33334362297	0.731658935546875		1.0626220703125E-06	2.25921630859375E-06	1.19659423828125E-06	7.7737962556057E-07	688454.9375	3.88105763704516E-06
188	149.383343622843	0.7366943359375		1.087646484375E-06	2.2265625E-06	1.138916015625E-06	8.01229759872513E-07	677300.8125	3.93481423088815E-06
189	149.433343622717	0.741729736328125		1.10870361328125E-06	2.197265625E-06	1.08856201171875E-06	8.22290758151212E-07	668951.3125	3.98972315451829E-06
190	149.483343622591	0.74676513671875		1.12701416015625E-06	2.17071533203125E-06	1.043701171875E-06	8.41477287849557E-07	662496.625	4.04561615141574E-06
191	149.533343622465	0.751800537109375		1.1419677734375E-06	2.1466064453125E-06	1.004638671875E-06	8.59054750890209E-07	658738.625	4.10234042647062E-06
192	149.583343622338	0.7568359375		1.153564453125E-06	2.12493896484375E-06	9.71374511718751E-07	8.73411067914276E-07	656349.25	4.15972908740514E-06
193	149.633343622212	0.761871337890625		1.16241455078125E-06	2.10601806640625E-06	9.43603515624999E-07	8.85432939412567E-07	655290.125	4.21762842961471E-06
194	149.683343622086	0.76690673828125		1.16973876953125E-06	2.0892333984375E-06	9.19494628906249E-07	8.9779450718197E-07	656144	4.27593204221921E-06
195	149.73334362196	0.771942138671875		1.1749267578125E-06	2.07550048828125E-06	9.0057373046875E-07	9.07154742435523E-07	657142.875	4.33454897574848E-06
196	149.783343621833	0.7769775390625		1.17828369140625E-06	2.06268310546875E-06	8.84399414062501E-07	9.15859573069611E-07	659673.6875	4.39337918578531E-06
197	149.833343621707	0.782012939453125		1.18072509765625E-06	2.0513916015625E-06	8.70666503906249E-07	9.23162133403821E-07	662186.625	4.45235446022707E-06
198	149.883343621581	0.78704833984375		1.18255615234375E-06	2.04254150390625E-06	8.59985351562501E-07	9.31089743971825E-07	665806.4375	4.51143660029629E-06
199	149.933343621455	0.792083740234375		1.182861328125E-06	2.03521728515625E-06	8.52355957031251E-07	9.36744697810354E-07	669504.6875	4.57057194580557E-06
200	149.983343621328	0.797119140625		1.1834716796875E-06	2.02789306640625E-06	8.4442138671875E-07	9.43367922445759E-07	673543.0625	4.62973002868239E-06
201	150.033343621202	0.802154541015625		1.18316650390625E-06	2.0220947265625E-06	8.3892822265625E-07	9.49623938595323E-07	678359.625	4.68889629701152E-06
202	150.083343621076	0.80718994140625		1.182861328125E-06	2.01751708984375E-06	8.3465576171875E-07	9.54432721300691E-07	682146.5625	4.74804664918338E-06
203	150.13334362095	0.812225341796875		1.18194580078125E-06	2.01324462890625E-06	8.31298828124999E-07	9.59825911195367E-07	687064.3125	4.80716698803008E-06
204	150.183343620824	0.8172607421875		1.18072509765625E-06	2.00927734375E-06	8.2855224609375E-07	9.65320623436128E-07	692427	4.86623366668937E-06
205	150.233343620697	0.822296142578125		1.180419921875E-06	2.00592041015625E-06	8.2550048828125E-07	9.70474616224237E-07	696484	4.92526214657119E-06
206	150.283343620571	0.82733154296875		1.1798095703125E-06	2.0037841796875E-06	8.23974609375E-07	9.76813680608757E-07	701759	4.98426788908546E-06
207	150.333343620445	0.832366943359375		1.17919921875E-06	2.00103759765625E-06	8.21838378906249E-07	9.81706421043782E-07	706004.125	5.04324316352722E-06
208	150.383343620319	0.83740234375		1.17828369140625E-06	1.99920654296875E-06	8.209228515625E-07	9.8705709206115E-07	710955.6875	5.10218023919151E-06
209	150.433343620192	0.842437744140625		1.17828369140625E-06	1.9964599609375E-06	8.1817626953125E-07	9.92810441857728E-07	715099.6875	5.16109457748826E-06
210	150.483343620066	0.84747314453125		1.1785888671875E-06	1.99493408203125E-06	8.1634521484375E-07	9.98462724055571E-07	718798.5625	5.22001619174262E-06
211	150.53334361994	0.852508544921875		1.1785888671875E-06	1.9927978515625E-06	8.14208984375E-07	1.00529655355786E-06	723718.3125	5.27894599144929E-06
212	150.583343619814	0.8575439453125		1.17828369140625E-06	1.99188232421875E-06	8.135986328125E-07	1.01078967418289E-06	728049.75	5.33786760570365E-06
213	150.633343619687	0.862579345703125		1.17889404296875E-06	1.9903564453125E-06	8.11462402343749E-07	1.01742921287951E-06	732073.5625	5.39679695066297E-06
214	150.683343619561	0.86761474609375		1.17889404296875E-06	1.99005126953125E-06	8.11157226562499E-07	1.02318551853386E-06	736215.4375	5.45574175703223E-06
215	150.733343619435	0.872650146484375		1.1798095703125E-06	1.98974609375E-06	8.099365234375E-07	1.02974092897057E-06	739782.75	5.51470930076903E-06
216	150.783343619309	0.877685546875		1.17919921875E-06	1.98944091796875E-06	8.1024169921875E-07	1.03496608971909E-06	744306.4375	5.57368457521079E-06
217	150.833343619182	0.882720947265625		1.1798095703125E-06	1.98974609375E-06	8.099365234375E-07	1.04162256775453E-06	748318.75	5.63265984965255E-06
218	150.883343619056	0.88775634765625		1.180419921875E-06	1.9915771484375E-06	8.11157226562499E-07	1.04792525235098E-06	752068.3125	5.69166559216683E-06
219	150.93334361893	0.892791748046875		1.180419921875E-06	1.993408203125E-06	8.12988281249999E-07	1.05332878774789E-06	755946.25	5.75068634134368E-06
220	150.983343618804	0.8978271484375		1.18011474609375E-06	1.9964599609375E-06	8.1634521484375E-07	1.05989920484717E-06	761055.0625	5.80969981456292E-06
221	151.033343618677	0.902862548828125		1.18011474609375E-06	1.99981689453125E-06	8.19702148437501E-07	1.06566142221709E-06	765192.6875	5.86870555707719E-06
222	151.083343618551	0.90789794921875		1.1798095703125E-06	2.00408935546875E-06	8.2427978515625E-07	1.07150663097855E-06	769787.9375	5.9277035688865E-06
223	151.133343618425	0.912933349609375		1.1785888671875E-06	2.00927734375E-06	8.30688476562501E-07	1.07543348804029E-06	774210.25	5.98666383666568E-06
224	151.183343618299	0.91796875		1.17767333984375E-06	2.015380859375E-06	8.3770751953125E-07	1.08106735297042E-06	779476.5625	6.04557044425746E-06
225	151.233343618173	0.923004150390625		1.17645263671875E-06	2.02178955078125E-06	8.453369140625E-07	1.08605024706776E-06	784695.1875	6.10442339166184E-06
226	151.283343618046	0.92803955078125		1.17462158203125E-06	2.03033447265625E-06	8.55712890625E-07	1.0900952247539E-06	790075.375	6.16320039625862E-06
227	151.33334361792	0.933074951171875		1.17340087890625E-06	2.04010009765625E-06	8.6669921875E-07	1.0954080380543E-06	795578.6875	6.22190100330045E-06
228	151.383343617794	0.9381103515625		1.17156982421875E-06	2.04986572265625E-06	8.78295898437499E-07	1.09906181933184E-06	800729.375	6.28052521278732E-06
229	151.433343617668	0.943145751953125		1.16943359375E-06	2.06085205078125E-06	8.91418457031251E-07	1.10276778286789E-06	806367.5	6.33905028735171E-06
230	151.483343617541	0.94818115234375		1.16668701171875E-06	2.07275390625E-06	9.06066894531249E-07	1.10623057025805E-06	812712.5625	6.39745303487871E-06
231	151.533343617415	0.953216552734375		1.1639404296875E-06	2.08465576171875E-06	9.20715332031249E-07	1.10966482225194E-06	819087.625	6.45571890345309E-06
232	151.583343617289	0.958251953125		1.16180419921875E-06	2.09686279296875E-06	9.3505859375E-07	1.11294662019645E-06	824533.75	6.51386244499008E-06
233	151.633343617163	0.963287353515625		1.15936279296875E-06	2.1099853515625E-06	9.5062255859375E-07	1.11697647753317E-06	831008.1875	6.571891844942E-06
234	151.683343617036	0.96832275390625		1.1572265625E-06	2.12188720703125E-06	9.64660644531251E-07	1.12092186554946E-06	837025.375	6.62980619381415E-06
235	151.73334361691	0.973358154296875		1.15509033203125E-06	2.13226318359375E-06	9.771728515625E-07	1.12449288280914E-06	842800.5	6.68761413180619E-06
236	151.783343616784	0.9783935546875		1.15447998046875E-06	2.142333984375E-06	9.87854003906249E-07	1.12918337435985E-06	847211.25	6.74535340294824E-06
237	151.833343616658	0.983428955078125		1.15478515625E-06	2.1502685546875E-06	9.95483398437499E-07	1.136177729677E-06	852008.5	6.80308539813268E-06
238	151.883343616531	0.98846435546875		1.15570068359375E-06	2.15667724609375E-06	1.0009765625E-06	1.14272154405626E-06	855558.5625	6.86084740664228E-06
239	151.933343616405	0.993499755859375		1.158447265625E-06	2.1612548828125E-06	1.0028076171875E-06	1.15109389753343E-06	857745	6.91870081936941E-06
240	151.983343616279	0.99853515625		1.16302490234375E-06	2.16278076171875E-06	9.99755859375E-07	1.1613212791417E-06	858567.3125	6.97673795002629E-06
241	152.033343616153	1.00357055664063		1.16790771484375E-06	2.16217041015625E-06	9.94262695312501E-07	1.17225602025428E-06	859419.875	7.03501109455829E-06
242	152.083343616026	1.00860595703125		1.17523193359375E-06	2.1600341796875E-06	9.84802246093751E-07	1.18534592274955E-06	858218.6875	7.09358982931008E-06
243	152.1333436159	1.01364135742188		1.182861328125E-06	2.15576171875E-06	9.72900390625E-07	1.19881667615118E-06	856811.1875	7.15254191163694E-06
244	152.183343615774	1.0186767578125		1.19232177734375E-06	2.149658203125E-06	9.57336425781251E-07	1.21495429539209E-06	854619.9375	7.21192145647365E-06
245	152.233343615648	1.02371215820313		1.2030029296875E-06	2.14202880859375E-06	9.39025878906251E-07	1.23171219001961E-06	851090.875	7.27180486137513E-06
246	152.283343615522	1.02874755859375		1.21337890625E-06	2.1343994140625E-06	9.21020507812501E-07	1.24863083783566E-06	848088.5625	7.33221440896159E-06
247	152.333343615395	1.03378295898438		1.22406005859375E-06	2.12554931640625E-06	9.014892578125E-07	1.26522559185105E-06	844427.8125	7.39315009923303E-06
248	152.383343615269	1.038818359375		1.2353515625E-06	2.1160888671875E-06	8.807373046875E-07	1.28330589177494E-06	840909.125	7.45463557905168E-06
249	152.433343615143	1.04385375976563		1.24542236328125E-06	2.10693359375E-06	8.61511230468751E-07	1.29946874949383E-06	837784.875	7.51665493226028E-06
250	152.483343615017	1.04888916015625		1.25457763671875E-06	2.0977783203125E-06	8.4320068359375E-07	1.31552997117979E-06	835806.4375	7.57915495341877E-06
251	152.53334361489	1.05392456054688		1.26312255859375E-06	2.0892333984375E-06	8.26110839843749E-07	1.33104310862109E-06	834259.5	7.64209744374966E-06
252	152.583343614764	1.0589599609375		1.27166748046875E-06	2.08038330078125E-06	8.087158203125E-07	1.34625679493183E-06	832493.4375	7.70546739659039E-06
253	152.633343614638	1.06399536132813		1.2786865234375E-06	2.07244873046875E-06	7.9376220703125E-07	1.36032133468689E-06	831980.9375	7.76922570366878E-06
254	152.683343614512	1.06903076171875		1.2847900390625E-06	2.0654296875E-06	7.806396484375E-07	1.37387212362228E-06	832304.0625	7.83331324782921E-06
255	152.733343614385	1.07406616210938		1.290283203125E-06	2.05902099609375E-06	7.68737792968749E-07	1.38565258112067E-06	832308.4375	7.8976900113048E-06
256	152.783343614259	1.0791015625		1.29486083984375E-06	2.0526123046875E-06	7.57751464843749E-07	1.39768144435948E-06	833608.3125	7.96231779531809E-06
257	152.833343614133	1.08413696289063		1.29913330078125E-06	2.04742431640625E-06	7.48291015625001E-07	1.40824010941287E-06	834390.4375	8.0271684055333E-06
258	152.883343614007	1.08917236328125		1.30279541015625E-06	2.04315185546875E-06	7.403564453125E-07	1.41936629916017E-06	836261.4375	8.0922163760988E-06
259	152.93334361388	1.09420776367188		1.3055419921875E-06	2.03857421875E-06	7.33032226562499E-07	1.42873341246741E-06	838242.125	8.15742441773182E-06
260	152.983343613754	1.0992431640625		1.30828857421875E-06	2.034912109375E-06	7.26623535156251E-07	1.43852651035559E-06	840447.875	8.2227707025595E-06
261	153.033343613628	1.10427856445313		1.31072998046875E-06	2.0318603515625E-06	7.21130371093751E-07	1.44721104788914E-06	842374.8125	8.28824613563484E-06
262	153.083343613502	1.10931396484375		1.3128662109375E-06	2.02911376953125E-06	7.16247558593751E-07	1.45678143326222E-06	845188.3125	8.35383616504259E-06
263	153.133343613375	1.11434936523438		1.314697265625E-06	2.02728271484375E-06	7.1258544921875E-07	1.46443017001729E-06	847260.9375	8.41952532937285E-06
264	153.183343613249	1.119384765625		1.31683349609375E-06	2.02545166015625E-06	7.086181640625E-07	1.4732396493855E-06	849594.4375	8.48531362862559E-06
265	153.233343613123	1.12442016601563		1.3177490234375E-06	2.0245361328125E-06	7.06787109375E-07	1.48150252243795E-06	853172.75	8.55117741593858E-06
266	153.283343612997	1.12945556640625		1.319580078125E-06	2.02392578125E-06	7.04345703124999E-07	1.4904070440025E-06	855920.4375	8.61711123434361E-06
267	153.333343612871	1.13449096679688		1.3214111328125E-06	2.02362060546875E-06	7.0220947265625E-07	1.49892730405554E-06	858429.5625	8.68313600221882E-06
268	153.383343612744	1.1395263671875		1.3226318359375E-06	2.02362060546875E-06	7.00988769531249E-07	1.50677010424261E-06	861329.0625	8.74923716764897E-06
269	153.433343612618	1.14456176757813		1.32354736328125E-06	2.02423095703125E-06	7.00683593750001E-07	1.51508356793784E-06	864883.625	8.81539108377183E-06
270	153.483343612492	1.14959716796875		1.32537841796875E-06	2.0245361328125E-06	6.9915771484375E-07	1.52365134908905E-06	867372.75	8.88161412149202E-06
271	153.533343612366	1.15463256835938		1.326904296875E-06	2.02545166015625E-06	6.98547363281249E-07	1.53228927501914E-06	870285.25	8.94792174221948E-06
272	153.583343612239	1.15966796875		1.328125E-06	2.0269775390625E-06	6.988525390625E-07	1.54058932366752E-06	873391.5625	9.01429757504957E-06
273	153.633343612113	1.16470336914063		1.32965087890625E-06	2.02911376953125E-06	6.99462890625001E-07	1.54925760398328E-06	876291	9.08074161998229E-06
274	153.683343611987	1.16973876953125		1.33148193359375E-06	2.03033447265625E-06	6.988525390625E-07	1.55707971316588E-06	878294.75	9.14727024792228E-06
275	153.733343611861	1.17477416992188		1.3323974609375E-06	2.0330810546875E-06	7.0068359375E-07	1.56465614509216E-06	881355.9375	9.2138670879649E-06
276	153.783343611734	1.1798095703125		1.33453369140625E-06	2.03582763671875E-06	7.01293945312499E-07	1.57449551352329E-06	884061.3125	9.28054032556247E-06
277	153.833343611608	1.18484497070313		1.33636474609375E-06	2.0391845703125E-06	7.02819824218749E-07	1.58318107423838E-06	886503.8125	9.34731269808253E-06
278	153.883343611482	1.18988037109375		1.33758544921875E-06	2.042236328125E-06	7.04650878906249E-07	1.59197486482299E-06	889801.5	9.41416146815754E-06
279	153.933343611356	1.19491577148438		1.34002685546875E-06	2.0458984375E-06	7.05871582031251E-07	1.60060585585597E-06	891368.6875	9.48110209719744E-06
280	153.983343611229	1.199951171875		1.341552734375E-06	2.04986572265625E-06	7.0831298828125E-07	1.60979766405944E-06	894449.5625	9.54814095166512E-06
281	154.033343611103	1.20498657226563		1.343994140625E-06	2.054443359375E-06	7.10449218749999E-07	1.61928971920133E-06	896457.8125	9.61527985055E-06
282	154.083343610977	1.21002197265625		1.346435546875E-06	2.05902099609375E-06	7.1258544921875E-07	1.62921651281067E-06	898685.4375	9.68254062172491E-06
283	154.133343610851	1.21505737304688		1.34918212890625E-06	2.06451416015625E-06	7.1533203125E-07	1.63912773132324E-06	900475.0625	9.74993145064218E-06
284	154.183343610724	1.2200927734375		1.3519287109375E-06	2.0697021484375E-06	7.177734375E-07	1.64947834946361E-06	902483.125	9.81745870376471E-06
285	154.233343610598	1.22512817382813		1.35498046875E-06	2.07550048828125E-06	7.2052001953125E-07	1.65940446095192E-06	903828.875	9.88513147603953E-06
286	154.283343610472	1.23016357421875		1.3580322265625E-06	2.081298828125E-06	7.232666015625E-07	1.67018720276246E-06	905618.0625	9.95295704342425E-06
287	154.333343610346	1.23519897460938		1.36138916015625E-06	2.08770751953125E-06	7.26318359375E-07	1.68137864875462E-06	907195.75	1.00209426818765E-05
288	154.38334361022	1.240234375		1.36505126953125E-06	2.0947265625E-06	7.2967529296875E-07	1.69298346008873E-06	908562.5	1.00891038528061E-05
289	154.433343610093	1.24526977539063		1.36871337890625E-06	2.100830078125E-06	7.3211669921875E-07	1.70420855738485E-06	909699	1.01574478321709E-05
290	154.483343609967	1.25030517578125		1.3726806640625E-06	2.10845947265625E-06	7.3577880859375E-07	1.71626982137241E-06	910849.25	1.0225982805423E-05
291	154.533343609841	1.25534057617188		1.376953125E-06	2.1160888671875E-06	7.39135742187501E-07	1.72833495071245E-06	911569.1875	1.02947233244777E-05
292	154.583343609715	1.2603759765625		1.38214111328125E-06	2.12493896484375E-06	7.427978515625E-07	1.74201738900592E-06	911901.125	1.03637003121548E-05
293	154.633343609588	1.26541137695313		1.3873291015625E-06	2.1337890625E-06	7.464599609375E-07	1.75575371486048E-06	912230.5	1.04329374153167E-05
294	154.683343609462	1.27044677734375		1.39251708984375E-06	2.1429443359375E-06	7.50427246093749E-07	1.76869389179046E-06	912119.1875	1.05024337244686E-05
295	154.733343609336	1.27548217773438		1.39739990234375E-06	2.1527099609375E-06	7.5531005859375E-07	1.78214531842968E-06	912644.75	1.05721810541581E-05
296	154.78334360921	1.280517578125		1.40380859375E-06	2.16339111328125E-06	7.5958251953125E-07	1.79802998445666E-06	912391.3125	1.06422112366999E-05
297	154.833343609083	1.28555297851563		1.40960693359375E-06	2.17498779296875E-06	7.65380859374999E-07	1.81190921466623E-06	911885.75	1.07125470094616E-05
298	154.883343608957	1.29058837890625		1.41632080078125E-06	2.18658447265625E-06	7.70263671875E-07	1.82788710390014E-06	911226.0625	1.07831956484006E-05
299	154.933343608831	1.29562377929688		1.4227294921875E-06	2.19879150390625E-06	7.76062011718751E-07	1.84310511031072E-06	910553.4375	1.08541717054322E-05
300	154.983343608705	1.3006591796875		1.429443359375E-06	2.2119140625E-06	7.82470703125E-07	1.85878229785885E-06	909692.625	1.09254760900512E-05
301	155.033343608578	1.30569458007813		1.43646240234375E-06	2.22564697265625E-06	7.89184570312501E-07	1.87623879810417E-06	909284.0625	1.09971233541728E-05
302	155.083343608452	1.31072998046875		1.444091796875E-06	2.24029541015625E-06	7.9620361328125E-07	1.89281433904398E-06	907650.125	1.10691371446592E-05
303	155.133343608326	1.31576538085938		1.45172119140625E-06	2.25494384765625E-06	8.03222656250001E-07	1.91034587260219E-06	906453.6875	1.11415329229203E-05
304	155.1833436082	1.32080078125		1.45904541015625E-06	2.2711181640625E-06	8.1207275390625E-07	1.92710831470322E-06	905249.9375	1.12143015940092E-05
305	155.233343608073	1.32583618164063		1.46728515625E-06	2.28607177734375E-06	8.18786621093749E-07	1.94515564544417E-06	903494.25	1.12874604383251E-05
306	155.283343607947	1.33087158203125		1.47552490234375E-06	2.3028564453125E-06	8.2733154296875E-07	1.96328392121359E-06	901758.0625	1.13610303742462E-05
307	155.333343607821	1.33590698242188		1.48345947265625E-06	2.3199462890625E-06	8.3648681640625E-07	1.98199018086598E-06	900637.75	1.14350050353096E-05
308	155.383343607695	1.3409423828125		1.49169921875E-06	2.3370361328125E-06	8.453369140625E-07	1.99982741833082E-06	898731.5625	1.15093835120206E-05
309	155.433343607569	1.34597778320313		1.50054931640625E-06	2.354736328125E-06	8.5418701171875E-07	2.01901912078029E-06	896685	1.15841903607361E-05
310	155.483343607442	1.35101318359375		1.50909423828125E-06	2.37213134765625E-06	8.63037109375001E-07	2.03880608751206E-06	895247.75	1.16594310384244E-05
311	155.533343607316	1.35604858398438		1.51824951171875E-06	2.39044189453125E-06	8.72192382812501E-07	2.05858850677032E-06	893065.3125	1.17351146400324E-05
312	155.58334360719	1.361083984375		1.52679443359375E-06	2.40936279296875E-06	8.82568359375E-07	2.07762946047296E-06	891265.25	1.18112411655602E-05
313	155.633343607064	1.36611938476563		1.53594970703125E-06	2.42950439453125E-06	8.93554687499999E-07	2.09805625672743E-06	889330.4375	1.18878097055131E-05
314	155.683343606937	1.37115478515625		1.54510498046875E-06	2.44903564453125E-06	9.03930664062499E-07	2.11857809517824E-06	887418.5625	1.19648357213009E-05
315	155.733343606811	1.37619018554688		1.55426025390625E-06	2.46978759765625E-06	9.1552734375E-07	2.13824614547775E-06	885136.5	1.20423201224185E-05
316	155.783343606685	1.3812255859375		1.56402587890625E-06	2.49114990234375E-06	9.27124023437501E-07	2.15931800084945E-06	882731.6875	1.21202774607809E-05
317	155.833343606559	1.38626098632813		1.5728759765625E-06	2.51434326171875E-06	9.41467285156249E-07	2.17969659388473E-06	881063.25	1.2198699550936E-05
318	155.883343606432	1.39129638671875		1.5826416015625E-06	2.5384521484375E-06	9.55810546875001E-07	2.20192350752768E-06	879097.625	1.22775873023784E-05
319	155.933343606306	1.39633178710938		1.59271240234375E-06	2.564697265625E-06	9.71984863281248E-07	2.2237118173507E-06	876604.75	1.23569716379279E-05
320	155.98334360618	1.4013671875		1.60308837890625E-06	2.59368896484375E-06	9.90600585937498E-07	2.24749373956001E-06	874547.9375	1.24368662000052E-05
321	156.033343606054	1.40640258789063		1.614990234375E-06	2.6251220703125E-06	1.0101318359375E-06	2.27157283916313E-06	870937.3125	1.25173182823346E-05
322	156.083343605927	1.41143798828125		1.627197265625E-06	2.6593017578125E-06	1.0321044921875E-06	2.29668785323156E-06	867404.375	1.25983733596513E-05
323	156.133343605801	1.41647338867188		1.640625E-06	2.6971435546875E-06	1.0565185546875E-06	2.324151864741E-06	863467.25	1.26800687212381E-05
324	156.183343605675	1.4215087890625		1.6546630859375E-06	2.73895263671875E-06	1.08428955078125E-06	2.35161314776633E-06	858908.1875	1.27624507513246E-05
325	156.233343605549	1.42654418945313		1.66961669921875E-06	2.78472900390625E-06	1.1151123046875E-06	2.38203665503534E-06	854505.625	1.28455576486886E-05
326	156.283343605422	1.43157958984375		1.68670654296875E-06	2.83447265625E-06	1.14776611328125E-06	2.41413977164484E-06	848561.625	1.29294658108847E-05
327	156.333343605296	1.43661499023438		1.7047119140625E-06	2.88970947265625E-06	1.18499755859375E-06	2.44875445787329E-06	842642.375	1.30142516354681E-05
328	156.38334360517	1.441650390625		1.7242431640625E-06	2.950439453125E-06	1.2261962890625E-06	2.48628202825785E-06	836283.1875	1.3099975149089E-05
329	156.433343605044	1.44668579101563		1.74591064453125E-06	3.01666259765625E-06	1.270751953125E-06	2.52551762969233E-06	828526.5	1.3186729120207E-05
330	156.483343604918	1.45172119140625		1.77001953125E-06	3.08929443359375E-06	1.31927490234375E-06	2.57011492976744E-06	820344.875	1.32746272356599E-05
331	156.533343604791	1.45675659179688		1.79656982421875E-06	3.1683349609375E-06	1.37176513671875E-06	2.61798732026364E-06	811109.25	1.33637922772323E-05
332	156.583343604665	1.4617919921875		1.82586669921875E-06	3.25408935546875E-06	1.42822265625E-06	2.66847996499564E-06	800434.5625	1.34543533931719E-05
333	156.633343604539	1.46682739257813		1.8585205078125E-06	3.3453369140625E-06	1.48681640625E-06	2.72697957370838E-06	789491	1.3546462469094E-05
334	156.683343604413	1.47186279296875		1.893310546875E-06	3.44268798828125E-06	1.54937744140625E-06	2.7866931304743E-06	777401.6875	1.36402586576878E-05
335	156.733343604286	1.47689819335938		1.93206787109375E-06	3.54522705078125E-06	1.6131591796875E-06	2.8531726457004E-06	764334.25	1.37358929350739E-05
336	156.78334360416	1.48193359375		1.9720458984375E-06	3.6517333984375E-06	1.6796875E-06	2.9230427571747E-06	751624.9375	1.38334953589947E-05
337	156.833343604034	1.48696899414063		2.0166015625E-06	3.76068115234375E-06	1.74407958984375E-06	2.99831617667223E-06	737288.1875	1.39332123580971E-05
338	156.883343603908	1.49200439453125		2.06146240234375E-06	3.87237548828125E-06	1.8109130859375E-06	3.07508162222803E-06	723612.1875	1.40351639856817E-05
339	156.933343603781	1.49703979492188		2.10845947265625E-06	3.98590087890625E-06	1.87744140625E-06	3.15612601298199E-06	709943.5625	1.41394111778936E-05
340	156.983343603655	1.5020751953125		2.1575927734375E-06	4.09881591796875E-06	1.94122314453125E-06	3.24152483699436E-06	696322.5	1.4246063074097E-05
