Potential - Start 1.505 V, Stop -0.205 V, Step -0.005 V; Modulation - Amplitude -0.05 V, Time 0.025 s, Interval time 0.05 s
Index	Base.Time (s)	Potential applied (V)	WE(1).Base.Potential (V)	WE(1).Base.Current (A)	WE(1).Pulse.Current (A)	WE(1).δ.Current (A)	WE(1).Base.Power (W)	WE(1).Base.Resistance (Ω)	WE(1).Base.Charge (C)
1	150.087363621066	1.50497436523438	1.50482177734375	4.6441650390625E-06	4.22698974609375E-06	-4.1717529296875E-07	6.98864096193574E-06	324024.1875	0
2	150.13736362094	1.49993896484375	1.49993896484375	4.7314453125E-06	4.24102783203125E-06	-4.9041748046875E-07	7.09687901689904E-06	317014.96875	2.34390256537154E-07
3	150.187363620813	1.49490356445313	1.49444580078125	4.7265625E-06	4.23370361328125E-06	-4.9285888671875E-07	7.06359151081415E-06	316180.25	4.70840461730404E-07
4	150.237363620687	1.4898681640625	1.4892578125	4.71435546875E-06	4.22210693359375E-06	-4.92248535156251E-07	7.02089027981856E-06	315898.5	7.06863374944078E-07
5	150.287363620561	1.48483276367188	1.4849853515625	4.69970703125E-06	4.20989990234375E-06	-4.89807128906249E-07	6.97899622537079E-06	315974.03125	9.42214967381005E-07
6	150.337363620435	1.47979736328125	1.47979736328125	4.68475341796875E-06	4.19677734375E-06	-4.87976074218752E-07	6.93248512106948E-06	315875.21875	1.17682645850437E-06
7	150.387363620308	1.47476196289063	1.47491455078125	4.67041015625E-06	4.18426513671875E-06	-4.86145019531248E-07	6.88845557306195E-06	315799.8125	1.4107055221757E-06
8	150.437363620182	1.4697265625	1.46942138671875	4.6563720703125E-06	4.171142578125E-06	-4.852294921875E-07	6.84217229718342E-06	315572.1875	1.64387506629282E-06
9	150.487363620056	1.46469116210938	1.46484375	4.64202880859375E-06	4.15771484375E-06	-4.84313964843752E-07	6.79984668749967E-06	315561.125	1.87633509085572E-06
10	150.53736361993	1.45965576171875	1.45965576171875	4.62799072265625E-06	4.14520263671875E-06	-4.82788085937499E-07	6.75527326166048E-06	315397.3125	2.10808548217756E-06
11	150.587363619803	1.45462036132813	1.45416259765625	4.6148681640625E-06	4.1326904296875E-06	-4.82177734375E-07	6.71076850267127E-06	315103.84375	2.33915693570452E-06
12	150.637363619677	1.4495849609375	1.44927978515625	4.60205078125E-06	4.12078857421875E-06	-4.8126220703125E-07	6.66965888740378E-06	314920.4375	2.56957991950912E-06
13	150.687363619551	1.44454956054688	1.44500732421875	4.58953857421875E-06	4.10858154296875E-06	-4.80957031249998E-07	6.63191667626961E-06	314848.0625	2.79936966762762E-06
14	150.737363619425	1.43951416015625	1.43951416015625	4.57733154296875E-06	4.0966796875E-06	-4.8065185546875E-07	6.58913313600351E-06	314487.65625	3.02854141409625E-06
15	150.787363619299	1.43447875976563	1.43463134765625	4.56512451171875E-06	4.08538818359375E-06	-4.79736328125E-07	6.54927089271951E-06	314258.96875	3.25710288962E-06
16	150.837363619172	1.429443359375	1.42913818359375	4.55291748046875E-06	4.073486328125E-06	-4.79431152343748E-07	6.50674792268546E-06	313895.03125	3.48505386682518E-06
17	150.887363619046	1.42440795898438	1.4239501953125	4.5416259765625E-06	4.0618896484375E-06	-4.79736328125E-07	6.46704893370043E-06	313533.125	3.7124175378267E-06
18	150.93736361892	1.41937255859375	1.4190673828125	4.53033447265625E-06	4.051513671875E-06	-4.78820800781249E-07	6.42885015622596E-06	313236.78125	3.93921663999208E-06
19	150.987363618794	1.41433715820313	1.41448974609375	4.5196533203125E-06	4.03961181640625E-06	-4.80041503906251E-07	6.39300333205028E-06	312964.21875	4.16546617998392E-06
20	151.037363618667	1.4093017578125	1.4093017578125	4.5086669921875E-06	4.029541015625E-06	-4.79125976562501E-07	6.35407195659354E-06	312576.15625	4.39117411588086E-06
21	151.087363618541	1.40426635742188	1.40411376953125	4.49859619140625E-06	4.01885986328125E-06	-4.79736328125002E-07	6.31654029348283E-06	312122.65625	4.61635590909282E-06
22	151.137363618415	1.39923095703125	1.39892578125	4.48822021484375E-06	4.00848388671875E-06	-4.79736328125E-07	6.27868666924769E-06	311688.34375	4.84102611153503E-06
23	151.187363618289	1.39419555664063	1.3946533203125	4.478759765625E-06	3.997802734375E-06	-4.80957031250002E-07	6.24631729806424E-06	311392.75	5.06520063936478E-06
24	151.237363618162	1.38916015625	1.38885498046875	4.46807861328125E-06	3.98773193359375E-06	-4.80346679687502E-07	6.20551327301655E-06	310839.40625	5.28887176187709E-06
25	151.287363618036	1.38412475585938	1.38427734375	4.45892333984375E-06	3.9776611328125E-06	-4.81262207031252E-07	6.17238629274652E-06	310451.03125	5.51204675502959E-06
26	151.33736361791	1.37908935546875	1.3787841796875	4.4488525390625E-06	3.96759033203125E-06	-4.81262207031249E-07	6.13400743532111E-06	309919.0625	5.7347410802322E-06
27	151.387363617784	1.37405395507813	1.37451171875	4.44000244140625E-06	3.95721435546875E-06	-4.827880859375E-07	6.10283495916519E-06	309574.5625	5.95696246818989E-06
28	151.437363617657	1.3690185546875	1.3690185546875	4.43023681640625E-06	3.94775390625E-06	-4.82482910156249E-07	6.06507637712639E-06	309017	6.17871819486027E-06
29	151.487363617531	1.36398315429688	1.36383056640625	4.42138671875E-06	3.93829345703125E-06	-4.83093261718751E-07	6.03002217758331E-06	308462.1875	6.40000916973804E-06
30	151.537363617405	1.35894775390625	1.358642578125	4.41253662109375E-06	3.92913818359375E-06	-4.83398437499999E-07	5.9950598370051E-06	307905.125	6.62085722069605E-06
31	151.587363617279	1.35391235351563	1.353759765625	4.4036865234375E-06	3.9190673828125E-06	-4.84619140625001E-07	5.961533588561E-06	307415.125	6.84126280248165E-06
32	151.637363617152	1.348876953125	1.34857177734375	4.3951416015625E-06	3.9105224609375E-06	-4.84619140625E-07	5.927163783781E-06	306832.40625	7.06123319105245E-06
33	151.687363617026	1.34384155273438	1.34429931640625	4.3865966796875E-06	3.90106201171875E-06	-4.85534667968749E-07	5.89689898333745E-06	306456.09375	7.28077657186077E-06
34	151.7373636169	1.33880615234375	1.33880615234375	4.37835693359375E-06	3.8916015625E-06	-4.8675537109375E-07	5.86177065997617E-06	305778.21875	7.49990067561157E-06
35	151.787363616774	1.33377075195313	1.3336181640625	4.37042236328125E-06	3.88275146484375E-06	-4.876708984375E-07	5.82847451369162E-06	305146.3125	7.71862050896743E-06
36	151.837363616648	1.3287353515625	1.32904052734375	4.36248779296875E-06	3.87359619140625E-06	-4.88891601562499E-07	5.79792322241701E-06	304651.96875	7.93694289313862E-06
37	151.887363616521	1.32369995117188	1.3238525390625	4.354248046875E-06	3.86474609375E-06	-4.89501953125002E-07	5.76438196731033E-06	304037.03125	8.15486146166222E-06
38	151.937363616395	1.31866455078125	1.31866455078125	4.346923828125E-06	3.85589599609375E-06	-4.91027832031249E-07	5.73213401366957E-06	303355.8125	8.37239076645346E-06
39	151.987363616269	1.31362915039063	1.31378173828125	4.339599609375E-06	3.84765625E-06	-4.91943359374999E-07	5.70128622712218E-06	302742.625	8.58955354487989E-06
40	152.037363616143	1.30859375	1.30828857421875	4.33258056640625E-06	3.83880615234375E-06	-4.93774414062501E-07	5.66826520298491E-06	301965.21875	8.80635798239382E-06
41	152.087363616016	1.30355834960938	1.3037109375	4.32586669921875E-06	3.82965087890625E-06	-4.96215820312502E-07	5.63967932976084E-06	301375.6875	9.02281954040518E-06
42	152.13736361589	1.29852294921875	1.298828125	4.3182373046875E-06	3.82080078125E-06	-4.974365234375E-07	5.6086478252837E-06	300777.40625	9.23892184800934E-06
43	152.187363615764	1.29348754882813	1.2939453125	4.3121337890625E-06	3.812255859375E-06	-4.99877929687501E-07	5.5796649576223E-06	300070.78125	9.45468127611093E-06
44	152.237363615638	1.2884521484375	1.2884521484375	4.3060302734375E-06	3.8031005859375E-06	-5.029296875E-07	5.54811367692309E-06	299220.4375	9.67013511399273E-06
45	152.287363615511	1.28341674804688	1.28326416015625	4.29962158203125E-06	3.79425048828125E-06	-5.05371093749998E-07	5.51755056221737E-06	298459.78125	9.88527608569711E-06
46	152.337363615385	1.27838134765625	1.27838134765625	4.29351806640625E-06	3.78509521484375E-06	-5.08422851562499E-07	5.48875323147513E-06	297746.8125	1.01001051007188E-05
47	152.387363615259	1.27334594726563	1.27349853515625	4.288330078125E-06	3.77532958984375E-06	-5.13000488281248E-07	5.46118189959088E-06	296968.40625	1.03146512628882E-05
48	152.437363615133	1.268310546875	1.26800537109375	4.28253173828125E-06	3.76556396484375E-06	-5.16967773437502E-07	5.43027317689848E-06	296087.78125	1.05289227576577E-05
49	152.487363615006	1.26327514648438	1.26312255859375	4.27734375E-06	3.7554931640625E-06	-5.218505859375E-07	5.40280916538904E-06	295305.375	1.07429195850273E-05
50	152.53736361488	1.25823974609375	1.25823974609375	4.2718505859375E-06	3.7445068359375E-06	-5.27343750000001E-07	5.37501227881876E-06	294542.0625	1.09566490209545E-05
51	152.587363614754	1.25320434570313	1.25274658203125	4.26727294921875E-06	3.7335205078125E-06	-5.33752441406252E-07	5.34581113242893E-06	293570.78125	1.1170127436344E-05
52	152.637363614628	1.2481689453125	1.24847412109375	4.2633056640625E-06	3.72222900390625E-06	-5.41076660156251E-07	5.32262674823869E-06	292841.8125	1.13833921204787E-05
53	152.687363614501	1.24313354492188	1.24267578125	4.2596435546875E-06	3.709716796875E-06	-5.499267578125E-07	5.29335557075683E-06	291732.34375	1.15964658107259E-05
54	152.737363614375	1.23809814453125	1.23809814453125	4.2559814453125E-06	3.6962890625E-06	-5.59692382812502E-07	5.26932262800983E-06	290907.78125	1.18093566925381E-05
55	152.787363614249	1.23306274414063	1.2335205078125	4.25323486328125E-06	3.681640625E-06	-5.71594238281251E-07	5.2464520194917E-06	290019.375	1.20220865937881E-05
56	152.837363614123	1.22802734375	1.22894287109375	4.2510986328125E-06	3.665771484375E-06	-5.85327148437501E-07	5.22435766470153E-06	289088.28125	1.22346946227481E-05
57	152.887363613997	1.22299194335938	1.22283935546875	4.2486572265625E-06	3.64837646484375E-06	-6.00280761718749E-07	5.19542527399608E-06	287817.84375	1.24471889648703E-05
58	152.93736361387	1.21795654296875	1.2176513671875	4.24774169921875E-06	3.62884521484375E-06	-6.18896484374998E-07	5.17226862939424E-06	286658.53125	1.26595987239853E-05
59	152.987363613744	1.21292114257813	1.21246337890625	4.24774169921875E-06	3.6065673828125E-06	-6.41174316406249E-07	5.15023157277028E-06	285437.15625	1.28719857457327E-05
60	153.037363613618	1.2078857421875	1.2078857421875	4.24774169921875E-06	3.5833740234375E-06	-6.6436767578125E-07	5.13078657604638E-06	284359.5	1.30843727674801E-05
61	153.087363613492	1.20285034179688	1.20269775390625	4.24957275390625E-06	3.55621337890625E-06	-6.93359375E-07	5.11095140609541E-06	283016.15625	1.32968061734573E-05
62	153.137363613365	1.19781494140625	1.19781494140625	4.2523193359375E-06	3.52508544921875E-06	-7.27233886718748E-07	5.09349138155812E-06	281685.09375	1.35093532662722E-05
63	153.187363613239	1.19277954101563	1.19232177734375	4.2559814453125E-06	3.48968505859375E-06	-7.66296386718751E-07	5.0744993131957E-06	280152.03125	1.37220604301547E-05
64	153.237363613113	1.187744140625	1.18804931640625	4.2620849609375E-06	3.44970703125E-06	-8.12377929687502E-07	5.06356718688039E-06	278748.375	1.39350122481119E-05
65	153.287363612987	1.18270874023438	1.18255615234375	4.26971435546875E-06	3.40362548828125E-06	-8.660888671875E-07	5.04917670696159E-06	276963.78125	1.41483078550664E-05
66	153.33736361286	1.17767333984375	1.17828369140625	4.27947998046875E-06	3.3502197265625E-06	-9.2926025390625E-07	5.04244144394761E-06	275333.375	1.43620372909936E-05
67	153.387363612734	1.17263793945313	1.17218017578125	4.29168701171875E-06	3.28887939453125E-06	-1.0028076171875E-06	5.03063029100304E-06	273128.09375	1.45763160617207E-05
68	153.437363612608	1.1676025390625	1.16729736328125	4.306640625E-06	3.218994140625E-06	-1.087646484375E-06	5.02713010064326E-06	271045.90625	1.479127422499E-05
69	153.487363612482	1.16256713867188	1.1627197265625	4.32525634765625E-06	3.13720703125E-06	-1.18804931640625E-06	5.02906050314778E-06	268821	1.50070718518691E-05
70	153.537363612355	1.15753173828125	1.15692138671875	4.34814453125E-06	3.04229736328125E-06	-1.30584716796875E-06	5.03046157973586E-06	266072.4375	1.52239072122029E-05
71	153.587363612229	1.15249633789063	1.15203857421875	4.37530517578125E-06	2.93304443359375E-06	-1.4422607421875E-06	5.04052059113747E-06	263304.71875	1.54419940372463E-05
72	153.637363612103	1.1474609375	1.14776611328125	4.4073486328125E-06	2.806396484375E-06	-1.6009521484375E-06	5.05860543853487E-06	260421	1.56615587911801E-05
73	153.687363611977	1.14242553710938	1.14227294921875	4.44610595703125E-06	2.6605224609375E-06	-1.78558349609375E-06	5.07866616317187E-06	256915.375	1.5882895240793E-05
74	153.73736361185	1.13739013671875	1.13800048828125	4.4903564453125E-06	2.49298095703125E-06	-1.99737548828125E-06	5.11002781422576E-06	253432.109375	1.61063071573153E-05
75	153.787363611724	1.13235473632813	1.13250732421875	4.54254150390625E-06	2.30194091796875E-06	-2.2406005859375E-06	5.14446128363488E-06	249311.390625	1.63321292347973E-05
76	153.837363611598	1.1273193359375	1.1273193359375	4.60296630859375E-06	2.08343505859375E-06	-2.51953125E-06	5.18901288160123E-06	244911.484375	1.6560767107876E-05
77	153.887363611472	1.12228393554688	1.12213134765625	4.6722412109375E-06	1.83624267578125E-06	-2.83599853515625E-06	5.24286815561936E-06	240169.828125	1.67926482390612E-05
78	153.937363611346	1.11724853515625	1.1175537109375	4.7515869140625E-06	1.56036376953125E-06	-3.19122314453125E-06	5.31015348315123E-06	235195.890625	1.70282437466085E-05
79	153.987363611219	1.11221313476563	1.112060546875	4.840087890625E-06	1.2548828125E-06	-3.585205078125E-06	5.382471044868E-06	229760.40625	1.72680356627097E-05
80	154.037363611093	1.107177734375	1.10687255859375	4.9407958984375E-06	9.17663574218749E-07	-4.02313232421875E-06	5.46883120478014E-06	224027.171875	1.75125569512602E-05
81	154.087363610967	1.10214233398438	1.10198974609375	5.047607421875E-06	5.4962158203125E-07	-4.49798583984375E-06	5.56241138838232E-06	218319.234375	1.7762267816579E-05
82	154.137363610841	1.09710693359375	1.09710693359375	5.1605224609375E-06	1.5533447265625E-07	-5.00518798828125E-06	5.66164499105071E-06	212596.09375	1.8017470210907E-05
83	154.187363610714	1.09207153320313	1.0919189453125	5.279541015625E-06	-2.63671875E-07	-5.543212890625E-06	5.76483080294565E-06	206820.8125	1.8278473362443E-05
84	154.237363610588	1.0870361328125	1.0870361328125	5.3985595703125E-06	-7.0648193359375E-07	-6.10504150390625E-06	5.86842907068785E-06	201356.703125	1.85454246093286E-05
85	154.287363610462	1.08200073242188	1.08245849609375	5.5145263671875E-06	-1.16668701171875E-06	-6.68121337890625E-06	5.96924564888468E-06	196292.203125	1.88182530109771E-05
86	154.337363610336	1.07696533203125	1.07666015625	5.621337890625E-06	-1.64031982421875E-06	-7.26165771484375E-06	6.05227023697807E-06	191530.953125	1.90966493391898E-05
87	154.387363610209	1.07192993164063	1.07208251953125	5.7098388671875E-06	-2.12310791015625E-06	-7.83294677734375E-06	6.12141820965917E-06	187760.5625	1.93799278349616E-05
88	154.437363610083	1.06689453125	1.06658935546875	5.7769775390625E-06	-2.608642578125E-06	-8.3856201171875E-06	6.16166289546527E-06	184627.578125	1.9667098968057E-05
89	154.487363609957	1.06185913085938	1.0614013671875	5.8197021484375E-06	-3.0938720703125E-06	-8.91357421875E-06	6.17703972238814E-06	182380.703125	1.99570149561623E-05
90	154.537363609831	1.05682373046875	1.0565185546875	5.828857421875E-06	-3.5693359375E-06	-9.398193359375E-06	6.15829594607931E-06	181256.546875	2.02482297027018E-05
91	154.587363609704	1.05178833007813	1.0516357421875	5.8013916015625E-06	-4.0313720703125E-06	-9.832763671875E-06	6.10095094089047E-06	181273.015625	2.05389860639116E-05
92	154.637363609578	1.0467529296875	1.0467529296875	5.7403564453125E-06	-4.473876953125E-06	-1.02142333984375E-05	6.00873499934096E-06	182349.8125	2.08275287150173E-05
93	154.687363609452	1.04171752929688	1.04095458984375	5.645751953125E-06	-4.89501953125E-06	-1.0540771484375E-05	5.87697149967426E-06	184378.375	2.11121823667781E-05
94	154.737363609326	1.03668212890625	1.03668212890625	5.511474609375E-06	-5.2825927734375E-06	-1.07940673828125E-05	5.71364716961398E-06	188095.234375	2.13911134778755E-05
95	154.787363609199	1.03164672851563	1.031494140625	5.3466796875E-06	-5.6365966796875E-06	-1.09832763671875E-05	5.51506900592358E-06	192922.375	2.16625667235348E-05
96	154.837363609073	1.026611328125	1.026611328125	5.1544189453125E-06	-5.9478759765625E-06	-1.1102294921875E-05	5.29158478457248E-06	199171.109375	2.1925094188191E-05
97	154.887363608947	1.02157592773438	1.02142333984375	4.9346923828125E-06	-6.2103271484375E-06	-1.114501953125E-05	5.04040963278385E-06	206988.25	2.21773225348443E-05
98	154.937363608821	1.01654052734375	1.0162353515625	4.6966552734375E-06	-6.4178466796875E-06	-1.1114501953125E-05	4.77290723210899E-06	216374.265625	2.24181058001705E-05
99	154.987363608695	1.01150512695313	1.011962890625	4.4403076171875E-06	-6.5765380859375E-06	-1.1016845703125E-05	4.49342633146443E-06	227903.796875	2.26465290324995E-05
100	155.037363608568	1.0064697265625	1.0064697265625	4.17144775390625E-06	-6.65283203125E-06	-1.08242797851562E-05	4.19843581767054E-06	241275.890625	2.28618227993138E-05
101	155.087363608442	1.00143432617188	1.00128173828125	3.90106201171875E-06	-6.67724609375E-06	-1.05783081054688E-05	3.90606192013365E-06	256669.015625	2.30636360356584E-05
102	155.137363608316	0.99639892578125	0.9967041015625	3.6212158203125E-06	-6.622314453125E-06	-1.02435302734375E-05	3.60928061127197E-06	275240.1875	2.32516940741334E-05
103	155.18736360819	0.991363525390625	0.99151611328125	3.3441162109375E-06	-6.5093994140625E-06	-9.853515625E-06	3.31574506162724E-06	296495.71875	2.34258259297349E-05
104	155.237363608063	0.986328125	0.98663330078125	3.06793212890625E-06	-6.33544921875E-06	-9.40338134765625E-06	3.02692387776915E-06	321595.5625	2.35861280089011E-05
105	155.287363607937	0.981292724609375	0.98175048828125	2.7984619140625E-06	-6.1065673828125E-06	-8.905029296875E-06	2.74739113592659E-06	350817.90625	2.37327876675408E-05
106	155.337363607811	0.97625732421875	0.97625732421875	2.53509521484375E-06	-5.8319091796875E-06	-8.36700439453125E-06	2.47490515903337E-06	385096.9375	2.38661268667784E-05
107	155.387363607685	0.971221923828125	0.9710693359375	2.283935546875E-06	-5.5328369140625E-06	-7.8167724609375E-06	2.21785990106582E-06	425173.6875	2.3986602172954E-05
108	155.437363607558	0.9661865234375	0.96649169921875	2.04681396484375E-06	-5.218505859375E-06	-7.26531982421875E-06	1.97822873815312E-06	472193.21875	2.40948702412425E-05
109	155.487363607432	0.961151123046875	0.9613037109375	1.82525634765625E-06	-4.9072265625E-06	-6.73248291015625E-06	1.75462560036976E-06	526667.8125	2.41916732193204E-05
110	155.537363607306	0.95611572265625	0.95611572265625	1.62353515625E-06	-4.6112060546875E-06	-6.2347412109375E-06	1.5522874718954E-06	588909.8125	2.42778933170484E-05
111	155.58736360718	0.951080322265625	0.9515380859375	1.44439697265625E-06	-4.3426513671875E-06	-5.78704833984375E-06	1.3743987210546E-06	658778.8125	2.43545910052489E-05
112	155.637363607053	0.946044921875	0.94635009765625	1.29119873046875E-06	-4.10797119140625E-06	-5.399169921875E-06	1.22192602702853E-06	732923.6875	2.44229813688435E-05
113	155.687363606927	0.941009521484375	0.94085693359375	1.16455078125E-06	-3.91571044921875E-06	-5.08026123046875E-06	1.0956756568703E-06	807914.0625	2.44843740802025E-05
114	155.737363606801	0.93597412109375	0.936279296875	1.06414794921875E-06	-3.7689208984375E-06	-4.83306884765625E-06	9.9633962236112E-07	879839.4375	2.45400915446226E-05
115	155.787363606675	0.930938720703125	0.9307861328125	9.9639892578125E-07	-3.67218017578125E-06	-4.6685791015625E-06	9.27434257391724E-07	934150.125	2.4591605324531E-05
116	155.837363606548	0.9259033203125	0.9259033203125	9.5855712890625E-07	-3.62396240234375E-06	-4.58251953125E-06	8.87531143689557E-07	965934.5	2.46404797508148E-05
117	155.887363606422	0.920867919921875	0.92071533203125	9.4635009765625E-07	-3.6236572265625E-06	-4.57000732421875E-06	8.71319059569942E-07	972911.9375	2.46881027123891E-05
118	155.937363606296	0.91583251953125	0.91552734375	9.5947265625E-07	-3.6663818359375E-06	-4.6258544921875E-06	8.78423463746003E-07	954198.4375	2.47357475018362E-05
119	155.98736360617	0.910797119140625	0.91094970703125	9.94873046875E-07	-3.75E-06	-4.744873046875E-06	9.06279296941648E-07	915644.1875	2.47846055572154E-05
120	156.037363606044	0.90576171875	0.90606689453125	1.04766845703125E-06	-3.86932373046875E-06	-4.9169921875E-06	9.49257696447603E-07	864841.25	2.48356700467411E-05
121	156.087363605917	0.900726318359375	0.90057373046875	1.114501953125E-06	-4.014892578125E-06	-5.12939453125E-06	1.00369118172239E-06	808050.375	2.48897249548463E-05
122	156.137363605791	0.89569091796875	0.89630126953125	1.18927001953125E-06	-4.18121337890625E-06	-5.3704833984375E-06	1.0659441613825E-06	753656.6875	2.49473177973414E-05
123	156.187363605665	0.890655517578125	0.8905029296875	1.26678466796875E-06	-4.3609619140625E-06	-5.62774658203125E-06	1.12807538243942E-06	702963.1875	2.50087196036475E-05
124	156.237363605539	0.8856201171875	0.88592529296875	1.34185791015625E-06	-4.547119140625E-06	-5.88897705078125E-06	1.18878585908533E-06	660222.875	2.50739358307328E-05
125	156.287363605412	0.880584716796875	0.88043212890625	1.40594482421875E-06	-4.7271728515625E-06	-6.13311767578125E-06	1.2378390010781E-06	626221	2.51426317845471E-05
126	156.337363605286	0.87554931640625	0.87554931640625	1.45538330078125E-06	-4.8980712890625E-06	-6.35345458984375E-06	1.27425983009744E-06	601593.625	2.52141635428416E-05
127	156.38736360516	0.870513916015625	0.87066650390625	1.48529052734375E-06	-5.0506591796875E-06	-6.53594970703125E-06	1.2931926676174E-06	586192.75	2.52876816375647E-05
128	156.437363605034	0.865478515625	0.86578369140625	1.49322509765625E-06	-5.1788330078125E-06	-6.67205810546875E-06	1.29280999772163E-06	579807.875	2.53621437877882E-05
129	156.487363604907	0.860443115234375	0.860595703125	1.4764404296875E-06	-5.2734375E-06	-6.7498779296875E-06	1.27061821331154E-06	582885.5	2.5436385840294E-05
130	156.537363604781	0.85540771484375	0.85540771484375	1.43280029296875E-06	-5.33447265625E-06	-6.76727294921875E-06	1.22562835258577E-06	597018.125	2.55091163126053E-05
131	156.587363604655	0.850372314453125	0.85113525390625	1.36688232421875E-06	-5.35888671875E-06	-6.72576904296875E-06	1.16340174827201E-06	622683.625	2.55791092058644E-05
132	156.637363604529	0.8453369140625	0.8453369140625	1.27960205078125E-06	-5.340576171875E-06	-6.62017822265625E-06	1.08169479062781E-06	660624.875	2.56452713074395E-05
133	156.687363604402	0.840301513671875	0.84075927734375	1.17095947265625E-06	-5.28564453125E-06	-6.45660400390625E-06	9.84495045486256E-07	718008.875	2.5706534870551E-05
134	156.737363604276	0.83526611328125	0.8355712890625	1.04766845703125E-06	-5.1971435546875E-06	-6.24481201171875E-06	8.75401667599363E-07	797553.1875	2.57620013144333E-05
135	156.78736360415	0.830230712890625	0.83099365234375	9.124755859375E-07	-5.078125E-06	-5.9906005859375E-06	7.58261421651696E-07	910702.375	2.58110048889648E-05
136	156.837363604024	0.8251953125	0.8251953125	7.6934814453125E-07	-4.9346923828125E-06	-5.70404052734375E-06	6.3486243107036E-07	1072590.25	2.58530490100384E-05
137	156.887363603897	0.820159912109375	0.82061767578125	6.21337890625E-07	-4.77294921875E-06	-5.394287109375E-06	5.09880806021101E-07	1320727	2.58878171734978E-05
138	156.937363603771	0.81512451171875	0.81512451171875	4.7607421875E-07	-4.60205078125E-06	-5.078125E-06	3.88059760325632E-07	1712179.5	2.59152529906714E-05
139	156.987363603645	0.810089111328125	0.8099365234375	3.36303710937499E-07	-4.43115234375E-06	-4.7674560546875E-06	2.72384653499103E-07	2408348.5	2.5935562007362E-05
140	157.037363603519	0.8050537109375	0.80535888671875	2.05078124999999E-07	-4.26910400390625E-06	-4.47418212890625E-06	1.65161495147004E-07	3927083.25	2.59490952885244E-05
141	157.087363603393	0.800018310546875	0.80047607421875	8.544921875E-08	-4.12109375E-06	-4.20654296875E-06	6.84000553974329E-08	9367857	2.59563585132128E-05
142	157.137363603266	0.79498291015625	0.7952880859375	-2.13623046875E-08	-3.98956298828125E-06	-3.96820068359375E-06	-1.69891851697912E-08	-37228572	2.59579610428773E-05
143	157.18736360314	0.789947509765625	0.79010009765625	-1.068115234375E-07	-3.8787841796875E-06	-3.77197265625E-06	-8.43917931092619E-08	-7397143	2.59547578025376E-05
144	157.237363603014	0.784912109375	0.78521728515625	-1.739501953125E-07	-3.79486083984375E-06	-3.62091064453125E-06	-1.36588695909268E-07	-4514035.5	2.59477383224294E-05
145	157.287363602888	0.779876708984375	0.780029296875	-2.2125244140625E-07	-3.7396240234375E-06	-3.51837158203125E-06	-1.72583384028258E-07	-3525517.25	2.59378575719893E-05
146	157.337363602761	0.77484130859375	0.775146484375	-2.484130859375E-07	-3.71612548828125E-06	-3.46771240234375E-06	-1.92556527167653E-07	-3120393.25	2.59261159953894E-05
147	157.387363602635	0.769805908203125	0.76995849609375	-2.5634765625E-07	-3.7255859375E-06	-3.46923828125E-06	-1.97377048039016E-07	-3003571.5	2.5913497665897E-05
148	157.437363602509	0.7647705078125	0.7647705078125	-2.46276855468749E-07	-3.7677001953125E-06	-3.52142333984375E-06	-1.88345268270496E-07	-3105328.5	2.59009320870973E-05
149	157.487363602383	0.759735107421875	0.7598876953125	-2.20336914062499E-07	-3.8427734375E-06	-3.6224365234375E-06	-1.67431309705535E-07	-3448753.5	2.58892669080524E-05
150	157.537363602256	0.75469970703125	0.75469970703125	-1.788330078125E-07	-3.9501953125E-06	-3.7713623046875E-06	-1.34965219444894E-07	-4220136.5	2.58792879321845E-05
151	157.58736360213	0.749664306640625	0.74957275390625	-1.2237548828125E-07	-4.08721923828125E-06	-3.96484375E-06	-9.17293263569263E-08	-6125187.5	2.58717573160538E-05
152	157.637363602004	0.74462890625	0.74444580078125	-5.950927734375E-08	-4.25079345703125E-06	-4.1912841796875E-06	-4.43014300799405E-08	-12509744	2.5867209842545E-05
153	157.687363601878	0.739593505859375	0.739501953125	1.28173828124994E-08	-4.437255859375E-06	-4.4500732421875E-06	9.47847933474577E-09	57695240	2.58660420513479E-05
154	157.737363601751	0.73455810546875	0.73443603515625	9.307861328125E-08	-4.6417236328125E-06	-4.73480224609375E-06	6.83602863205124E-08	7890492	2.58686904999195E-05
155	157.787363601625	0.729522705078125	0.72930908203125	1.7578125E-07	-4.8614501953125E-06	-5.0372314453125E-06	1.28198848869943E-07	4148958.5	2.58754116657656E-05
156	157.837363601499	0.7244873046875	0.724365234375	2.55737304687501E-07	-5.084228515625E-06	-5.3399658203125E-06	1.85247202466599E-07	2832458.5	2.5886200091918E-05
157	157.887363601373	0.719451904296875	0.719268798828125	3.30200195312499E-07	-5.3070068359375E-06	-5.63720703125E-06	2.37502689515168E-07	2178281	2.59008484135848E-05
158	157.937363601246	0.71441650390625	0.7142333984375	3.93066406250001E-07	-5.523681640625E-06	-5.916748046875E-06	2.80741147662411E-07	1817080.875	2.5918929168256E-05
159	157.98736360112	0.709381103515625	0.709259033203125	4.412841796875E-07	-5.7281494140625E-06	-6.16943359375E-06	3.1298478120334E-07	1607261.5	2.59397875197465E-05
160	158.037363600994	0.704345703125	0.7042236328125	4.7027587890625E-07	-5.9051513671875E-06	-6.37542724609375E-06	3.31179364820855E-07	1497469.25	2.59625776379835E-05
161	158.087363600868	0.699310302734375	0.699127197265625	4.75463867187501E-07	-6.0577392578125E-06	-6.533203125E-06	3.32409712200388E-07	1470410.875	2.59862208622508E-05
162	158.137363600742	0.69427490234375	0.694091796875	4.57763671875E-07	-6.1737060546875E-06	-6.6314697265625E-06	3.17730012966422E-07	1516266.75	2.60095512203407E-05
163	158.187363600615	0.689239501953125	0.68914794921875	4.14428710937501E-07	-6.25E-06	-6.6644287109375E-06	2.85602709482191E-07	1662886.625	2.6031355446321E-05
164	158.237363600489	0.6842041015625	0.684051513671875	3.46984863281249E-07	-6.2835693359375E-06	-6.63055419921875E-06	2.37355507692882E-07	1971416.125	2.60503911704291E-05
165	158.287363600363	0.679168701171875	0.678985595703125	2.5665283203125E-07	-6.2713623046875E-06	-6.52801513671875E-06	1.742635760138E-07	2645541	2.60654833255103E-05
166	158.337363600237	0.67413330078125	0.6739501953125	1.45263671875E-07	-6.2164306640625E-06	-6.3616943359375E-06	9.79004752821311E-08	4639496	2.60755296039861E-05
167	158.38736360011	0.669097900390625	0.668975830078125	1.678466796875E-08	-6.1187744140625E-06	-6.13555908203125E-06	1.12285372111387E-08	39856364	2.60795823123772E-05
168	158.437363599984	0.6640625	0.66387939453125	-1.25732421874999E-07	-5.9783935546875E-06	-5.8526611328125E-06	-8.34711570973923E-08	-5280097.5	2.60768574662507E-05
169	158.487363599858	0.659027099609375	0.658935546875	-2.7923583984375E-07	-5.8074951171875E-06	-5.52825927734375E-06	-1.83998409397645E-07	-2359781.5	2.60667329712305E-05
170	158.537363599732	0.65399169921875	0.65386962890625	-4.35485839843749E-07	-5.6121826171875E-06	-5.17669677734375E-06	-2.84750939272271E-07	-1501471.75	2.60488650383195E-05
171	158.587363599605	0.648956298828125	0.648773193359375	-5.9417724609375E-07	-5.3955078125E-06	-4.80133056640625E-06	-3.85486231380128E-07	-1091885	2.60231245192699E-05
172	158.637363599479	0.6439208984375	0.64385986328125	-7.4981689453125E-07	-5.169677734375E-06	-4.41986083984375E-06	-4.82777011256985E-07	-858689.5	2.59895241470076E-05
173	158.687363599353	0.638885498046875	0.6387939453125	-8.9874267578125E-07	-4.9407958984375E-06	-4.04205322265625E-06	-5.74111368223384E-07	-710764	2.59483094851021E-05
174	158.737363599227	0.63385009765625	0.633697509765625	-1.0369873046875E-06	-4.7119140625E-06	-3.6749267578125E-06	-6.57136297377292E-07	-611094.75	2.58999170910101E-05
175	158.7873635991	0.628814697265625	0.628753662109375	-1.16302490234375E-06	-4.4921875E-06	-3.32916259765625E-06	-7.31256136532465E-07	-540619.25	2.58449163084151E-05
176	158.837363598974	0.623779296875	0.623626708984375	-1.27471923828125E-06	-4.27734375E-06	-3.00262451171875E-06	-7.94948959992325E-07	-489226.71875	2.57839728874387E-05
177	158.887363598848	0.618743896484375	0.61871337890625	-1.36993408203125E-06	-4.07745361328125E-06	-2.70751953125E-06	-8.47596481889923E-07	-451637.34375	2.57178562605986E-05
178	158.937363598722	0.61370849609375	0.613739013671875	-1.4495849609375E-06	-3.89129638671875E-06	-2.44171142578125E-06	-8.89666807779577E-07	-423389.46875	2.56473686022218E-05
179	158.987363598595	0.608673095703125	0.608642578125	-1.51397705078125E-06	-3.71917724609375E-06	-2.2052001953125E-06	-9.21470871162455E-07	-402015.71875	2.5573279344826E-05
180	159.037363598469	0.6036376953125	0.603607177734375	-1.5625E-06	-3.56170654296875E-06	-1.99920654296875E-06	-9.43136171827064E-07	-386308.59375	2.54963670158759E-05
181	159.087363598343	0.598602294921875	0.598602294921875	-1.59698486328125E-06	-3.41766357421875E-06	-1.8206787109375E-06	-9.55958739723428E-07	-374832.8125	2.54173810390057E-05
182	159.137363598217	0.59356689453125	0.593475341796875	-1.61956787109375E-06	-3.28643798828125E-06	-1.6668701171875E-06	-9.61173554969719E-07	-366440.5625	2.53369671554537E-05
183	159.187363598091	0.588531494140625	0.58856201171875	-1.630859375E-06	-3.1671142578125E-06	-1.5362548828125E-06	-9.59861836236087E-07	-360890.75	2.52557056228397E-05
184	159.237363597964	0.58349609375	0.58349609375	-1.63360595703125E-06	-3.05877685546875E-06	-1.4251708984375E-06	-9.53202686559962E-07	-357182.875	2.51740948442603E-05
185	159.287363597838	0.578460693359375	0.578460693359375	-1.62841796875E-06	-2.96112060546875E-06	-1.33270263671875E-06	-9.41975770274439E-07	-355228.625	2.50925440923311E-05
186	159.337363597712	0.57342529296875	0.573394775390625	-1.6162109375E-06	-2.8729248046875E-06	-1.2567138671875E-06	-9.26726841044001E-07	-354777.21875	2.50114280788694E-05
187	159.387363597586	0.568389892578125	0.568359375	-1.59942626953125E-06	-2.7923583984375E-06	-1.19293212890625E-06	-9.09048878838803E-07	-355352.03125	2.49310378421796E-05
188	159.437363597459	0.5633544921875	0.5633544921875	-1.57928466796875E-06	-2.72003173828125E-06	-1.1407470703125E-06	-8.89697048478411E-07	-356715	2.48515698331175E-05
189	159.487363597333	0.558319091796875	0.558349609375	-1.55548095703125E-06	-2.6531982421875E-06	-1.09771728515625E-06	-8.68502183948294E-07	-358956.25	2.47732004936552E-05
190	159.537363597207	0.55328369140625	0.553253173828125	-1.52923583984375E-06	-2.59307861328125E-06	-1.0638427734375E-06	-8.46054547309905E-07	-361784.09375	2.46960826189024E-05
191	159.587363597081	0.548248291015625	0.548248291015625	-1.50146484375E-06	-2.537841796875E-06	-1.036376953125E-06	-8.2317552596578E-07	-365142.28125	2.46203144342871E-05
192	159.637363596954	0.543212890625	0.543212890625	-1.473388671875E-06	-2.4871826171875E-06	-1.0137939453125E-06	-8.00363693542749E-07	-368682.71875	2.45459432335338E-05
193	159.687363596828	0.538177490234375	0.538177490234375	-1.44439697265625E-06	-2.4407958984375E-06	-9.9639892578125E-07	-7.77341938373866E-07	-372596.65625	2.44729999394622E-05
194	159.737363596702	0.53314208984375	0.5330810546875	-1.414794921875E-06	-2.3974609375E-06	-9.82666015625E-07	-7.54200300434604E-07	-376790.34375	2.4401519112871E-05
195	159.787363596576	0.528106689453125	0.528076171875	-1.385498046875E-06	-2.35687255859375E-06	-9.71374511718751E-07	-7.31648469809443E-07	-381145.40625	2.43315116676968E-05
196	159.837363596449	0.5230712890625	0.523040771484375	-1.3568115234375E-06	-2.3193359375E-06	-9.625244140625E-07	-7.09667745013576E-07	-385492.59375	2.42629539570771E-05
197	159.887363596323	0.518035888671875	0.518096923828125	-1.328125E-06	-2.28363037109375E-06	-9.55505371093751E-07	-6.88097486545303E-07	-390096.5	2.41958314290969E-05
198	159.937363596197	0.51300048828125	0.512939453125	-1.30035400390625E-06	-2.2509765625E-06	-9.5062255859375E-07	-6.67002836962638E-07	-394461.40625	2.41301186179044E-05
199	159.987363596071	0.507965087890625	0.507904052734375	-1.273193359375E-06	-2.21923828125E-06	-9.46044921875E-07	-6.46660055281245E-07	-398921.375	2.4065780962701E-05
200	160.037363595944	0.5029296875	0.502899169921875	-1.2469482421875E-06	-2.18963623046875E-06	-9.4268798828125E-07	-6.27089207227982E-07	-403304	2.40027766267303E-05
201	160.087363595818	0.497894287109375	0.497894287109375	-1.2213134765625E-06	-2.16094970703125E-06	-9.3963623046875E-07	-6.08085031217342E-07	-407671.15625	2.39410692302044E-05
202	160.137363595692	0.49285888671875	0.4927978515625	-1.1968994140625E-06	-2.13470458984375E-06	-9.3780517578125E-07	-5.89829426189681E-07	-411728.71875	2.38806151173776E-05
203	160.187363595566	0.487823486328125	0.48785400390625	-1.17340087890625E-06	-2.109375E-06	-9.35974121093749E-07	-5.72448300317774E-07	-415760.75	2.38213578995783E-05
204	160.23736359544	0.4827880859375	0.482757568359375	-1.1505126953125E-06	-2.08526611328125E-06	-9.3475341796875E-07	-5.55418694148102E-07	-419602.15625	2.3763259378029E-05
205	160.287363595313	0.477752685546875	0.477752685546875	-1.12823486328125E-06	-2.06207275390625E-06	-9.33837890625E-07	-5.39017264600261E-07	-423451.4375	2.37062904488994E-05
206	160.337363595187	0.47271728515625	0.4727783203125	-1.10748291015625E-06	-2.039794921875E-06	-9.3231201171875E-07	-5.23593882917339E-07	-426894.5	2.36503983614966E-05
207	160.387363595061	0.467681884765625	0.4676513671875	-1.0870361328125E-06	-2.01934814453125E-06	-9.3231201171875E-07	-5.08353934947081E-07	-430207.75	2.35955340031069E-05
208	160.437363594935	0.462646484375	0.462677001953125	-1.0675048828125E-06	-1.9989013671875E-06	-9.31396484375E-07	-4.93909965371131E-07	-433419.09375	2.35416719078785E-05
209	160.487363594808	0.457611083984375	0.457611083984375	-1.04827880859375E-06	-1.97998046875E-06	-9.31701660156251E-07	-4.79703999189951E-07	-436535.65625	2.34887775150128E-05
210	160.537363594682	0.45257568359375	0.45257568359375	-1.03057861328125E-06	-1.961669921875E-06	-9.31091308593751E-07	-4.66414803668158E-07	-439147.1875	2.34368053497747E-05
211	160.587363594556	0.447540283203125	0.447540283203125	-1.01287841796875E-06	-1.94366455078125E-06	-9.307861328125E-07	-4.53303897529622E-07	-441849.9375	2.33857190323761E-05
212	160.63736359443	0.4425048828125	0.44256591796875	-9.95483398437499E-07	-1.9268798828125E-06	-9.31396484375001E-07	-4.40566992665481E-07	-444573.90625	2.333550946787E-05
213	160.687363594303	0.437469482421875	0.4373779296875	-9.78698730468749E-07	-1.910400390625E-06	-9.31701660156251E-07	-4.28061213142428E-07	-446897.40625	2.32861548283836E-05
214	160.737363594177	0.43243408203125	0.4324951171875	-9.6282958984375E-07	-1.89483642578125E-06	-9.320068359375E-07	-4.16419055682127E-07	-449191.78125	2.32376169151394E-05
215	160.787363594051	0.427398681640625	0.4273681640625	-9.478759765625E-07	-1.87957763671875E-06	-9.31701660156251E-07	-4.05092009714281E-07	-450869.3125	2.31898502534023E-05
216	160.837363593925	0.42236328125	0.422332763671875	-9.33227539062501E-07	-1.865234375E-06	-9.32006835937499E-07	-3.94132541714498E-07	-452550.6875	2.3142822101363E-05
217	160.887363593798	0.417327880859375	0.417388916015625	-9.185791015625E-07	-1.8505859375E-06	-9.320068359375E-07	-3.83404710646573E-07	-454385.40625	2.30965270020533E-05
218	160.937363593672	0.41229248046875	0.412261962890625	-9.0606689453125E-07	-1.8377685546875E-06	-9.31701660156249E-07	-3.73536920506012E-07	-455001.6875	2.30509103857912E-05
219	160.987363593546	0.407257080078125	0.40728759765625	-8.929443359375E-07	-1.8243408203125E-06	-9.31396484375001E-07	-3.63685131787861E-07	-456117.59375	2.30059358727885E-05
220	161.03736359342	0.4022216796875	0.4022216796875	-8.807373046875E-07	-1.8115234375E-06	-9.307861328125E-07	-3.54251625367397E-07	-456687.46875	2.29615925491089E-05
221	161.087363593294	0.397186279296875	0.397186279296875	-8.6883544921875E-07	-1.79962158203125E-06	-9.307861328125E-07	-3.45089489428574E-07	-457147.90625	2.29178531299112E-05
222	161.137363593167	0.39215087890625	0.392181396484375	-8.575439453125E-07	-1.78741455078125E-06	-9.29870605468749E-07	-3.36312780291337E-07	-457330.96875	2.28746939683333E-05
223	161.187363593041	0.387115478515625	0.38714599609375	-8.47473144531249E-07	-1.7755126953125E-06	-9.28039550781251E-07	-3.28095836721332E-07	-456823.90625	2.283206958964E-05
224	161.237363592915	0.382080078125	0.382080078125	-8.36791992187499E-07	-1.76422119140625E-06	-9.2742919921875E-07	-3.1972155056792E-07	-456601.03125	2.27899618039373E-05
225	161.287363592789	0.377044677734375	0.376983642578125	-8.270263671875E-07	-1.75323486328125E-06	-9.2620849609375E-07	-3.11775409045367E-07	-455830.28125	2.27483669732464E-05
226	161.337363592662	0.37200927734375	0.372039794921875	-8.17260742187501E-07	-1.74285888671875E-06	-9.25598144531249E-07	-3.04053514810221E-07	-455227.78125	2.27072596317157E-05
227	161.387363592536	0.366973876953125	0.366943359375	-8.08105468750001E-07	-1.732177734375E-06	-9.24072265624999E-07	-2.9652892408194E-07	-454078.5625	2.26666252274299E-05
228	161.43736359241	0.3619384765625	0.3619384765625	-7.99560546875E-07	-1.7230224609375E-06	-9.234619140625E-07	-2.89391721253196E-07	-452671.75	2.26264346565586E-05
229	161.487363592284	0.356903076171875	0.356964111328125	-7.91015625E-07	-1.7132568359375E-06	-9.22241210937501E-07	-2.82364197801144E-07	-451273.15625	2.25866697292076E-05
230	161.537363592157	0.35186767578125	0.35186767578125	-7.8277587890625E-07	-1.70379638671875E-06	-9.210205078125E-07	-2.7543353553483E-07	-449512.65625	2.25473249884089E-05
231	161.587363592031	0.346832275390625	0.346832275390625	-7.75146484375E-07	-1.69464111328125E-06	-9.19494628906251E-07	-2.68845809614504E-07	-447440.9375	2.25083767873002E-05
232	161.637363591905	0.341796875	0.34185791015625	-7.672119140625E-07	-1.685791015625E-06	-9.185791015625E-07	-2.622774388783E-07	-445584.75	2.24698178499239E-05
233	161.687363591779	0.336761474609375	0.336761474609375	-7.60803222656251E-07	-1.67755126953125E-06	-9.16748046874999E-07	-2.56209204962943E-07	-442639.40625	2.243161725346E-05
234	161.737363591652	0.33172607421875	0.331695556640625	-7.5347900390625E-07	-1.6693115234375E-06	-9.1583251953125E-07	-2.49925619755231E-07	-440218.75	2.23937604459934E-05
235	161.787363591526	0.326690673828125	0.326690673828125	-7.464599609375E-07	-1.6619873046875E-06	-9.1552734375E-07	-2.43861506987741E-07	-437653.34375	2.23562619794393E-05
236	161.8373635914	0.3216552734375	0.32171630859375	-7.39440917968751E-07	-1.654052734375E-06	-9.1461181640625E-07	-2.37890205312397E-07	-435080.5	2.23191145778401E-05
237	161.887363591274	0.316619873046875	0.316619873046875	-7.33337402343751E-07	-1.64642333984375E-06	-9.130859375E-07	-2.32189194093735E-07	-431751.96875	2.22822945943335E-05
238	161.937363591147	0.31158447265625	0.311553955078125	-7.27233886718751E-07	-1.6387939453125E-06	-9.1156005859375E-07	-2.26572595352081E-07	-428409.5625	2.22457802010467E-05
239	161.987363591021	0.306549072265625	0.306549072265625	-7.20825195312499E-07	-1.63299560546875E-06	-9.1217041015625E-07	-2.20968288999757E-07	-425275.1875	2.22095786739374E-05
240	162.037363590895	0.301513671875	0.301513671875	-7.1533203125E-07	-1.627197265625E-06	-9.11865234374999E-07	-2.15682391058181E-07	-421501.71875	2.21736754610902E-05
241	162.087363590769	0.296478271484375	0.296478271484375	-7.08923339843751E-07	-1.62139892578125E-06	-9.124755859375E-07	-2.10180360227241E-07	-418209.21875	2.21380687435158E-05
242	162.137363590643	0.29144287109375	0.29150390625	-7.0343017578125E-07	-1.6156005859375E-06	-9.1217041015625E-07	-2.05052629098645E-07	-414403.5	2.21027603402035E-05
243	162.187363590516	0.286407470703125	0.286407470703125	-6.976318359375E-07	-1.61041259765625E-06	-9.1278076171875E-07	-1.99806962086768E-07	-410542.4375	2.20677338802489E-05
244	162.23736359039	0.2813720703125	0.2813720703125	-6.915283203125E-07	-1.60614013671875E-06	-9.14611816406251E-07	-1.94576756484821E-07	-406884.375	2.2033003915567E-05
245	162.287363590264	0.276336669921875	0.276336669921875	-6.85729980468749E-07	-1.60125732421875E-06	-9.1552734375E-07	-1.89492340041397E-07	-402981.78125	2.19985722651472E-05
246	162.337363590138	0.27130126953125	0.27130126953125	-6.8084716796875E-07	-1.59759521484375E-06	-9.16748046875E-07	-1.8471469331871E-07	-398476.03125	2.19644080061698E-05
247	162.387363590011	0.266265869140625	0.2662353515625	-6.75048828124999E-07	-1.59454345703125E-06	-9.19494628906251E-07	-1.79721851623071E-07	-394394.21875	2.19305111386348E-05
248	162.437363589885	0.26123046875	0.261260986328125	-6.70166015625E-07	-1.591796875E-06	-9.21630859375E-07	-1.75088231912923E-07	-389845.1875	2.18968798435526E-05
249	162.487363589759	0.256195068359375	0.256256103515625	-6.6497802734375E-07	-1.5899658203125E-06	-9.2498779296875E-07	-1.70404675259306E-07	-385360.25	2.18635013879975E-05
250	162.537363589633	0.25115966796875	0.251220703125	-6.5948486328125E-07	-1.588134765625E-06	-9.28649902343751E-07	-1.65676240726498E-07	-380934.78125	2.18303903238848E-05
251	162.587363589506	0.246124267578125	0.24609375	-6.5460205078125E-07	-1.5875244140625E-06	-9.32922363281249E-07	-1.61093467454521E-07	-375944.0625	2.17975375562673E-05
252	162.63736358938	0.2410888671875	0.241180419921875	-6.49108886718749E-07	-1.58782958984375E-06	-9.38720703125001E-07	-1.56552346197714E-07	-371556.1875	2.17649449041346E-05
253	162.687363589254	0.236053466796875	0.236114501953125	-6.439208984375E-07	-1.58905029296875E-06	-9.4512939453125E-07	-1.52039064005294E-07	-366682.46875	2.17326196434442E-05
254	162.737363589128	0.23101806640625	0.231048583984375	-6.3934326171875E-07	-1.590576171875E-06	-9.5123291015625E-07	-1.4771934786495E-07	-361384.28125	2.17005381273339E-05
255	162.787363589001	0.225982666015625	0.225982666015625	-6.34155273437501E-07	-1.59423828125E-06	-9.600830078125E-07	-1.4330808539853E-07	-356352.28125	2.16687003558036E-05
256	162.837363588875	0.220947265625	0.22100830078125	-6.2896728515625E-07	-1.59820556640625E-06	-9.6923828125E-07	-1.39006985477863E-07	-351382.84375	2.1637122699758E-05
257	162.887363588749	0.215911865234375	0.21588134765625	-6.2408447265625E-07	-1.6033935546875E-06	-9.7930908203125E-07	-1.34728196599099E-07	-345916.875	2.16057960642502E-05
258	162.937363588623	0.21087646484375	0.2109375	-6.182861328125E-07	-1.60980224609375E-06	-9.9151611328125E-07	-1.30419721244834E-07	-341164.875	2.15747368201846E-05
259	162.987363588496	0.205841064453125	0.205841064453125	-6.1309814453125E-07	-1.6180419921875E-06	-1.00494384765625E-06	-1.26200774275276E-07	-335739.1875	2.1543952243519E-05
260	163.03736358837	0.2008056640625	0.20086669921875	-6.0699462890625E-07	-1.627197265625E-06	-1.02020263671875E-06	-1.21924998097711E-07	-330920.0625	2.1513449610211E-05
261	163.087363588244	0.195770263671875	0.195770263671875	-6.0150146484375E-07	-1.6387939453125E-06	-1.03729248046875E-06	-1.17756094653032E-07	-325469.3125	2.14832380152075E-05
262	163.137363588118	0.19073486328125	0.190765380859375	-5.96008300781251E-07	-1.65252685546875E-06	-1.0565185546875E-06	-1.13697751658037E-07	-320071.6875	2.14532992686145E-05
263	163.187363587992	0.185699462890625	0.185699462890625	-5.89904785156251E-07	-1.66839599609375E-06	-1.0784912109375E-06	-1.09544991744315E-07	-314795.6875	2.14236515603261E-05
264	163.237363587865	0.1806640625	0.18060302734375	-5.8349609375E-07	-1.6876220703125E-06	-1.1041259765625E-06	-1.05381161574769E-07	-309518.8125	2.13943167182151E-05
265	163.287363587739	0.175628662109375	0.175628662109375	-5.77697753906251E-07	-1.70867919921875E-06	-1.1309814453125E-06	-1.01460280177434E-07	-304014.8125	2.13652874663239E-05
266	163.337363587613	0.17059326171875	0.170654296875	-5.71289062499999E-07	-1.73431396484375E-06	-1.16302490234375E-06	-9.74929292851812E-08	-298717.96875	2.13365619856631E-05
267	163.387363587487	0.165557861328125	0.16558837890625	-5.6488037109375E-07	-1.763916015625E-06	-1.19903564453125E-06	-9.3537622092299E-08	-293138.875	2.13081584661268E-05
268	163.43736358736	0.1605224609375	0.160552978515625	-5.57861328125001E-07	-1.79718017578125E-06	-1.23931884765625E-06	-8.95662921607254E-08	-287800.875	2.12800896406407E-05
269	163.487363587234	0.155487060546875	0.155548095703125	-5.499267578125E-07	-1.83563232421875E-06	-1.28570556640625E-06	-8.55400585919597E-08	-282852.375	2.12523955269717E-05
270	163.537363587108	0.15045166015625	0.150482177734375	-5.419921875E-07	-1.88140869140625E-06	-1.33941650390625E-06	-8.15601595149928E-08	-277646.40625	2.12250979529927E-05
271	163.587363586982	0.145416259765625	0.145477294921875	-5.33142089843749E-07	-1.93389892578125E-06	-1.4007568359375E-06	-7.75600739189031E-08	-272867.78125	2.11982187465765E-05
272	163.637363586855	0.140380859375	0.14044189453125	-5.22460937499999E-07	-1.99462890625E-06	-1.47216796875E-06	-7.33754035309175E-08	-268808.40625	2.11718288483098E-05
273	163.687363586729	0.135345458984375	0.135467529296875	-5.11474609375E-07	-2.06512451171875E-06	-1.55364990234375E-06	-6.92881982899962E-08	-264856.8125	2.11459810088854E-05
274	163.737363586603	0.13031005859375	0.130340576171875	-4.9713134765625E-07	-2.1466064453125E-06	-1.64947509765625E-06	-6.47963815936237E-08	-262185.40625	2.11207643587841E-05
275	163.787363586477	0.125274658203125	0.125274658203125	-4.8065185546875E-07	-2.2406005859375E-06	-1.75994873046875E-06	-6.02134946348087E-08	-260634.921875	2.10963207791792E-05
276	163.83736358635	0.1202392578125	0.12030029296875	-4.608154296875E-07	-2.347412109375E-06	-1.8865966796875E-06	-5.54362280524856E-08	-261059.609375	2.10727848752867E-05
277	163.887363586224	0.115203857421875	0.115264892578125	-4.376220703125E-07	-2.46917724609375E-06	-2.03155517578125E-06	-5.04424590985764E-08	-263389.125	2.10503221751424E-05
278	163.937363586098	0.11016845703125	0.110137939453125	-4.107666015625E-07	-2.6068115234375E-06	-2.196044921875E-06	-4.52409878448634E-08	-268127.78125	2.1029112758697E-05
279	163.987363585972	0.105133056640625	0.10516357421875	-3.79333496093751E-07	-2.76092529296875E-06	-2.381591796875E-06	-3.98920683153392E-08	-277232.5	2.10093603527639E-05
280	164.037363585845	0.10009765625	0.10015869140625	-3.4332275390625E-07	-2.93182373046875E-06	-2.5885009765625E-06	-3.43867547769605E-08	-291733.34375	2.09912941500079E-05
281	164.087363585719	0.095062255859375	0.09515380859375	-3.0242919921875E-07	-3.1158447265625E-06	-2.81341552734375E-06	-2.87772881080173E-08	-314631.6875	2.09751506190514E-05
282	164.137363585593	0.09002685546875	0.090087890625	-2.545166015625E-07	-3.31787109375E-06	-3.0633544921875E-06	-2.29288641406811E-08	-353956.8125	2.09612262551673E-05
283	164.187363585467	0.084991455078125	0.0850830078125	-2.0477294921875E-07	-3.5345458984375E-06	-3.32977294921875E-06	-1.74226979510195E-08	-415499.25	2.09497447940521E-05
284	164.237363585341	0.0799560546875	0.079925537109375	-1.513671875E-07	-3.76190185546875E-06	-3.61053466796875E-06	-1.2098103852054E-08	-528024.1875	2.09408408409217E-05
285	164.287363585214	0.074920654296875	0.07501220703125	-9.67407226562494E-08	-3.99810791015625E-06	-3.9013671875E-06	-7.25673476864586E-09	-775394.3125	2.09346380870556E-05
286	164.337363585088	0.06988525390625	0.0699462890625	-4.24194335937503E-08	-4.23980712890625E-06	-4.1973876953125E-06	-2.96708191349637E-09	-1648920.875	2.09311601793161E-05
287	164.387363584962	0.064849853515625	0.06494140625	9.46044921874972E-09	-4.4830322265625E-06	-4.49249267578125E-06	6.14374884300162E-10	6864516	2.09303361771163E-05
288	164.437363584836	0.059814453125	0.059844970703125	5.58471679687506E-08	-4.7210693359375E-06	-4.77691650390625E-06	3.34217209463361E-09	1071584.75	2.09319678106112E-05
289	164.487363584709	0.054779052734375	0.0548095703125	9.39941406250006E-08	-4.9468994140625E-06	-5.0408935546875E-06	5.15177855930915E-09	583116.875	2.09357149287825E-05
290	164.537363584583	0.04974365234375	0.0497894287109375	1.15966796875E-07	-5.1605224609375E-06	-5.2764892578125E-06	5.77392045286729E-09	429342.125	2.09409627132118E-05
291	164.587363584457	0.044708251953125	0.04478759765625	1.312255859375E-07	-5.3466796875E-06	-5.4779052734375E-06	5.877278219657E-09	341302.34375	2.0947143639205E-05
292	164.637363584331	0.0396728515625	0.0397735595703125	1.2481689453125E-07	-5.5084228515625E-06	-5.63323974609375E-06	4.9644124366921E-09	318655.28125	2.09535446629161E-05
293	164.687363584204	0.034637451171875	0.0346954345703125	9.85717773437506E-08	-5.6396484375E-06	-5.73822021484375E-06	3.41999073505406E-09	351981.4375	2.0959128960385E-05
294	164.737363584078	0.02960205078125	0.0296722412109375	5.340576171875E-08	-5.7373046875E-06	-5.79071044921875E-06	1.58466861854833E-09	555600	2.0962928829249E-05
295	164.787363583952	0.024566650390625	0.02462158203125	-1.00708007812506E-08	-5.79833984375E-06	-5.78826904296875E-06	-2.47959042187773E-10	-2444848.5	2.09640111279441E-05
296	164.837363583826	0.01953125	0.0195709228515625	-9.36889648437495E-08	-5.816650390625E-06	-5.72296142578125E-06	-1.83357939942397E-09	-208892.515625	2.09614172490546E-05
297	164.887363583699	0.014495849609375	0.0145538330078125	-1.9256591796875E-07	-5.8013916015625E-06	-5.60882568359375E-06	-2.80257195228728E-09	-75578.453125	2.09542613447411E-05
298	164.937363583573	0.00946044921875	0.009539794921875	-3.0548095703125E-07	-5.7525634765625E-06	-5.44708251953125E-06	-2.9142255275616E-09	-31228.7734375	2.09418103622738E-05
299	164.987363583447	0.004425048828125	0.00452575683593751	-4.28466796875E-07	-5.6732177734375E-06	-5.2447509765625E-06	-1.93913662904777E-09	-10562.6787109375	2.09234622161603E-05
300	165.037363583321	-0.0006103515625	-0.000521850585937497	-5.59082031249999E-07	-5.572509765625E-06	-5.013427734375E-06	2.91757284998084E-10	933.406127929688	2.08987730729859E-05
301	165.087363583194	-0.005645751953125	-0.0055419921875	-6.9549560546875E-07	-5.450439453125E-06	-4.75494384765625E-06	3.85443144068631E-09	7968.40771484375	2.08674082387006E-05
302	165.137363583068	-0.01068115234375	-0.01058349609375	-8.27941894531251E-07	-5.31005859375E-06	-4.48211669921875E-06	8.7625187106255E-09	12782.8974609375	2.08293222385691E-05
303	165.187363582942	-0.015716552734375	-0.01561279296875	-9.5672607421875E-07	-5.1666259765625E-06	-4.20989990234375E-06	1.49371661706255E-08	16318.98046875	2.0784706066479E-05
304	165.237363582816	-0.020751953125	-0.0206756591796875	-1.077880859375E-06	-5.01708984375E-06	-3.939208984375E-06	2.22858957954486E-08	19181.767578125	2.07338398467982E-05
305	165.28736358269	-0.025787353515625	-0.0256988525390625	-1.19049072265625E-06	-4.8675537109375E-06	-3.67706298828125E-06	3.0594243582982E-08	21586.771484375	2.06771310331533E-05
306	165.337363582563	-0.03082275390625	-0.030731201171875	-1.29150390625E-06	-4.72412109375E-06	-3.4326171875E-06	3.96894641596646E-08	23794.896484375	2.06150816666195E-05
307	165.387363582437	-0.035858154296875	-0.035748291015625	-1.380615234375E-06	-4.5867919921875E-06	-3.2061767578125E-06	4.9354635933696E-08	25893.015625	2.05482792807743E-05
308	165.437363582311	-0.0408935546875	-0.040789794921875	-1.45843505859375E-06	-4.4561767578125E-06	-2.99774169921875E-06	5.94892632932442E-08	27968.1953125	2.04773023142479E-05
309	165.487363582185	-0.045928955078125	-0.0457733154296875	-1.52435302734375E-06	-4.3365478515625E-06	-2.81219482421875E-06	6.97746926903164E-08	30028.029296875	2.04027328436496E-05
310	165.537363582058	-0.05096435546875	-0.050872802734375	-1.57470703125E-06	-4.22393798828125E-06	-2.64923095703125E-06	8.01097570501952E-08	32306.203125	2.03252566279843E-05
311	165.587363581932	-0.055999755859375	-0.055877685546875	-1.61895751953125E-06	-4.12139892578125E-06	-2.50244140625E-06	9.04636010545801E-08	34514.609375	2.02454139071051E-05
312	165.637363581806	-0.06103515625	-0.061004638671875	-1.651611328125E-06	-4.0277099609375E-06	-2.3760986328125E-06	1.00755954690612E-07	36936.4375	2.01636503334157E-05
313	165.68736358168	-0.066070556640625	-0.066009521484375	-1.67572021484375E-06	-3.94256591796875E-06	-2.266845703125E-06	1.10613491699496E-07	39391.73046875	2.00804661290022E-05
314	165.737363581553	-0.07110595703125	-0.071044921875	-1.693115234375E-06	-3.86505126953125E-06	-2.17193603515625E-06	1.20287239724348E-07	41961.06640625	1.99962451006286E-05
315	165.787363581427	-0.076141357421875	-0.0760498046875	-1.7041015625E-06	-3.79425048828125E-06	-2.09014892578125E-06	1.29596585907166E-07	44627.5078125	1.99113146663876E-05
316	165.837363581301	-0.0811767578125	-0.08111572265625	-1.71112060546875E-06	-3.729248046875E-06	-2.01812744140625E-06	1.38798782245431E-07	47405.03125	1.9825934941764E-05
317	165.887363581175	-0.086212158203125	-0.086151123046875	-1.712646484375E-06	-3.67034912109375E-06	-1.95770263671875E-06	1.4754641597392E-07	50302.92578125	1.97403405763907E-05
318	165.937363581048	-0.09124755859375	-0.09112548828125	-1.71112060546875E-06	-3.61724853515625E-06	-1.9061279296875E-06	1.55926699108022E-07	53254.859375	1.96547462110175E-05
319	165.987363580922	-0.096282958984375	-0.09613037109375	-1.7083740234375E-06	-3.56842041015625E-06	-1.86004638671875E-06	1.64226619858709E-07	56270.09765625	1.9569259166019E-05
320	166.037363580796	-0.101318359375	-0.10125732421875	-1.702880859375E-06	-3.52447509765625E-06	-1.82159423828125E-06	1.72429153622033E-07	59462.3671875	1.94839776668232E-05
321	166.08736358067	-0.106353759765625	-0.106231689453125	-1.69677734375E-06	-3.48358154296875E-06	-1.78680419921875E-06	1.80251518600016E-07	62607.9140625	1.93989872059319E-05
322	166.137363580543	-0.11138916015625	-0.11126708984375	-1.6888427734375E-06	-3.4466552734375E-06	-1.7578125E-06	1.87912618798691E-07	65883.6328125	1.93143459910061E-05
323	166.187363580417	-0.116424560546875	-0.1163330078125	-1.680908203125E-06	-3.41278076171875E-06	-1.73187255859375E-06	1.95545112546824E-07	69208.421875	1.92301013157703E-05
324	166.237363580291	-0.1214599609375	-0.121337890625	-1.67236328125E-06	-3.3819580078125E-06	-1.7095947265625E-06	2.02921029313075E-07	72554.7421875	1.91462695511291E-05
325	166.287363580165	-0.126495361328125	-0.12640380859375	-1.6632080078125E-06	-3.35418701171875E-06	-1.69097900390625E-06	2.10235825193195E-07	76000	1.90628816199023E-05
326	166.337363580039	-0.13153076171875	-0.13140869140625	-1.654052734375E-06	-3.328857421875E-06	-1.6748046875E-06	2.17356898701837E-07	79446.5	1.89799502550159E-05
327	166.387363579912	-0.136566162109375	-0.136444091796875	-1.64459228515625E-06	-3.30657958984375E-06	-1.6619873046875E-06	2.24394895553814E-07	82965.3046875	1.88974827324273E-05
328	166.437363579786	-0.1416015625	-0.14141845703125	-1.63604736328125E-06	-3.2861328125E-06	-1.65008544921875E-06	2.31367280889572E-07	86439.1015625	1.88154681382002E-05
329	166.48736357966	-0.146636962890625	-0.146484375	-1.62689208984375E-06	-3.26812744140625E-06	-1.6412353515625E-06	2.38314271427953E-07	90039.390625	1.87338937394088E-05
330	166.537363579534	-0.15167236328125	-0.15155029296875	-1.6180419921875E-06	-3.25225830078125E-06	-1.63421630859375E-06	2.45214749838851E-07	93662.765625	1.86527704499895E-05
331	166.587363579407	-0.156707763671875	-0.1566162109375	-1.6094970703125E-06	-3.2379150390625E-06	-1.62841796875E-06	2.52073334650049E-07	97307.546875	1.85720818990376E-05
332	166.637363579281	-0.1617431640625	-0.161590576171875	-1.6015625E-06	-3.2257080078125E-06	-1.6241455078125E-06	2.58797399510513E-07	100895.5859375	1.84918062586803E-05
333	166.687363579155	-0.166778564453125	-0.166656494140625	-1.59332275390625E-06	-3.21533203125E-06	-1.62200927734375E-06	2.65537579480224E-07	104596.8203125	1.84119326149812E-05
334	166.737363579029	-0.17181396484375	-0.171661376953125	-1.585693359375E-06	-3.2073974609375E-06	-1.6217041015625E-06	2.72202299811397E-07	108256.3515625	1.83324573299615E-05
335	166.787363578902	-0.176849365234375	-0.17669677734375	-1.57806396484375E-06	-3.20068359375E-06	-1.62261962890625E-06	2.78838797385106E-07	111970.609375	1.82533640327165E-05
336	166.837363578776	-0.181884765625	-0.18170166015625	-1.57135009765625E-06	-3.19610595703125E-06	-1.624755859375E-06	2.85516904341421E-07	115634.109375	1.8174629076384E-05
337	166.88736357865	-0.186920166015625	-0.186737060546875	-1.56494140625E-06	-3.19366455078125E-06	-1.62872314453125E-06	2.92232556375893E-07	119325.2734375	1.80962215381442E-05
338	166.937363578524	-0.19195556640625	-0.1917724609375	-1.55853271484375E-06	-3.192138671875E-06	-1.63360595703125E-06	2.9888363428654E-07	123046.8046875	1.80181341420393E-05
339	166.987363578397	-0.196990966796875	-0.19683837890625	-1.5533447265625E-06	-3.192138671875E-06	-1.6387939453125E-06	3.05757851037924E-07	126719.0625	1.79403377842391E-05
340	167.037363578271	-0.2020263671875	-0.201873779296875	-1.54815673828125E-06	-3.19427490234375E-06	-1.6461181640625E-06	3.1253222232408E-07	130396.21875	1.78627997229341E-05
