Potential - Start -0.205 V, Stop 1.505 V, Step 0.005 V; Modulation - Amplitude 0.05 V, Time 0.025 s, Interval time 0.05 s
Index	Base.Time (s)	Potential applied (V)	WE(1).Base.Potential (V)	WE(1).Base.Current (A)	WE(1).Pulse.Current (A)	WE(1).δ.Current (A)	WE(1).Base.Power (W)	WE(1).Base.Resistance (Ω)	WE(1).Base.Charge (C)
1	140.422351645468	-0.204925537109375		-4.40063476562499E-07	4.57763671875E-07	8.978271484375E-07	9.0113097428457E-08	465325.9375	0
2	140.472351645341	-0.19989013671875		-7.54699707031251E-07	4.1778564453125E-07	1.1724853515625E-06	1.50764890349819E-07	264698.75	-2.986907787772E-08
3	140.522351645215	-0.194854736328125		-7.5653076171875E-07	4.25109863281251E-07	1.181640625E-06	1.4734433761987E-07	257442.515625	-6.76498430607353E-08
4	140.572351645089	-0.1898193359375		-7.46765136718749E-07	4.38842773437501E-07	1.18560791015625E-06	1.41613725190837E-07	253943.609375	-1.05232238922781E-07
5	140.622351644963	-0.184783935546875		-7.3394775390625E-07	4.547119140625E-07	1.18865966796875E-06	1.35464958361808E-07	251476.09375	-1.42250058843274E-07
6	140.672351644836	-0.17974853515625		-7.2174072265625E-07	4.7149658203125E-07	1.1932373046875E-06	1.29621710698302E-07	248837.203125	-1.78642267201212E-07
7	140.72235164471	-0.174713134765625		-7.0953369140625E-07	4.88891601562499E-07	1.19842529296875E-06	1.23878237445751E-07	246064.53125	-2.14424133559987E-07
8	140.772351644584	-0.169677734375		-6.99768066406251E-07	5.07507324218751E-07	1.207275390625E-06	1.18649637670387E-07	242302.65625	-2.49656665118891E-07
9	140.822351644458	-0.164642333984375		-6.9091796875E-07	5.279541015625E-07	1.2188720703125E-06	1.13691086767176E-07	238162.546875	-2.84423833818437E-07
10	140.872351644332	-0.15960693359375		-6.8267822265625E-07	5.499267578125E-07	1.23260498046875E-06	1.0887683998817E-07	233616.453125	-3.18763738960115E-07
11	140.922351644205	-0.154571533203125		-6.7626953125E-07	5.73120117187501E-07	1.2493896484375E-06	1.04511379106498E-07	228519.859375	-3.52737430375782E-07
12	140.972351644079	-0.1495361328125		-6.7108154296875E-07	6.00280761718749E-07	1.2713623046875E-06	1.00228056965079E-07	222555.71875	-3.8642119193355E-07
13	141.022351643953	-0.144500732421875		-6.671142578125E-07	6.3018798828125E-07	1.29730224609375E-06	9.63170663226265E-08	216422.6875	-4.19876101886985E-07
14	141.072351643827	-0.13946533203125		-6.6497802734375E-07	6.6375732421875E-07	1.3287353515625E-06	9.2619622193979E-08	209453.875	-4.53178387260778E-07
15	141.1223516437	-0.134429931640625		-6.65283203125E-07	7.0220947265625E-07	1.36749267578125E-06	8.93933673751235E-08	201972.46875	-4.86434942104097E-07
16	141.172351643574	-0.12939453125		-6.6680908203125E-07	7.464599609375E-07	1.41326904296875E-06	8.62407460999748E-08	193958.8125	-5.1973722747789E-07
17	141.222351643448	-0.124359130859375		-6.7138671875E-07	7.9803466796875E-07	1.46942138671875E-06	8.34316011832925E-08	185090.90625	-5.53192137431324E-07
18	141.272351643322	-0.11932373046875		-6.787109375E-07	8.5784912109375E-07	1.53656005859375E-06	8.09448934546708E-08	175719.421875	-5.86944565839076E-07
19	141.322351643195	-0.114288330078125		-6.89697265625E-07	9.259033203125E-07	1.6156005859375E-06	7.87612037811414E-08	165575.234375	-6.21154754298914E-07
20	141.372351643069	-0.1092529296875		-7.037353515625E-07	1.005859375E-06	1.7095947265625E-06	7.67992389683059E-08	155073.71875	-6.55990561426734E-07
21	141.422351642943	-0.104217529296875		-7.22351074218749E-07	1.0980224609375E-06	1.82037353515625E-06	7.52375513002335E-08	144190.96875	-6.91642753736232E-07
22	141.472351642817	-0.09918212890625		-7.4615478515625E-07	1.201171875E-06	1.94732666015625E-06	7.39596757171057E-08	132842.546875	-7.28355416867998E-07
23	141.52235164269	-0.094146728515625		-7.7789306640625E-07	1.32232666015625E-06	2.1002197265625E-06	7.31411233800827E-08	120870.9375	-7.66456594192277E-07
24	141.572351642564	-0.089111328125		-8.123779296875E-07	1.46087646484375E-06	2.27325439453125E-06	7.23672783919938E-08	109654.3984375	-8.06213336090877E-07
25	141.622351642438	-0.084075927734375		-8.53881835937501E-07	1.6180419921875E-06	2.471923828125E-06	7.17387891313592E-08	98391.7109375	-8.47869841891224E-07
26	141.672351642312	-0.07904052734375		-9.02709960937501E-07	1.79412841796875E-06	2.69683837890625E-06	7.13231216309396E-08	87525.359375	-8.91784623036074E-07
27	141.722351642185	-0.074005126953125		-9.56115722656251E-07	1.98883056640625E-06	2.9449462890625E-06	7.05823950397644E-08	77210.34375	-9.3825531166658E-07
28	141.772351642059	-0.0689697265625		-1.0174560546875E-06	2.20245361328125E-06	3.21990966796875E-06	7.01115610013403E-08	67726.453125	-9.87594603429898E-07
29	141.822351641933	-0.063934326171875		-1.0845947265625E-06	2.43438720703125E-06	3.51898193359375E-06	6.92435335736263E-08	58863.25390625	-1.04014588941936E-06
30	141.872351641807	-0.05889892578125		-1.15570068359375E-06	2.6800537109375E-06	3.83575439453125E-06	6.79989824448057E-08	50911.015625	-1.09615325527557E-06
31	141.922351641681	-0.053863525390625		-1.23077392578125E-06	2.939453125E-06	4.17022705078125E-06	6.61811441204918E-08	43689.5625	-1.15581508453033E-06
32	141.972351641554	-0.048828125		-1.30218505859375E-06	3.2086181640625E-06	4.51080322265625E-06	6.34362180562675E-08	37410.359375	-1.21913910788862E-06
33	142.022351641428	-0.043792724609375		-1.37939453125E-06	3.48114013671875E-06	4.86053466796875E-06	6.01422343038394E-08	31608.408203125	-1.28617853079049E-06
34	142.072351641302	-0.03875732421875		-1.4471435546875E-06	3.75274658203125E-06	5.19989013671875E-06	5.58577646359026E-08	26672.291015625	-1.35684206270525E-06
35	142.122351641176	-0.033721923828125		-1.50543212890625E-06	4.01702880859375E-06	5.5224609375E-06	5.04812298629531E-08	22274.478515625	-1.43065642532747E-06
36	142.172351641049	-0.0286865234375		-1.54998779296875E-06	4.266357421875E-06	5.81634521484375E-06	4.42508998332869E-08	18418.98046875	-1.5070419294716E-06
37	142.222351640923	-0.023651123046875		-1.57806396484375E-06	4.498291015625E-06	6.07635498046875E-06	3.71303485735552E-08	14910.076171875	-1.58524323978781E-06
38	142.272351640797	-0.01861572265625		-1.5850830078125E-06	4.7027587890625E-06	6.287841796875E-06	2.93575102006116E-08	11684.63671875	-1.66432187143073E-06
39	142.322351640671	-0.013580322265625		-1.56829833984375E-06	4.876708984375E-06	6.44500732421875E-06	2.10969819391948E-08	8577.5439453125	-1.74315641743306E-06
40	142.372351640544	-0.008544921875		-1.5289306640625E-06	5.0140380859375E-06	6.54296875E-06	1.29152821770617E-08	5524.9501953125	-1.8205871583632E-06
41	142.422351640418	-0.003509521484375		-1.463623046875E-06	5.108642578125E-06	6.572265625E-06	4.94901852832186E-09	2310.2587890625	-1.89540094197582E-06
42	142.472351640292	0.00152587890625		-1.3751220703125E-06	5.16357421875E-06	6.5386962890625E-06	-2.21996931948354E-09	-1173.99035644531	-1.96636960936303E-06
43	142.522351640166	0.006561279296875		-1.2579345703125E-06	5.1666259765625E-06	6.424560546875E-06	-8.43025027563726E-09	-5327.51123046875	-2.03219588001957E-06
44	142.572351640039	0.0115966796875		-1.1273193359375E-06	5.1239013671875E-06	6.251220703125E-06	-1.31350850196554E-08	-10335.6796875	-2.09182735488866E-06
45	142.622351639913	0.016632080078125		-9.808349609375E-07	5.0384521484375E-06	6.019287109375E-06	-1.64031224159089E-08	-17050.40625	-2.14453120861435E-06
46	142.672351639787	0.02166748046875		-8.2122802734375E-07	4.913330078125E-06	5.73455810546875E-06	-1.78540915385383E-08	-26473.431640625	-2.189582801293E-06
47	142.722351639661	0.026702880859375		-6.53991699218751E-07	4.7576904296875E-06	5.41168212890625E-06	-1.75393033430282E-08	-41007.93359375	-2.22646326619724E-06
48	142.772351639534	0.03173828125		-4.8187255859375E-07	4.5806884765625E-06	5.06256103515625E-06	-1.53511567901887E-08	-66111.46875	-2.25485996452335E-06
49	142.822351639408	0.036773681640625		-3.0975341796875E-07	4.3853759765625E-06	4.69512939453125E-06	-1.14144054208509E-08	-118965.5234375	-2.27465056923393E-06
50	142.872351639282	0.04180908203125		-1.38244628906251E-07	4.1839599609375E-06	4.32220458984375E-06	-5.79549075396812E-09	-303245.03125	-2.28585054173891E-06
51	142.922351639156	0.046844482421875		2.38037109375006E-08	3.97979736328125E-06	3.95599365234375E-06	1.11645270806093E-09	1970384.625	-2.28871158469701E-06
52	142.97235163903	0.0518798828125		1.739501953125E-07	3.7786865234375E-06	3.604736328125E-06	9.03513264205458E-09	298596.5	-2.28376757149817E-06
53	143.022351638903	0.056915283203125		3.16467285156249E-07	3.58642578125E-06	3.26995849609375E-06	1.80118231440929E-08	179845.71875	-2.27150712817092E-06
54	143.072351638777	0.06195068359375		4.4219970703125E-07	3.40484619140625E-06	2.962646484375E-06	2.74350586693117E-08	140303.65625	-2.25254052566015E-06
55	143.122351638651	0.066986083984375		5.53283691406251E-07	3.23455810546875E-06	2.6812744140625E-06	3.70960755446959E-08	121180.375	-2.22765334001451E-06
56	143.172351638525	0.072021484375		6.48193359375E-07	3.07891845703125E-06	2.43072509765625E-06	4.67431924278117E-08	111252.359375	-2.19761659536744E-06
57	143.222351638398	0.077056884765625		7.2906494140625E-07	2.93670654296875E-06	2.2076416015625E-06	5.6223971256486E-08	105776.4765625	-2.16318494494772E-06
58	143.272351638272	0.08209228515625		7.965087890625E-07	2.8070068359375E-06	2.010498046875E-06	6.54115268616806E-08	103103.453125	-2.12504573937622E-06
59	143.322351638146	0.087127685546875		8.4991455078125E-07	2.689208984375E-06	1.83929443359375E-06	7.41288985750543E-08	102621.1875	-2.08388519240543E-06
60	143.37235163802	0.0921630859375		8.92028808593751E-07	2.58453369140625E-06	1.6925048828125E-06	8.22393459998239E-08	103352.7265625	-2.04033653972147E-06
61	143.422351637893	0.097198486328125		9.2437744140625E-07	2.48992919921875E-06	1.5655517578125E-06	8.99045105029472E-08	105216.2421875	-1.99492637875665E-06
62	143.472351637767	0.10223388671875		9.4879150390625E-07	2.40509033203125E-06	1.456298828125E-06	9.70275948475319E-08	107783.859375	-1.94809717868338E-06
63	143.522351637641	0.107269287109375		9.65270996093751E-07	2.32879638671875E-06	1.363525390625E-06	1.03573384535594E-07	111160.296875	-1.90024559287849E-06
64	143.572351637515	0.1123046875		9.7564697265625E-07	2.2607421875E-06	1.28509521484375E-06	1.09629269218203E-07	115170.4765625	-1.85172268629685E-06
65	143.622351637388	0.117340087890625		9.8236083984375E-07	2.19879150390625E-06	1.2164306640625E-06	1.15270303524539E-07	119447.0390625	-1.80277243089222E-06
66	143.672351637262	0.12237548828125		9.8480224609375E-07	2.1435546875E-06	1.15875244140625E-06	1.20515650792186E-07	124264.0234375	-1.75359343757009E-06
67	143.722351637136	0.127410888671875		9.8419189453125E-07	2.093505859375E-06	1.10931396484375E-06	1.2545682182008E-07	129519.3828125	-1.70436851476552E-06
68	143.77235163701	0.1324462890625		9.81750488281249E-07	2.04803466796875E-06	1.0662841796875E-06	1.30059163439E-07	134939.390625	-1.6552199895159E-06
69	143.822351636883	0.137481689453125		9.7625732421875E-07	2.00653076171875E-06	1.0302734375E-06	1.3433667334084E-07	140950.296875	-1.6062698477981E-06
70	143.872351636757	0.14251708984375		9.6954345703125E-07	1.9683837890625E-06	9.9884033203125E-07	1.38265264126858E-07	147088.453125	-1.55762472786591E-06
71	143.922351636631	0.147552490234375		9.6282958984375E-07	1.93389892578125E-06	9.71069335937499E-07	1.42097277944231E-07	153280.515625	-1.50931543885235E-06
72	143.972351636505	0.152587890625		9.552001953125E-07	1.90216064453125E-06	9.46960449218751E-07	1.45693690001281E-07	159680.5	-1.46136471812497E-06
73	144.022351636379	0.157623291015625		9.46960449218751E-07	1.87286376953125E-06	9.25903320312499E-07	1.4932081171537E-07	166516.28125	-1.41381065077439E-06
74	144.072351636252	0.16265869140625		9.3841552734375E-07	1.84539794921875E-06	9.06982421874999E-07	1.52698717670319E-07	173398.375	-1.36667631522869E-06
75	144.122351636126	0.167694091796875		9.29870605468749E-07	1.820068359375E-06	8.90197753906251E-07	1.5593380453538E-07	180341.328125	-1.3199691011323E-06
76	144.172351636	0.1727294921875		9.2193603515625E-07	1.7962646484375E-06	8.7432861328125E-07	1.59329943016928E-07	187454.484375	-1.27367400182266E-06
77	144.222351635874	0.177764892578125		9.130859375E-07	1.77398681640625E-06	8.60900878906251E-07	1.62370341172391E-07	194752.6875	-1.2277984069442E-06
78	144.272351635747	0.18280029296875		9.0484619140625E-07	1.75323486328125E-06	8.48388671875E-07	1.65378523320214E-07	201989.890625	-1.18235016088875E-06
79	144.322351635621	0.187835693359375		8.9691162109375E-07	1.7340087890625E-06	8.37097167968749E-07	1.68499383335075E-07	209459	-1.13730618522823E-06
80	144.372351635495	0.19287109375		8.88977050781251E-07	1.71478271484375E-06	8.258056640625E-07	1.71430841078291E-07	216924.140625	-1.09265897663136E-06
81	144.422351635369	0.197906494140625		8.8226318359375E-07	1.6973876953125E-06	8.1512451171875E-07	1.74578687506255E-07	224282.25	-1.04837795333879E-06
82	144.472351635242	0.20294189453125		8.75244140625001E-07	1.68060302734375E-06	8.05358886718749E-07	1.77703824988384E-07	231973.515625	-1.00444026429614E-06
83	144.522351635116	0.207977294921875		8.67614746093751E-07	1.66473388671875E-06	7.97119140624999E-07	1.80497124802059E-07	239781.921875	-9.60868760557787E-07
84	144.57235163499	0.2130126953125		8.612060546875E-07	1.64947509765625E-06	7.8826904296875E-07	1.83500389994151E-07	247413.1875	-9.17648264930904E-07
85	144.622351634864	0.218048095703125		8.544921875E-07	1.63482666015625E-06	7.8033447265625E-07	1.86372545840641E-07	255250.015625	-8.74755812674266E-07
86	144.672351634737	0.22308349609375		8.48388671875E-07	1.62139892578125E-06	7.7301025390625E-07	1.89287391094695E-07	262985.625	-8.32183843613166E-07
87	144.722351634611	0.228118896484375		8.428955078125E-07	1.60797119140625E-06	7.65075683593751E-07	1.92306103485862E-07	270673.4375	-7.89901719144837E-07
88	144.772351634485	0.233154296875		8.36791992187499E-07	1.59576416015625E-06	7.58972167968751E-07	1.95076111708659E-07	278592.28125	-7.47909552956116E-07
89	144.822351634359	0.238189697265625		8.3160400390625E-07	1.583251953125E-06	7.51647949218751E-07	1.98130251760631E-07	286495.40625	-7.0619961434204E-07
90	144.872351634232	0.24322509765625		8.26416015625001E-07	1.57135009765625E-06	7.4493408203125E-07	2.00954673346132E-07	294239.3125	-6.64749109091645E-07
91	144.922351634106	0.248260498046875		8.209228515625E-07	1.561279296875E-06	7.403564453125E-07	2.03827767109033E-07	302453.53125	-6.23565654223057E-07
92	144.97235163398	0.2532958984375		8.16650390625E-07	1.5509033203125E-06	7.342529296875E-07	2.06879107622626E-07	310201.8125	-5.82626341838477E-07
93	145.022351633854	0.258331298828125		8.1207275390625E-07	1.5411376953125E-06	7.2906494140625E-07	2.09808590057037E-07	318151.0625	-5.41908264040103E-07
94	145.072351633728	0.26336669921875		8.0718994140625E-07	1.53167724609375E-06	7.244873046875E-07	2.12586940051551E-07	326276	-5.01426711707609E-07
95	145.122351633601	0.268402099609375		8.0230712890625E-07	1.52252197265625E-06	7.2021484375E-07	2.1529194782488E-07	334461.78125	-4.61189273437412E-07
96	145.172351633475	0.2734375		7.9833984375E-07	1.51458740234375E-06	7.16247558593751E-07	2.18296051457401E-07	342507.65625	-4.21173098175132E-07
97	145.222351633349	0.278472900390625		7.94372558593751E-07	1.50634765625E-06	7.11975097656249E-07	2.21162736124825E-07	350480.25	-3.81355278022966E-07
98	145.272351633223	0.28350830078125		7.9010009765625E-07	1.49871826171875E-06	7.086181640625E-07	2.24024049089167E-07	358864.4375	-3.41743458420751E-07
99	145.322351633096	0.288543701171875		7.8643798828125E-07	1.49169921875E-06	7.05261230468751E-07	2.26945715553484E-07	366938.3125	-3.02330022350361E-07
100	145.37235163297	0.2935791015625		7.82165527343751E-07	1.4849853515625E-06	7.02819824218749E-07	2.29651320182711E-07	375380.4375	-2.63114912968376E-07
101	145.422351632844	0.298614501953125		7.7880859375E-07	1.478271484375E-06	6.99462890625001E-07	2.32563522217788E-07	383424.78125	-2.24090570100088E-07
102	145.472351632718	0.30364990234375		7.7484130859375E-07	1.47308349609375E-06	6.98242187499999E-07	2.35280481319933E-07	391886.59375	-1.85249319883951E-07
103	145.522351632591	0.308685302734375		7.71179199218749E-07	1.4678955078125E-06	6.96716308593751E-07	2.38051683254525E-07	400277	-1.46598807759801E-07
104	145.572351632465	0.313720703125		7.67822265625E-07	1.46240234375E-06	6.94580078125E-07	2.40928613948199E-07	408664.5625	-1.08123778375102E-07
105	145.622351632339	0.318756103515625		7.6446533203125E-07	1.4581298828125E-06	6.93664550781251E-07	2.43724656456834E-07	417045.90625	-6.98165862900169E-08
106	145.672351632213	0.32379150390625		7.6141357421875E-07	1.4544677734375E-06	6.9305419921875E-07	2.46562478878332E-07	425290.59375	-3.16696180391318E-08
107	145.722351632086	0.328826904296875		7.57751464843751E-07	1.45050048828125E-06	6.927490234375E-07	2.49169062271903E-07	433950.875	6.30950802715802E-09
108	145.77235163196	0.3338623046875		7.537841796875E-07	1.44683837890625E-06	6.9305419921875E-07	2.51660111416641E-07	442915	4.40978986659957E-08
109	145.822351631834	0.338897705078125		7.5042724609375E-07	1.4434814453125E-06	6.9305419921875E-07	2.54340960736954E-07	451647.03125	8.1703184662274E-08
110	145.872351631708	0.34393310546875		7.47070312500001E-07	1.44134521484375E-06	6.9427490234375E-07	2.57010611903752E-07	460498.375	1.19140622700797E-07
111	145.922351631581	0.348968505859375		7.4432373046875E-07	1.43890380859375E-06	6.94580078125E-07	2.59745519315402E-07	468839.71875	1.56425471686816E-07
112	145.972351631455	0.35400390625		7.40966796875001E-07	1.436767578125E-06	6.9580078125E-07	2.62305121623285E-07	477759.5	1.93557724514903E-07
113	146.022351631329	0.359039306640625		7.37915039062501E-07	1.434326171875E-06	6.96411132812499E-07	2.6494049620851E-07	486559.15625	2.30529778377786E-07
114	146.072351631203	0.36407470703125		7.354736328125E-07	1.43218994140625E-06	6.96716308593751E-07	2.67767347850167E-07	495020.75	2.67364498540701E-07
115	146.122351631077	0.369110107421875		7.3211669921875E-07	1.43035888671875E-06	6.98242187499999E-07	2.70254020051652E-07	504210.09375	3.04054253774666E-07
116	146.17235163095	0.3741455078125		7.29980468749999E-07	1.4288330078125E-06	6.988525390625E-07	2.73118899940528E-07	512541.8125	3.40606675308663E-07
117	146.222351630824	0.379180908203125		7.275390625E-07	1.42669677734375E-06	6.9915771484375E-07	2.7589112505666E-07	521224.84375	3.77044671040494E-07
118	146.272351630698	0.38421630859375		7.2601318359375E-07	1.42547607421875E-06	6.99462890625E-07	2.78990427204917E-07	529298	4.13383475006412E-07
119	146.322351630572	0.389251708984375		7.244873046875E-07	1.42333984375E-06	6.988525390625E-07	2.81985791161787E-07	537236.75	4.4964599510422E-07
120	146.372351630445	0.394287109375		7.22351074218749E-07	1.4208984375E-06	6.9854736328125E-07	2.84835749653212E-07	545880.875	4.85816940454242E-07
121	146.422351630319	0.399322509765625		7.20825195312499E-07	1.419677734375E-06	6.988525390625E-07	2.87775719698402E-07	553852.6875	5.21896367899899E-07
122	146.472351630193	0.40435791015625		7.2021484375E-07	1.41876220703125E-06	6.9854736328125E-07	2.91268520413723E-07	561525.4375	5.57922362531826E-07
123	146.522351630067	0.409393310546875		7.18994140625E-07	1.41693115234375E-06	6.97937011718751E-07	2.9435136639222E-07	569397.3125	5.93902541368152E-07
124	146.57235162994	0.4144287109375		7.18078613281251E-07	1.41571044921875E-06	6.976318359375E-07	2.97614292321668E-07	577178.125	6.29829401077586E-07
125	146.622351629814	0.419464111328125		7.159423828125E-07	1.4141845703125E-06	6.98242187500001E-07	3.00290281529669E-07	585848.25	6.6567992007549E-07
126	146.672351629688	0.42449951171875		7.14721679687499E-07	1.41326904296875E-06	6.9854736328125E-07	3.03420790714881E-07	593979.5625	7.01446481343737E-07
127	146.722351629562	0.429534912109375		7.14111328125E-07	1.41326904296875E-06	6.9915771484375E-07	3.06735728372587E-07	601495.75	7.3716734050322E-07
128	146.772351629435	0.4345703125		7.1258544921875E-07	1.412353515625E-06	6.99768066406251E-07	3.09711964519011E-07	609935.8125	7.72834766848973E-07
129	146.822351629309	0.439605712890625		7.110595703125E-07	1.41265869140625E-06	7.0159912109375E-07	3.1256413990377E-07	618197.4375	8.08425852483197E-07
130	146.872351629183	0.44464111328125		7.10144042968749E-07	1.41326904296875E-06	7.03125E-07	3.15780908977104E-07	626171.0625	8.43955945128982E-07
131	146.922351629057	0.449676513671875		7.0831298828125E-07	1.41326904296875E-06	7.049560546875E-07	3.18490094741719E-07	634812.5625	8.79417370924784E-07
132	146.97235162893	0.4547119140625		7.07092285156249E-07	1.4141845703125E-06	7.07092285156251E-07	3.21523287993841E-07	643072.9375	9.14802512852475E-07
133	147.022351628804	0.459747314453125		7.0526123046875E-07	1.414794921875E-06	7.0953369140625E-07	3.24241938187697E-07	651882.3125	9.50111370912055E-07
134	147.072351628678	0.46478271484375		7.0343017578125E-07	1.416015625E-06	7.1258544921875E-07	3.26963629504462E-07	660780.9375	9.8532859738043E-07
135	147.122351628552	0.469818115234375		7.0220947265625E-07	1.41693115234375E-06	7.14721679687501E-07	3.298892750081E-07	669013.5	1.02046965366753E-06
136	147.172351628426	0.474853515625		7.0068359375E-07	1.41876220703125E-06	7.18078613281251E-07	3.3274343991252E-07	677743.9375	1.05554192941781E-06
137	147.222351628299	0.479888916015625		6.99462890624999E-07	1.4202880859375E-06	7.20825195312501E-07	3.35600446987883E-07	685951.125	1.09054565200495E-06
138	147.272351628173	0.48492431640625		6.9854736328125E-07	1.42242431640625E-06	7.23876953124999E-07	3.38763925356034E-07	694233.3125	1.12549582809152E-06
139	147.322351628047	0.489959716796875		6.96716308593751E-07	1.4239501953125E-06	7.27233886718749E-07	3.4132040127588E-07	703153.75	1.16037745101494E-06
140	147.372351627921	0.4949951171875		6.9610595703125E-07	1.42578125E-06	7.2967529296875E-07	3.44569031085484E-07	711091.625	1.1951980241065E-06
141	147.422351627794	0.500030517578125		6.94885253906249E-07	1.42822265625E-06	7.33337402343751E-07	3.47400202826975E-07	719455.4375	1.22997278140247E-06
142	147.472351627668	0.50506591796875		6.93359374999999E-07	1.4306640625E-06	7.37304687500001E-07	3.50192181031161E-07	728433.125	1.26467887184845E-06
143	147.522351627542	0.510101318359375		6.927490234375E-07	1.43280029296875E-06	7.4005126953125E-07	3.53351026660675E-07	736299.625	1.29933164316753E-06
144	147.572351627416	0.51513671875		6.915283203125E-07	1.43524169921875E-06	7.43713378906251E-07	3.56231623754866E-07	744925	1.33393859869102E-06
145	147.622351627289	0.520172119140625		6.90612792968751E-07	1.43829345703125E-06	7.476806640625E-07	3.59216414835828E-07	753159.5625	1.36849212140078E-06
146	147.672351627163	0.52520751953125		6.89697265625E-07	1.44073486328125E-06	7.5103759765625E-07	3.62255207164708E-07	761548.6875	1.40299982831493E-06
147	147.722351627037	0.530242919921875		6.89086914062501E-07	1.4434814453125E-06	7.54394531249999E-07	3.65404474678144E-07	769530.5625	1.43746945013845E-06
148	147.772351626911	0.5352783203125		6.8817138671875E-07	1.44683837890625E-06	7.586669921875E-07	3.6832122418673E-07	777738.375	1.4719008731845E-06
149	147.822351626784	0.540313720703125		6.878662109375E-07	1.44989013671875E-06	7.62023925781249E-07	3.71642556729057E-07	785448.125	1.50630182815803E-06
150	147.872351626658	0.54534912109375		6.8695068359375E-07	1.4532470703125E-06	7.6629638671875E-07	3.74586022644507E-07	793780.5625	1.54067220137222E-06
151	147.922351626532	0.550384521484375		6.866455078125E-07	1.45721435546875E-06	7.7056884765625E-07	3.77960958530821E-07	801644.5	1.5750121065139E-06
152	147.972351626406	0.555419921875		6.85729980468749E-07	1.46026611328125E-06	7.74536132812501E-07	3.80826236323628E-07	809879.875	1.60932154358306E-06
153	148.022351626279	0.560455322265625		6.854248046875E-07	1.463623046875E-06	7.781982421875E-07	3.84108119533266E-07	817586.875	1.64360039889289E-06
154	148.072351626153	0.56549072265625		6.84814453125E-07	1.46759033203125E-06	7.8277587890625E-07	3.87214413422043E-07	825668.4375	1.67785640314833E-06
155	148.122351626027	0.570526123046875		6.84814453125E-07	1.470947265625E-06	7.861328125E-07	3.9072543245311E-07	833155.125	1.71209705968067E-06
156	148.172351625901	0.5755615234375		6.84204101562499E-07	1.47491455078125E-06	7.90710449218751E-07	3.93759790995318E-07	841124	1.7463225958636E-06
157	148.222351625775	0.580596923828125		6.8389892578125E-07	1.47857666015625E-06	7.94677734375E-07	3.97069612745327E-07	848951.375	1.78052516730531E-06
158	148.272351625648	0.58563232421875		6.84509277343751E-07	1.4825439453125E-06	7.9803466796875E-07	4.00828952251686E-07	855461.5	1.81473535576515E-06
159	148.322351625522	0.590667724609375		6.8511962890625E-07	1.48590087890625E-06	8.0078125E-07	4.04678047516427E-07	862138.0625	1.84897612598434E-06
160	148.372351625396	0.595703125		6.84814453125E-07	1.49017333984375E-06	8.0535888671875E-07	4.0790430944071E-07	869786.125	1.88322439953481E-06
161	148.42235162527	0.600738525390625		6.854248046875E-07	1.494140625E-06	8.087158203125E-07	4.11761050145287E-07	876447.0625	1.91748040379025E-06
162	148.472351625143	0.60577392578125		6.85729980468749E-07	1.49749755859375E-06	8.11767578125E-07	4.15355486893532E-07	883311.125	1.95175925910007E-06
163	148.522351625017	0.610809326171875		6.8634033203125E-07	1.50115966796875E-06	8.148193359375E-07	4.19181191091411E-07	889862.125	1.98606107915111E-06
164	148.572351624891	0.6158447265625		6.866455078125E-07	1.5045166015625E-06	8.1787109375E-07	4.22783188014364E-07	896711.125	2.0203856365697E-06
165	148.622351624765	0.620880126953125		6.8695068359375E-07	1.50848388671875E-06	8.21533203125001E-07	4.26493045324605E-07	903776.125	2.05472565539822E-06
166	148.672351624638	0.62591552734375		6.884765625E-07	1.51153564453125E-06	8.23059082031251E-07	4.30886132107844E-07	909042.625	2.0891113763355E-06
167	148.722351624512	0.630950927734375		6.8939208984375E-07	1.514892578125E-06	8.2550048828125E-07	4.34930512938081E-07	915139.4375	2.12355803341779E-06
168	148.772351624386	0.635986328125		6.90612792968751E-07	1.5179443359375E-06	8.2733154296875E-07	4.39199197899143E-07	920857.3125	2.15805812331382E-06
169	148.82235162426	0.641021728515625		6.915283203125E-07	1.52099609375E-06	8.29467773437501E-07	4.43221381374315E-07	926831.4375	2.19261164602358E-06
170	148.872351624133	0.64605712890625		6.93359374999999E-07	1.5240478515625E-06	8.30688476562501E-07	4.47928613311888E-07	931734.1875	2.22723383558332E-06
171	148.922351624007	0.651092529296875		6.94885253906249E-07	1.52679443359375E-06	8.31909179687501E-07	4.52392157512804E-07	936890.6875	2.2619399260293E-06
172	148.972351623881	0.6561279296875		6.96411132812499E-07	1.5301513671875E-06	8.33740234375001E-07	4.56871021015104E-07	942024.5625	2.29672241403023E-06
173	149.022351623755	0.661163330078125		6.98242187500001E-07	1.53289794921875E-06	8.3465576171875E-07	4.61652120975486E-07	946896.875	2.33158857554372E-06
174	149.072351623628	0.66619873046875		7.000732421875E-07	1.5350341796875E-06	8.349609375E-07	4.66366515183836E-07	951569.375	2.36654659602209E-06
175	149.122351623502	0.671234130859375		7.01904296875E-07	1.5374755859375E-06	8.35571289062501E-07	4.71099269816477E-07	956217.375	2.40159602071799E-06
176	149.172351623376	0.67626953125		7.037353515625E-07	1.54022216796875E-06	8.3648681640625E-07	4.75871814842321E-07	960884.6875	2.43673707700509E-06
177	149.22235162325	0.681304931640625		7.05871582031251E-07	1.54296875E-06	8.37097167968749E-07	4.80870710362069E-07	965110.25	2.47197726821469E-06
178	149.272351623124	0.68634033203125		7.0770263671875E-07	1.54571533203125E-06	8.380126953125E-07	4.85681653117354E-07	969728.375	2.50731659434678E-06
179	149.322351622997	0.691375732421875		7.098388671875E-07	1.5484619140625E-06	8.38623046875001E-07	4.9072201591116E-07	973903.75	2.54275505540136E-06
180	149.372351622871	0.6964111328125		7.11669921874999E-07	1.5509033203125E-06	8.392333984375E-07	4.95571384817595E-07	978473.4375	2.57829287875211E-06
181	149.422351622745	0.701446533203125		7.13500976562501E-07	1.55303955078125E-06	8.3953857421875E-07	5.00460998864583E-07	983062.4375	2.61392210632039E-06
182	149.472351622619	0.70648193359375		7.15026855468751E-07	1.55548095703125E-06	8.40454101562499E-07	5.0506622528701E-07	987878.8125	2.64963523477491E-06
183	149.522351622492	0.711517333984375		7.1685791015625E-07	1.55853271484375E-06	8.41674804687499E-07	5.09991195940529E-07	992422.375	2.68543226411566E-06
184	149.572351622366	0.716552734375		7.18994140625E-07	1.56097412109375E-06	8.4197998046875E-07	5.15131375777855E-07	996477.125	2.72132865575259E-06
185	149.62235162224	0.721588134765625		7.2052001953125E-07	1.5643310546875E-06	8.4381103515625E-07	5.19918671670894E-07	1001482.4375	2.75731645160704E-06
186	149.672351622114	0.72662353515625		7.2296142578125E-07	1.56768798828125E-06	8.44726562499999E-07	5.25276675489295E-07	1004981	2.79340360975766E-06
187	149.722351621987	0.731658935546875		7.24182128906251E-07	1.571044921875E-06	8.4686279296875E-07	5.29810108673701E-07	1010240.25	2.82958217212581E-06
188	149.772351621861	0.7366943359375		7.25708007812501E-07	1.57501220703125E-06	8.49304199218749E-07	5.34558523668238E-07	1015012.625	2.86582940134394E-06
189	149.822351621735	0.741729736328125		7.275390625E-07	1.57928466796875E-06	8.5174560546875E-07	5.39548523192934E-07	1019337.3125	2.90216053144832E-06
190	149.872351621609	0.74676513671875		7.293701171875E-07	1.58355712890625E-06	8.5418701171875E-07	5.4460139153889E-07	1023723.9375	2.93858329314389E-06
191	149.922351621482	0.751800537109375		7.31201171875E-07	1.58782958984375E-06	8.56628417968751E-07	5.49828996554425E-07	1028380.625	2.975097459057E-06
192	149.972351621356	0.7568359375		7.3089599609375E-07	1.5924072265625E-06	8.6151123046875E-07	5.53391373614431E-07	1035908.1875	3.01165005112125E-06
193	150.02235162123	0.761871337890625		7.3211669921875E-07	1.59759521484375E-06	8.65478515625E-07	5.57443570414762E-07	1040016.6875	3.04822538055305E-06
194	150.072351621104	0.76690673828125		7.33337402343751E-07	1.60308837890625E-06	8.697509765625E-07	5.62177604024328E-07	1045359.9375	3.08486164612987E-06
195	150.122351620977	0.771942138671875		7.33642578125E-07	1.6082763671875E-06	8.746337890625E-07	5.66217636333022E-07	1051996.75	3.12153611048416E-06
196	150.172351620851	0.7769775390625		7.342529296875E-07	1.61407470703125E-06	8.79821777343751E-07	5.70946156130958E-07	1059019.125	3.15823353957967E-06
197	150.222351620725	0.782012939453125		7.34863281250001E-07	1.6192626953125E-06	8.84399414062499E-07	5.74784678519791E-07	1064368.875	3.19496143674769E-06
198	150.272351620599	0.78704833984375		7.3577880859375E-07	1.62445068359375E-06	8.88671875000001E-07	5.79093466512859E-07	1069680.625	3.23172753269318E-06
199	150.322351620473	0.792083740234375		7.36389160156251E-07	1.6290283203125E-06	8.9263916015625E-07	5.83618941618624E-07	1076253.625	3.26853160004248E-06
200	150.372351620346	0.797119140625		7.37915039062501E-07	1.63299560546875E-06	8.95080566406249E-07	5.88206148677273E-07	1080231.625	3.30538932757918E-06
201	150.42235162022	0.802154541015625		7.39440917968751E-07	1.636962890625E-06	8.9752197265625E-07	5.93258732806135E-07	1085018.625	3.34232322529715E-06
202	150.472351620094	0.80718994140625		7.415771484375E-07	1.63970947265625E-06	8.98132324218751E-07	5.98819895003544E-07	1088888.875	3.37934875460633E-06
203	150.522351619968	0.812225341796875		7.44018554687501E-07	1.64215087890625E-06	8.98132324218749E-07	6.04424258199288E-07	1091878.625	3.41648865287425E-06
204	150.572351619841	0.8172607421875		7.47070312500001E-07	1.64306640625E-06	8.9599609375E-07	6.10779238741088E-07	1094362.75	3.45376565746847E-06
205	150.622351619715	0.822296142578125		7.51647949218751E-07	1.64337158203125E-06	8.91723632812499E-07	6.18191847934213E-07	1094194.125	3.49123365595005E-06
206	150.672351619589	0.82733154296875		7.55920410156249E-07	1.64276123046875E-06	8.86840820312501E-07	6.25858149305714E-07	1095276.625	3.52892288901785E-06
207	150.722351619463	0.832366943359375		7.6019287109375E-07	1.64154052734375E-06	8.81347656250001E-07	6.33339368505403E-07	1095945.5	3.56682585334056E-06
208	150.772351619336	0.83740234375		7.6568603515625E-07	1.64031982421875E-06	8.746337890625E-07	6.41187284600164E-07	1093662.875	3.60497278961702E-06
209	150.82235161921	0.842437744140625		7.708740234375E-07	1.6375732421875E-06	8.6669921875E-07	6.49766263904894E-07	1093428.375	3.64338666258845E-06
210	150.872351619084	0.84747314453125		7.7667236328125E-07	1.63482666015625E-06	8.58154296875E-07	6.58445969747845E-07	1091552.125	3.6820754303335E-06
211	150.922351618958	0.852508544921875		7.8338623046875E-07	1.632080078125E-06	8.48693847656251E-07	6.67723895730887E-07	1088040.5	3.72107683688228E-06
212	150.972351618831	0.8575439453125		7.8887939453125E-07	1.62933349609375E-06	8.404541015625E-07	6.76498757457011E-07	1087040.625	3.76038360627717E-06
213	151.022351618705	0.862579345703125		7.9498291015625E-07	1.62567138671875E-06	8.306884765625E-07	6.85857116877742E-07	1085220.75	3.79998004973459E-06
214	151.072351618579	0.86761474609375		8.00476074218751E-07	1.6217041015625E-06	8.2122802734375E-07	6.94993389060983E-07	1084635.875	3.83986662200186E-06
215	151.122351618453	0.872650146484375		8.056640625E-07	1.6192626953125E-06	8.135986328125E-07	7.02939928487467E-07	1082954.5	3.88001990359044E-06
216	151.172351618327	0.877685546875		8.11157226562501E-07	1.6162109375E-06	8.05053710937499E-07	7.11940913333819E-07	1082016.625	3.92044057662133E-06
217	151.2223516182	0.882720947265625		8.15734863281251E-07	1.61285400390625E-06	7.97119140624999E-07	7.20190712399926E-07	1082304.625	3.96111272493727E-06
218	151.272351618074	0.88775634765625		8.2061767578125E-07	1.61041259765625E-06	7.89794921874999E-07	7.28508496194991E-07	1081814.875	4.00202179662301E-06
219	151.322351617948	0.892791748046875		8.24584960937499E-07	1.6082763671875E-06	7.83691406250001E-07	7.36308493287652E-07	1082901.5	4.04315187552129E-06
220	151.372351617822	0.8978271484375		8.282470703125E-07	1.60614013671875E-06	7.7789306640625E-07	7.4362264967931E-07	1084008.875	4.08447249355959E-06
221	151.422351617695	0.902862548828125		8.32214355468749E-07	1.60400390625E-06	7.7178955078125E-07	7.51502113871538E-07	1085075.25	4.12598410548526E-06
222	151.472351617569	0.90789794921875		8.3465576171875E-07	1.602783203125E-06	7.68127441406249E-07	7.5829166235053E-07	1088482.625	4.16765578847844E-06
223	151.522351617443	0.912933349609375		8.3831787109375E-07	1.6015625E-06	7.63244628906251E-07	7.65200411478872E-07	1088824.125	4.20948026658152E-06
224	151.572351617317	0.91796875		8.41064453125E-07	1.60003662109375E-06	7.58972167968751E-07	7.71557495227171E-07	1090711.25	4.25146481575212E-06
225	151.62235161719	0.923004150390625		8.43505859375E-07	1.59912109375E-06	7.55615234375E-07	7.78945548063348E-07	1094790.125	4.29357896791771E-06
226	151.672351617064	0.92803955078125		8.465576171875E-07	1.59881591796875E-06	7.5225830078125E-07	7.85638917477627E-07	1096250.875	4.33583045378327E-06
227	151.722351616938	0.933074951171875		8.48388671875E-07	1.59820556640625E-06	7.4981689453125E-07	7.91480772477371E-07	1099640.375	4.37820426668623E-06
228	151.772351616812	0.9381103515625		8.5113525390625E-07	1.597900390625E-06	7.4676513671875E-07	7.98458756889886E-07	1102187.25	4.42069222117425E-06
229	151.822351616685	0.943145751953125		8.53881835937501E-07	1.597900390625E-06	7.44018554687499E-07	8.05204706466611E-07	1104360.25	4.46331796410959E-06
230	151.872351616559	0.94818115234375		8.55712890625E-07	1.59759521484375E-06	7.4188232421875E-07	8.11109657661291E-07	1107703.25	4.50605739388266E-06
231	151.922351616433	0.953216552734375		8.5784912109375E-07	1.59759521484375E-06	7.3974609375E-07	8.17585089407658E-07	1110992.5	4.54889686807292E-06
232	151.972351616307	0.958251953125		8.6029052734375E-07	1.597900390625E-06	7.3760986328125E-07	8.24637595542299E-07	1114224.875	4.5918500291009E-06
233	152.02235161618	0.963287353515625		8.6212158203125E-07	1.59759521484375E-06	7.354736328125E-07	8.30339274671132E-07	1117168.125	4.63491051050369E-06
234	152.072351616054	0.96832275390625		8.642578125E-07	1.5985107421875E-06	7.34252929687501E-07	8.37144227716635E-07	1120762.75	4.67807012682897E-06
235	152.122351615928	0.973358154296875		8.6639404296875E-07	1.5985107421875E-06	7.3211669921875E-07	8.42915085286222E-07	1122930.625	4.72133615403436E-06
236	152.172351615802	0.9783935546875		8.685302734375E-07	1.59912109375E-06	7.305908203125E-07	8.49499372179707E-07	1126142	4.76470950161456E-06
237	152.222351615676	0.983428955078125		8.7005615234375E-07	1.59912109375E-06	7.2906494140625E-07	8.56036649565795E-07	1130831.375	4.80817379866494E-06
238	152.272351615549	0.98846435546875		8.7249755859375E-07	1.60003662109375E-06	7.275390625E-07	8.62698982473376E-07	1133263.375	4.85173768538516E-06
239	152.322351615423	0.993499755859375		8.7432861328125E-07	1.600341796875E-06	7.2601318359375E-07	8.69045436502347E-07	1136823.75	4.89540843773284E-06
240	152.372351615297	0.99853515625		8.76770019531251E-07	1.60064697265625E-06	7.23876953125E-07	8.76020806117594E-07	1139575.375	4.93918605570798E-06
241	152.422351615171	1.00357055664063		8.7890625E-07	1.60125732421875E-06	7.22351074218749E-07	8.82178539995948E-07	1142013.875	4.98307781526819E-06
242	152.472351615044	1.00860595703125		8.807373046875E-07	1.6015625E-06	7.20825195312501E-07	8.8831689026847E-07	1145183.625	5.02706916449824E-06
243	152.522351614918	1.01364135742188		8.82873535156251E-07	1.6021728515625E-06	7.1929931640625E-07	8.95051812221936E-07	1148289	5.07115919390344E-06
244	152.572351614792	1.0186767578125		8.85009765625E-07	1.6021728515625E-06	7.171630859375E-07	9.01538840025751E-07	1151034.5	5.1153560889361E-06
245	152.622351614666	1.02371215820313		8.868408203125E-07	1.602783203125E-06	7.159423828125E-07	9.08005006294843E-07	1154508	5.1596525736386E-06
246	152.672351614539	1.02874755859375		8.88977050781251E-07	1.60308837890625E-06	7.14111328125E-07	9.14261647722014E-07	1156883	5.20404819326359E-06
247	152.722351614413	1.03378295898438		8.9141845703125E-07	1.60400390625E-06	7.1258544921875E-07	9.21669197850861E-07	1159876.75	5.24855795447365E-06
248	152.772351614287	1.038818359375		8.93554687500001E-07	1.60430908203125E-06	7.10754394531249E-07	9.28240979192196E-07	1162568.375	5.29318231201614E-06
249	152.822351614161	1.04385375976563		8.9569091796875E-07	1.60491943359375E-06	7.09228515625E-07	9.35106982069556E-07	1165587.75	5.33791353518609E-06
250	152.872351614034	1.04888916015625		8.9752197265625E-07	1.60552978515625E-06	7.080078125E-07	9.41401026466337E-07	1168650.125	5.38274389327853E-06
251	152.922351613908	1.05392456054688		9.002685546875E-07	1.6064453125E-06	7.061767578125E-07	9.48952504131739E-07	1170847.5	5.42768839295604E-06
252	152.972351613782	1.0589599609375		9.02709960937501E-07	1.6070556640625E-06	7.04345703124999E-07	9.55933614932292E-07	1173090	5.47276295037591E-06
253	153.022351613656	1.06399536132813		9.04235839843751E-07	1.60797119140625E-06	7.037353515625E-07	9.62240733315411E-07	1176847.75	5.51793664271827E-06
254	153.072351613529	1.06903076171875		9.063720703125E-07	1.60919189453125E-06	7.02819824218751E-07	9.6976941676985E-07	1180471.375	5.56320173927816E-06
255	153.122351613403	1.07406616210938		9.08203125E-07	1.61041259765625E-06	7.0220947265625E-07	9.75885996012948E-07	1183131.75	5.60856597076054E-06
256	153.172351613277	1.0791015625		9.1064453125E-07	1.61163330078125E-06	7.0098876953125E-07	9.82400024440722E-07	1184651.5	5.65403752261773E-06
257	153.222351613151	1.08413696289063		9.1278076171875E-07	1.61285400390625E-06	7.000732421875E-07	9.89718614619051E-07	1187897	5.69962276131264E-06
258	153.272351613025	1.08917236328125		9.1400146484375E-07	1.61529541015625E-06	7.01293945312501E-07	9.95784034785174E-07	1191986.75	5.74529258301482E-06
259	153.322351612898	1.09420776367188		9.1583251953125E-07	1.6156005859375E-06	6.99768066406251E-07	1.00253032542241E-06	1195268.25	5.79103834752459E-06
260	153.372351612772	1.0992431640625		9.17968750000001E-07	1.61773681640625E-06	6.99768066406249E-07	1.00907084288338E-06	1197473.375	5.83688324695686E-06
261	153.422351612646	1.10427856445313		9.2010498046875E-07	1.61956787109375E-06	6.99462890625E-07	1.01619264114561E-06	1200331.625	5.88283501201659E-06
262	153.47235161252	1.10931396484375		9.2193603515625E-07	1.6217041015625E-06	6.99768066406251E-07	1.02271644664143E-06	1203244	5.92888636674616E-06
263	153.522351612393	1.11434936523438		9.234619140625E-07	1.6241455078125E-06	7.0068359375E-07	1.02920000699669E-06	1206873.875	5.97502139498829E-06
264	153.572351612267	1.119384765625		9.2620849609375E-07	1.62628173828125E-06	7.000732421875E-07	1.03678371488058E-06	1208566.75	6.02126283411053E-06
265	153.622351612141	1.12442016601563		9.2803955078125E-07	1.62872314453125E-06	7.0068359375E-07	1.04336470485578E-06	1211443.625	6.06761932431255E-06
266	153.672351612015	1.12945556640625		9.295654296875E-07	1.630859375E-06	7.012939453125E-07	1.04990283489315E-06	1215036.125	6.11405948802712E-06
267	153.722351611888	1.13449096679688		9.320068359375E-07	1.6339111328125E-06	7.01904296875E-07	1.05721107956924E-06	1217092.375	6.1605987866642E-06
268	153.772351611762	1.1395263671875		9.3414306640625E-07	1.63665771484375E-06	7.02514648437501E-07	1.06476568362268E-06	1220189.5	6.20725222688634E-06
269	153.822351611636	1.14456176757813		9.3658447265625E-07	1.6400146484375E-06	7.0343017578125E-07	1.07212167677062E-06	1222222.25	6.25402071818826E-06
270	153.87235161151	1.14959716796875		9.3902587890625E-07	1.6436767578125E-06	7.0465087890625E-07	1.08007463950344E-06	1224894.375	6.30091062703286E-06
271	153.922351611383	1.15463256835938		9.417724609375E-07	1.6473388671875E-06	7.05566406250001E-07	1.08725737391069E-06	1225858.75	6.34793059361982E-06
272	153.972351611257	1.15966796875		9.43603515624999E-07	1.6510009765625E-06	7.07397460937501E-07	1.09397876713047E-06	1228654.625	6.3950651565392E-06
273	154.022351611131	1.16470336914063		9.4635009765625E-07	1.65496826171875E-06	7.08618164062501E-07	1.10265034436452E-06	1231215.75	6.44231386104366E-06
274	154.072351611005	1.16973876953125		9.4879150390625E-07	1.65924072265625E-06	7.10449218749999E-07	1.11070676211966E-06	1233837.25	6.48969262329047E-06
275	154.122351610878	1.17477416992188		9.51538085937501E-07	1.663818359375E-06	7.12280273437499E-07	1.11769713839749E-06	1234445.125	6.53720098853228E-06
276	154.172351610752	1.1798095703125		9.5489501953125E-07	1.668701171875E-06	7.1380615234375E-07	1.12630277726566E-06	1235219	6.58486169413663E-06
277	154.222351610626	1.18484497070313		9.57641601562501E-07	1.673583984375E-06	7.159423828125E-07	1.13480291474843E-06	1237412.5	6.63267519485089E-06
278	154.2723516105	1.18988037109375		9.6099853515625E-07	1.67877197265625E-06	7.177734375E-07	1.14347324142727E-06	1238170.875	6.68064103592769E-06
279	154.322351610374	1.19491577148438		9.63745117187501E-07	1.6839599609375E-06	7.2021484375E-07	1.15115301468904E-06	1239392.125	6.72875967211439E-06
280	154.372351610247	1.199951171875		9.6710205078125E-07	1.69036865234375E-06	7.232666015625E-07	1.16047510800854E-06	1240770	6.77703064866364E-06
281	154.422351610121	1.20498657226563		9.7015380859375E-07	1.6961669921875E-06	7.2601318359375E-07	1.16887429157941E-06	1241900	6.82546215102775E-06
282	154.472351609995	1.21002197265625		9.74121093749999E-07	1.70257568359375E-06	7.28454589843751E-07	1.17841068458802E-06	1241854.625	6.8740691858693E-06
283	154.522351609869	1.21505737304688		9.7808837890625E-07	1.7095947265625E-06	7.3150634765625E-07	1.18798573112144E-06	1241809.75	6.92287449055584E-06
284	154.572351609742	1.2200927734375		9.82055664062501E-07	1.71661376953125E-06	7.34558105468749E-07	1.19819901556184E-06	1242386.625	6.97187806508737E-06
285	154.622351609616	1.22512817382813		9.86328124999999E-07	1.724853515625E-06	7.38525390625E-07	1.20882987175719E-06	1242574.25	7.02108764016884E-06
286	154.67235160949	1.23016357421875		9.9090576171875E-07	1.73309326171875E-06	7.42187500000001E-07	1.21958089494001E-06	1242069.625	7.07051822246285E-06
287	154.722351609364	1.23519897460938		9.95483398437499E-07	1.74163818359375E-06	7.4615478515625E-07	1.22977189676021E-06	1240956.5	7.12017799742171E-06
288	154.772351609237	1.240234375		1.0003662109375E-06	1.75079345703125E-06	7.50427246093749E-07	1.24068856166559E-06	1239780.375	7.17007424100302E-06
289	154.822351609111	1.24526977539063		1.00555419921875E-06	1.76055908203125E-06	7.550048828125E-07	1.25172596199263E-06	1237936.25	7.22022241461673E-06
290	154.872351608985	1.25030517578125		1.0107421875E-06	1.7706298828125E-06	7.598876953125E-07	1.26342774819932E-06	1236715	7.27062979422044E-06
291	154.922351608859	1.25534057617188		1.01654052734375E-06	1.78131103515625E-06	7.647705078125E-07	1.2762596952598E-06	1235064.5	7.32131184122409E-06
292	154.972351608732	1.2603759765625		1.02203369140625E-06	1.79229736328125E-06	7.70263671875E-07	1.28814667732513E-06	1233204	7.37227628633264E-06
293	155.022351608606	1.26541137695313		1.0284423828125E-06	1.80389404296875E-06	7.7545166015625E-07	1.30124578845425E-06	1230267	7.42353813620866E-06
294	155.07235160848	1.27044677734375		1.03485107421875E-06	1.81610107421875E-06	7.8125E-07	1.31440731365728E-06	1227366.625	7.47512012821971E-06
295	155.122351608354	1.27548217773438		1.041259765625E-06	1.82891845703125E-06	7.87658691406251E-07	1.32794946239301E-06	1224794.75	7.52702317186049E-06
296	155.172351608227	1.280517578125		1.0479736328125E-06	1.84295654296875E-06	7.9498291015625E-07	1.34130891638051E-06	1221316.375	7.57925408834126E-06
297	155.222351608101	1.28555297851563		1.0552978515625E-06	1.8572998046875E-06	8.02001953124999E-07	1.35680227231205E-06	1218334.25	7.63183561502956E-06
298	155.272351607975	1.29058837890625		1.0626220703125E-06	1.87255859375E-06	8.099365234375E-07	1.37140762035415E-06	1214532	7.68478366808267E-06
299	155.322351607849	1.29562377929688		1.0711669921875E-06	1.88812255859375E-06	8.1695556640625E-07	1.38766586132988E-06	1209401.75	7.73812826082576E-06
300	155.372351607723	1.3006591796875		1.0791015625E-06	1.9036865234375E-06	8.24584960937501E-07	1.40354325139924E-06	1205316.875	7.79188485466875E-06
301	155.422351607596	1.30569458007813		1.08642578125E-06	1.9207763671875E-06	8.343505859375E-07	1.41870600600669E-06	1201966.375	7.84602343628649E-06
302	155.47235160747	1.31072998046875		1.0955810546875E-06	1.9378662109375E-06	8.4228515625E-07	1.4366796676768E-06	1196935.875	7.90057310950942E-06
303	155.522351607344	1.31576538085938		1.10443115234375E-06	1.95556640625E-06	8.5113525390625E-07	1.45266665185773E-06	1190936.75	7.95557389210444E-06
304	155.572351607218	1.32080078125		1.1138916015625E-06	1.973876953125E-06	8.599853515625E-07	1.47122887028672E-06	1185753.5	8.01103215053445E-06
305	155.622351607091	1.32583618164063		1.12335205078125E-06	1.993408203125E-06	8.7005615234375E-07	1.4898949984854E-06	1180657.5	8.06696334620938E-06
306	155.672351606965	1.33087158203125		1.1328125E-06	2.012939453125E-06	8.80126953125E-07	1.50762798512005E-06	1174838.375	8.12336747912923E-06
307	155.722351606839	1.33590698242188		1.1431884765625E-06	2.03277587890625E-06	8.8958740234375E-07	1.52701898059604E-06	1168446.375	8.18026728666155E-06
308	155.772351606713	1.3409423828125		1.1529541015625E-06	2.05352783203125E-06	9.0057373046875E-07	1.54639678839885E-06	1163314	8.23767095425865E-06
309	155.822351606586	1.34597778320313		1.16363525390625E-06	2.0751953125E-06	9.1156005859375E-07	1.56640476234315E-06	1156831.875	8.29558575787814E-06
310	155.87235160646	1.35101318359375		1.1737060546875E-06	2.09686279296875E-06	9.2315673828125E-07	1.58569230279682E-06	1151066.125	8.35401897347765E-06
311	155.922351606334	1.35604858398438		1.18499755859375E-06	2.12005615234375E-06	9.35058593749999E-07	1.60673334903549E-06	1144218.5	8.4129869719618E-06
312	155.972351606208	1.361083984375		1.19598388671875E-06	2.1441650390625E-06	9.48181152343749E-07	1.6274694871754E-06	1137790.25	8.47251067170873E-06
313	156.022351606081	1.36611938476563		1.20697021484375E-06	2.16949462890625E-06	9.625244140625E-07	1.6486811773575E-06	1131732	8.53258461575024E-06
314	156.072351605955	1.37115478515625		1.219482421875E-06	2.19635009765625E-06	9.76867675781249E-07	1.67284349572583E-06	1124874.875	8.59324609336909E-06
315	156.122351605829	1.37619018554688		1.23138427734375E-06	2.225341796875E-06	9.93957519531249E-07	1.6944309209066E-06	1117472.125	8.65451784193283E-06
316	156.172351605703	1.3812255859375		1.2445068359375E-06	2.25677490234375E-06	1.01226806640625E-06	1.71894464529032E-06	1109857.75	8.71641532285139E-06
317	156.222351605576	1.38626098632813		1.2579345703125E-06	2.28973388671875E-06	1.03179931640625E-06	1.74324975432683E-06	1101649.75	8.77897582540754E-06
318	156.27235160545	1.39129638671875		1.2725830078125E-06	2.325439453125E-06	1.0528564453125E-06	1.77054005234822E-06	1093285.375	8.84223936736817E-06
319	156.322351605324	1.39633178710938		1.28814697265625E-06	2.3651123046875E-06	1.07696533203125E-06	1.79848393599968E-06	1083866.5	8.90625778993126E-06
320	156.372351605198	1.4013671875		1.304931640625E-06	2.4078369140625E-06	1.1029052734375E-06	1.8286883687324E-06	1073900.875	8.97108475328423E-06
321	156.422351605072	1.40640258789063		1.3232421875E-06	2.45452880859375E-06	1.13128662109375E-06	1.86080922048859E-06	1062730.625	9.03678846952971E-06
322	156.472351604945	1.41143798828125		1.34246826171875E-06	2.5048828125E-06	1.16241455078125E-06	1.89440095255122E-06	1051148	9.10343169380212E-06
323	156.522351604819	1.41647338867188		1.363525390625E-06	2.5592041015625E-06	1.1956787109375E-06	1.93160553862981E-06	1038943.625	9.1710817287094E-06
324	156.572351604693	1.4215087890625		1.38641357421875E-06	2.61749267578125E-06	1.2310791015625E-06	1.97037593352434E-06	1025093.625	9.23982952372171E-06
325	156.622351604567	1.42654418945313		1.41021728515625E-06	2.6800537109375E-06	1.26983642578125E-06	2.01195234694751E-06	1011685.8125	9.3097451099311E-06
326	156.67235160444	1.43157958984375		1.4361572265625E-06	2.7471923828125E-06	1.31103515625E-06	2.05641163120163E-06	997025.125	9.38090488489252E-06
327	156.722351604314	1.43661499023438		1.46331787109375E-06	2.818603515625E-06	1.35528564453125E-06	2.10200118999637E-06	981647.5625	9.45339161262382E-06
328	156.772351604188	1.441650390625		1.4923095703125E-06	2.89459228515625E-06	1.40228271484375E-06	2.15093314182013E-06	965848.75	9.52728260017466E-06
329	156.822351604062	1.44668579101563		1.52252197265625E-06	2.9742431640625E-06	1.45172119140625E-06	2.20284323404485E-06	950290.625	9.60265333560528E-06
330	156.872351603935	1.45172119140625		1.55426025390625E-06	3.0584716796875E-06	1.50421142578125E-06	2.25682674681593E-06	934223.5	9.67957294051303E-06
331	156.922351603809	1.45675659179688		1.5875244140625E-06	3.14788818359375E-06	1.56036376953125E-06	2.31239437198383E-06	917531.75	9.75811781245284E-06
332	156.972351603683	1.4617919921875		1.62261962890625E-06	3.2427978515625E-06	1.62017822265625E-06	2.37193239627231E-06	900884	9.83837071544258E-06
333	157.022351603557	1.46682739257813		1.66046142578125E-06	3.34197998046875E-06	1.6815185546875E-06	2.43535691879515E-06	883293.5	9.92044806480408E-06
334	157.07235160343	1.47186279296875		1.700439453125E-06	3.44573974609375E-06	1.74530029296875E-06	2.50281345870462E-06	865577.9375	1.00044708233327E-05
335	157.122351603304	1.47689819335938		1.741943359375E-06	3.5528564453125E-06	1.8109130859375E-06	2.57240708378959E-06	847757.5625	1.00905299404985E-05
336	157.172351603178	1.48193359375		1.78680419921875E-06	3.66180419921875E-06	1.875E-06	2.64847039943561E-06	829547.375	1.01787491075811E-05
337	157.222351603052	1.48696899414063		1.83349609375E-06	3.77166748046875E-06	1.93817138671875E-06	2.72495299213915E-06	810585.875	1.02692565633333E-05
338	157.272351602925	1.49200439453125		1.88140869140625E-06	3.88092041015625E-06	1.99951171875E-06	2.80706990452018E-06	793025.1875	1.03621287053102E-05
339	157.322351602799	1.49703979492188		1.929931640625E-06	3.9886474609375E-06	2.0587158203125E-06	2.88888986688107E-06	775616.6875	1.04574128272361E-05
340	157.372351602673	1.5020751953125		1.97845458984375E-06	4.09271240234375E-06	2.1142578125E-06	2.97178735308989E-06	759216.4375	1.0555121662037E-05
