Potential - Start -0.205 V, Stop 1.505 V, Step 0.005 V; Modulation - Amplitude 0.05 V, Time 0.025 s, Interval time 0.05 s
Index	Base.Time (s)	Potential applied (V)	WE(1).Base.Potential (V)	WE(1).Base.Current (A)	WE(1).Pulse.Current (A)	WE(1).δ.Current (A)	WE(1).Base.Power (W)	WE(1).Base.Resistance (Ω)	WE(1).Base.Charge (C)
1	131.46619466808	-0.204925537109375		-6.0577392578125E-07	1.910400390625E-07	7.9681396484375E-07	1.24046110272502E-07	338035.28125	0
2	131.516194667954	-0.19989013671875		-8.23059082031249E-07	1.62658691406251E-07	9.857177734375E-07	1.64345564712676E-07	242602.90625	-3.57208236323459E-08
3	131.566194667827	-0.194854736328125		-8.18786621093751E-07	1.7364501953125E-07	9.92431640625001E-07	1.59444496716787E-07	237830.796875	-7.67669661172476E-08
4	131.616194667701	-0.1898193359375		-8.0108642578125E-07	1.90124511718751E-07	9.91210937500001E-07	1.51963902794705E-07	236800	-1.17263788013133E-07
5	131.666194667575	-0.184783935546875		-7.83691406250001E-07	2.0721435546875E-07	9.90905761718751E-07	1.44717915873116E-07	235630.84375	-1.56883231738902E-07
6	131.716194667449	-0.17974853515625		-7.66906738281251E-07	2.25219726562501E-07	9.92126464843751E-07	1.37709932346297E-07	234142.453125	-1.95648183876074E-07
7	131.766194667322	-0.174713134765625		-7.5042724609375E-07	2.43530273437501E-07	9.93957519531251E-07	1.31017884541507E-07	232655.5625	-2.33581531006166E-07
8	131.816194667196	-0.169677734375		-7.354736328125E-07	2.6214599609375E-07	9.9761962890625E-07	1.24681278634853E-07	230497.921875	-2.70729060503072E-07
9	131.86619466707	-0.164642333984375		-7.21435546875E-07	2.81982421875E-07	1.00341796875E-06	1.18690763883933E-07	228045.6875	-3.07151793776939E-07
10	131.916194666944	-0.15960693359375		-7.09228515625E-07	3.0181884765625E-07	1.01104736328125E-06	1.13176142235716E-07	225000	-3.42918383466895E-07
11	131.966194666817	-0.154571533203125		-6.9793701171875E-07	3.22875976562501E-07	1.02081298828125E-06	1.0783858783725E-07	221381.734375	-3.78097524844634E-07
12	132.016194666691	-0.1495361328125		-6.87561035156251E-07	3.460693359375E-07	1.03363037109375E-06	1.0271030248532E-07	217265.875	-4.12734976862339E-07
13	132.066194666565	-0.144500732421875		-6.78405761718751E-07	3.704833984375E-07	1.04888916015625E-06	9.79473142592724E-08	212820.515625	-4.4688414391203E-07
14	132.116194666439	-0.13946533203125		-6.7169189453125E-07	3.97644042968751E-07	1.0693359375E-06	9.35957302772294E-08	207451.171875	-4.80636572319781E-07
15	132.166194666312	-0.134429931640625		-6.6650390625E-07	4.28466796875E-07	1.094970703125E-06	8.94963676500993E-08	201465.21875	-5.14091482273216E-07
16	132.216194666186	-0.12939453125		-6.6192626953125E-07	4.62646484375E-07	1.12457275390625E-06	8.5568835572758E-08	195297.375	-5.47302249742643E-07
17	132.26619466606	-0.124359130859375		-6.60400390625E-07	5.023193359375E-07	1.1627197265625E-06	8.20865082573619E-08	188216.28125	-5.80360392632429E-07
18	132.316194665934	-0.11932373046875		-6.6131591796875E-07	5.474853515625E-07	1.20880126953125E-06	7.88703147236447E-08	180341.5	-6.1340330148596E-07
19	132.366194665807	-0.114288330078125		-6.640625E-07	5.99365234375E-07	1.263427734375E-06	7.57932667738714E-08	171875	-6.46537785087276E-07
20	132.416194665681	-0.1092529296875		-6.70471191406249E-07	6.59790039062499E-07	1.33026123046875E-06	7.31690974475896E-08	162767.40625	-6.79901120292925E-07
21	132.466194665555	-0.104217529296875		-6.7962646484375E-07	7.2906494140625E-07	1.40869140625E-06	7.07667666688394E-08	153210.59375	-7.13653548700677E-07
22	132.516194665429	-0.09918212890625		-6.9244384765625E-07	8.0841064453125E-07	1.5008544921875E-06	6.8593529078953E-08	143058.609375	-7.47955311908299E-07
23	132.566194665303	-0.094146728515625		-7.122802734375E-07	9.0179443359375E-07	1.61407470703125E-06	6.69936426334061E-08	132047.984375	-7.83073403454182E-07
24	132.616194665176	-0.089111328125		-7.354736328125E-07	1.01043701171875E-06	1.74591064453125E-06	6.54941416655674E-08	121078.8359375	-8.19267256702005E-07
25	132.66619466505	-0.084075927734375		-7.6446533203125E-07	1.13677978515625E-06	1.9012451171875E-06	6.42498036995676E-08	109940.125	-8.56765723256103E-07
26	132.716194664924	-0.07904052734375		-7.9925537109375E-07	1.280517578125E-06	2.07977294921875E-06	6.31491730018752E-08	98854.5234375	-8.95858761396084E-07
27	132.766194664798	-0.074005126953125		-8.404541015625E-07	1.44378662109375E-06	2.28424072265625E-06	6.21209679252388E-08	87944.8046875	-9.36851506594394E-07
28	132.816194664671	-0.0689697265625		-8.88977050781251E-07	1.62811279296875E-06	2.51708984375E-06	6.12853696679849E-08	77548.921875	-9.80087293100951E-07
29	132.866194664545	-0.063934326171875		-9.4512939453125E-07	1.83441162109375E-06	2.779541015625E-06	6.03973688839687E-08	67613.8203125	-1.02593992323818E-06
30	132.916194664419	-0.05889892578125		-1.00799560546875E-06	2.061767578125E-06	3.06976318359375E-06	5.93083342437239E-08	58371.1796875	-1.0747680789791E-06
31	132.966194664293	-0.053863525390625		-1.0784912109375E-06	2.3095703125E-06	3.3880615234375E-06	5.79596886041145E-08	49830.22265625	-1.12693021492305E-06
32	133.016194664166	-0.048828125		-1.15142822265625E-06	2.57659912109375E-06	3.72802734375E-06	5.60534090254805E-08	42279.35546875	-1.18267814741557E-06
33	133.06619466404	-0.043792724609375		-1.2353515625E-06	2.85888671875E-06	4.09423828125E-06	5.39222213546964E-08	35333.5	-1.2423477073753E-06
34	133.116194663914	-0.03875732421875		-1.31866455078125E-06	3.15216064453125E-06	4.4708251953125E-06	5.09348652144581E-08	29291.830078125	-1.30619810079224E-06
35	133.166194663788	-0.033721923828125		-1.4019775390625E-06	3.45184326171875E-06	4.85382080078125E-06	4.71019632186653E-08	23963.865234375	-1.37421409363014E-06
36	133.216194663661	-0.0286865234375		-1.48162841796875E-06	3.7518310546875E-06	5.23345947265625E-06	4.23173851515912E-08	19277.03515625	-1.44630428167147E-06
37	133.266194663535	-0.023651123046875		-1.553955078125E-06	4.04541015625E-06	5.599365234375E-06	3.65298937765601E-08	15127.6513671875	-1.52219388382946E-06
38	133.316194663409	-0.01861572265625		-1.612548828125E-06	4.3212890625E-06	5.933837890625E-06	2.98120745867436E-08	11464.7998046875	-1.60135641635861E-06
39	133.366194663283	-0.013580322265625		-1.65557861328125E-06	4.57763671875E-06	6.23321533203125E-06	2.22912994729541E-08	8132.71923828125	-1.68305962233717E-06
40	133.416194663156	-0.008544921875		-1.67755126953125E-06	4.8065185546875E-06	6.48406982421875E-06	1.41604825643071E-08	5031.83544921875	-1.76638786797412E-06
41	133.46619466303	-0.003509521484375		-1.6741943359375E-06	4.998779296875E-06	6.6729736328125E-06	5.71723468567598E-09	2039.73754882813	-1.8501815475247E-06
42	133.516194662904	0.00152587890625		-1.6436767578125E-06	5.1544189453125E-06	6.798095703125E-06	-2.62843813381153E-09	-972.892761230469	-1.93312826013425E-06
43	133.566194662778	0.006561279296875		-1.578369140625E-06	5.26123046875E-06	6.839599609375E-06	-1.0490990298706E-08	-4211.13720703125	-2.01367947738618E-06
44	133.616194662652	0.0115966796875		-1.49078369140625E-06	5.3131103515625E-06	6.80389404296875E-06	-1.74382748241442E-08	-7846.46875	-2.09040831578022E-06
45	133.666194662525	0.016632080078125		-1.37725830078125E-06	5.316162109375E-06	6.69342041015625E-06	-2.30621832741917E-08	-12158.2099609375	-2.16210924008919E-06
46	133.716194662399	0.02166748046875		-1.2396240234375E-06	5.267333984375E-06	6.5069580078125E-06	-2.69427555821267E-08	-17533.236328125	-2.22753146772448E-06
47	133.766194662273	0.026702880859375		-1.0809326171875E-06	5.1727294921875E-06	6.253662109375E-06	-2.89398869313118E-08	-24768.4921875	-2.28554540626646E-06
48	133.816194662147	0.03173828125		-9.075927734375E-07	5.04150390625E-06	5.9490966796875E-06	-2.88774479884069E-08	-35057.16015625	-2.33525838666537E-06
49	133.86619466202	0.036773681640625		-7.22351074218749E-07	4.876708984375E-06	5.59906005859375E-06	-2.66142112792522E-08	-51005.49609375	-2.37600693253626E-06
50	133.916194661894	0.04180908203125		-5.291748046875E-07	4.6844482421875E-06	5.213623046875E-06	-2.21662990185223E-08	-79158.0234375	-2.40729514189297E-06
51	133.966194661768	0.046844482421875		-3.35693359375E-07	4.47998046875E-06	4.815673828125E-06	-1.57591895089126E-08	-139845.453125	-2.4289167868119E-06
52	134.016194661642	0.0518798828125		-1.48925781250001E-07	4.266357421875E-06	4.415283203125E-06	-7.73534125642072E-09	-348770.5	-2.44103239310789E-06
53	134.066194661515	0.056915283203125		3.54003906249997E-08	4.0533447265625E-06	4.0179443359375E-06	2.01482319717172E-09	1607758.625	-2.44387047132477E-06
54	134.116194661389	0.06195068359375		2.06298828125E-07	3.84307861328125E-06	3.63677978515625E-06	1.27929444815322E-08	300591.71875	-2.43782801589987E-06
55	134.166194661263	0.066986083984375		3.619384765625E-07	3.64105224609375E-06	3.27911376953125E-06	2.42669315753119E-08	185244.515625	-2.42362216340553E-06
56	134.216194661137	0.072021484375		5.01403808593751E-07	3.4515380859375E-06	2.95013427734375E-06	3.61118459579757E-08	143639.6875	-2.4020384898904E-06
57	134.26619466101	0.077056884765625		6.23168945312499E-07	3.27423095703125E-06	2.65106201171875E-06	4.80384763079655E-08	123702.25	-2.3739241896692E-06
58	134.316194660884	0.08209228515625		7.2906494140625E-07	3.11004638671875E-06	2.3809814453125E-06	5.9872853341858E-08	112641.2734375	-2.3401182716043E-06
59	134.366194660758	0.087127685546875		8.16650390625E-07	2.95989990234375E-06	2.14324951171875E-06	7.12276246872534E-08	106801.203125	-2.30147543334169E-06
60	134.416194660632	0.0921630859375		8.8836669921875E-07	2.82440185546875E-06	1.93603515625E-06	8.19288388242967E-08	103813.125	-2.2588501451537E-06
61	134.466194660505	0.097198486328125		9.46655273437499E-07	2.701416015625E-06	1.7547607421875E-06	9.20712324159467E-08	102740.171875	-2.21297455027525E-06
62	134.516194660379	0.10223388671875		9.9212646484375E-07	2.59063720703125E-06	1.5985107421875E-06	1.0142893813736E-07	103045.2265625	-2.16450484913366E-06
63	134.566194660253	0.107269287109375		1.02569580078125E-06	2.49114990234375E-06	1.4654541015625E-06	1.10119550811305E-07	104671.234375	-2.11405949812615E-06
64	134.616194660127	0.1123046875		1.0504150390625E-06	2.40203857421875E-06	1.35162353515625E-06	1.18030641260702E-07	106972.6953125	-2.06215668185905E-06
65	134.666194660001	0.117340087890625		1.068115234375E-06	2.32147216796875E-06	1.25335693359375E-06	1.2530013293599E-07	109828.5703125	-2.00919339476968E-06
66	134.716194659874	0.12237548828125		1.07818603515625E-06	2.249755859375E-06	1.17156982421875E-06	1.31976435113756E-07	113529.5859375	-1.95553593584918E-06
67	134.766194659748	0.127410888671875		1.0833740234375E-06	2.18536376953125E-06	1.10198974609375E-06	1.38066695853922E-07	117633.8125	-1.90149683021446E-06
68	134.816194659622	0.1324462890625		1.08489990234375E-06	2.12677001953125E-06	1.0418701171875E-06	1.43724065537754E-07	122109.7109375	-1.84729003649409E-06
69	134.866194659496	0.137481689453125		1.08306884765625E-06	2.073974609375E-06	9.9090576171875E-07	1.48968240409886E-07	126993.5234375	-1.79309074610501E-06
70	134.916194659369	0.14251708984375		1.0784912109375E-06	2.02667236328125E-06	9.4818115234375E-07	1.53703425098684E-07	132144.875	-1.73905175415712E-06
71	134.966194659243	0.147552490234375		1.07208251953125E-06	1.98394775390625E-06	9.11865234374999E-07	1.58286582063738E-07	137717.0625	-1.68528742960916E-06
72	135.016194659117	0.152587890625		1.064453125E-06	1.9439697265625E-06	8.795166015625E-07	1.62455123131622E-07	143377.296875	-1.63187405632925E-06
73	135.066194658991	0.157623291015625		1.05560302734375E-06	1.907958984375E-06	8.52355957031249E-07	1.6645203970711E-07	149378.4375	-1.57887268414925E-06
74	135.116194658864	0.16265869140625		1.04644775390625E-06	1.875E-06	8.2855224609375E-07	1.70213823480481E-07	155438.90625	-1.52632139815978E-06
75	135.166194658738	0.167694091796875		1.0369873046875E-06	1.8450927734375E-06	8.08105468749999E-07	1.73928299318504E-07	161742.203125	-1.47423554608395E-06
76	135.216194658612	0.1727294921875		1.026611328125E-06	1.8170166015625E-06	7.904052734375E-07	1.77357392772137E-07	168281.796875	-1.42264559599425E-06
77	135.266194658486	0.177764892578125		1.01654052734375E-06	1.790771484375E-06	7.74230957031251E-07	1.80736236643497E-07	174902.4375	-1.37156678192696E-06
78	135.316194658359	0.18280029296875		1.0064697265625E-06	1.7669677734375E-06	7.60498046874999E-07	1.8401367185561E-07	181655.5625	-1.32099148686393E-06
79	135.366194658233	0.187835693359375		9.9639892578125E-07	1.74468994140625E-06	7.48291015625E-07	1.87220081215855E-07	188575.8125	-1.27091982449201E-06
80	135.416194658107	0.19287109375		9.86328124999999E-07	1.7236328125E-06	7.37304687500001E-07	1.90204090699808E-07	195513.609375	-1.22135156743752E-06
81	135.466194657981	0.197906494140625		9.771728515625E-07	1.70440673828125E-06	7.27233886718751E-07	1.93448485674708E-07	202592.140625	-1.17226409201976E-06
82	135.516194657854	0.20294189453125		9.6771240234375E-07	1.685791015625E-06	7.1807861328125E-07	1.96359849269356E-07	209681.5	-1.12364193682879E-06
83	135.566194657728	0.207977294921875		9.59167480468751E-07	1.66900634765625E-06	7.098388671875E-07	1.99485043594905E-07	216831.0625	-1.0754699815152E-06
84	135.616194657602	0.2130126953125		9.4970703125E-07	1.65252685546875E-06	7.02819824218751E-07	2.02328621412562E-07	224325.203125	-1.02774811239215E-06
85	135.666194657476	0.218048095703125		9.41162109375E-07	1.636962890625E-06	6.9580078125E-07	2.05218611881719E-07	231679.640625	-9.80476329459634E-07
86	135.71619465735	0.22308349609375		9.33227539062501E-07	1.622314453125E-06	6.89086914062499E-07	2.08244614441355E-07	239110.53125	-9.33616604470444E-07
87	135.766194657223	0.228118896484375		9.2498779296875E-07	1.6082763671875E-06	6.8328857421875E-07	2.10978967629671E-07	246585.296875	-8.8716126356303E-07
88	135.816194657097	0.233154296875		9.17968750000001E-07	1.59576416015625E-06	6.7779541015625E-07	2.1400033745067E-07	253956.125	-8.41087341996172E-07
89	135.866194656971	0.238189697265625		9.1064453125E-07	1.58355712890625E-06	6.7291259765625E-07	2.16933941032948E-07	261595.171875	-7.95371988715488E-07
90	135.916194656845	0.24322509765625		9.0362548828125E-07	1.5716552734375E-06	6.6802978515625E-07	2.19811965962435E-07	269199.59375	-7.50015260564396E-07
91	135.966194656718	0.248260498046875		8.97216796875E-07	1.56097412109375E-06	6.6375732421875E-07	2.2274348054907E-07	276700.6875	-7.04994192801678E-07
92	136.016194656592	0.2532958984375		8.9080810546875E-07	1.55059814453125E-06	6.59790039062499E-07	2.25665232278516E-07	284378.21875	-6.60293551391078E-07
93	136.066194656466	0.258331298828125		8.85009765625E-07	1.54052734375E-06	6.55517578125001E-07	2.2862570858706E-07	291896.5625	-6.15898159139761E-07
94	136.11619465634	0.26336669921875		8.78295898437501E-07	1.5313720703125E-06	6.53076171875E-07	2.31340678169545E-07	299895.78125	-5.71815462535596E-07
95	136.166194656213	0.268402099609375		8.7249755859375E-07	1.52313232421875E-06	6.50634765625E-07	2.34180177471899E-07	307625.0625	-5.28045632108842E-07
96	136.216194656087	0.2734375		8.6700439453125E-07	1.514892578125E-06	6.47888183593751E-07	2.37071503761399E-07	315381.90625	-4.84558086100151E-07
97	136.266194655961	0.278472900390625		8.6181640625E-07	1.50726318359375E-06	6.4544677734375E-07	2.40018806607623E-07	323158.65625	-4.41337590473267E-07
98	136.316194655835	0.28350830078125		8.563232421875E-07	1.4996337890625E-06	6.43310546875001E-07	2.42748598111575E-07	331040.65625	-3.98384088384773E-07
99	136.366194655708	0.288543701171875		8.5113525390625E-07	1.49322509765625E-06	6.4208984375E-07	2.45563740008947E-07	338974.5625	-3.55697636678087E-07
100	136.416194655582	0.2935791015625		8.46252441406251E-07	1.48681640625E-06	6.40563964843749E-07	2.48390364276929E-07	346844.59375	-3.13262944473536E-07
101	136.466194655456	0.298614501953125		8.41369628906249E-07	1.48101806640625E-06	6.39648437500001E-07	2.51219489655341E-07	354878.5	-2.71072394752991E-07
102	136.51619465533	0.30364990234375		8.36791992187499E-07	1.47674560546875E-06	6.39953613281251E-07	2.54091787610378E-07	362873.8125	-2.29118356287472E-07
103	136.566194655204	0.308685302734375		8.319091796875E-07	1.4715576171875E-06	6.396484375E-07	2.56772750617529E-07	371019.8125	-1.87400829076978E-07
104	136.616194655077	0.313720703125		8.2763671875E-07	1.46697998046875E-06	6.3934326171875E-07	2.59646782296841E-07	379056.0625	-1.45912181892527E-07
105	136.666194654951	0.318756103515625		8.23059082031249E-07	1.46270751953125E-06	6.39648437500001E-07	2.62355086988464E-07	387282.1875	-1.04644790610564E-07
106	136.716194654825	0.32379150390625		8.18786621093751E-07	1.45965576171875E-06	6.40869140625E-07	2.6511614237279E-07	395452.875	-6.35986481256623E-08
107	136.766194654699	0.328826904296875		8.1451416015625E-07	1.456298828125E-06	6.41784667968749E-07	2.67883876858832E-07	403784.21875	-2.27661303142668E-08
108	136.816194654572	0.3338623046875		8.099365234375E-07	1.45416259765625E-06	6.4422607421875E-07	2.70382543021697E-07	412170.3125	1.78451351473541E-08
109	136.866194654446	0.338897705078125		8.0596923828125E-07	1.45233154296875E-06	6.46362304687501E-07	2.7316571049596E-07	420522.5625	5.82427794881824E-08
110	136.91619465432	0.34393310546875		8.013916015625E-07	1.4508056640625E-06	6.49414062500001E-07	2.75625097856391E-07	429169.84375	9.84267956027907E-08
111	136.966194654194	0.348968505859375		7.97424316406251E-07	1.4495849609375E-06	6.52160644531249E-07	2.78251633289983E-07	437581.3125	1.38397197702034E-07
112	137.016194654067	0.35400390625		7.9345703125E-07	1.4483642578125E-06	6.549072265625E-07	2.80911081063095E-07	446192.34375	1.78169230480307E-07
113	137.066194653941	0.359039306640625		7.89489746093749E-07	1.44805908203125E-06	6.585693359375E-07	2.83409661960832E-07	454696.5625	2.17742893937611E-07
114	137.116194653815	0.36407470703125		7.8643798828125E-07	1.44805908203125E-06	6.6162109375E-07	2.86322176634712E-07	462941.40625	2.57141095971747E-07
115	137.166194653689	0.369110107421875		7.82165527343751E-07	1.4471435546875E-06	6.64978027343749E-07	2.88681320625983E-07	471868.90625	2.96356176932022E-07
116	137.216194653562	0.3741455078125		7.79113769531251E-07	1.44744873046875E-06	6.683349609375E-07	2.91478130520773E-07	480180.1875	3.35388165240147E-07
117	137.266194653436	0.379180908203125		7.757568359375E-07	1.44775390625E-06	6.71997070312501E-07	2.94175833914778E-07	488827.71875	3.74259911950503E-07
118	137.31619465331	0.38421630859375		7.7239990234375E-07	1.44744873046875E-06	6.75048828125001E-07	2.96768632779276E-07	497431.875	4.12963828466673E-07
119	137.366194653184	0.389251708984375		7.69653320312499E-07	1.44744873046875E-06	6.77795410156251E-07	2.99565385830647E-07	505709.78125	4.5151517724662E-07
120	137.416194653057	0.394287109375		7.66601562499999E-07	1.4483642578125E-06	6.817626953125E-07	3.02284490771854E-07	514371.03125	4.89921546886762E-07
121	137.466194652931	0.399322509765625		7.6446533203125E-07	1.448974609375E-06	6.84509277343751E-07	3.05221561802682E-07	522275.46875	5.28198199845065E-07
122	137.516194652805	0.40435791015625		7.62329101562501E-07	1.44927978515625E-06	6.8695068359375E-07	3.08253788716684E-07	530424.375	5.66368044019327E-07
123	137.566194652679	0.409393310546875		7.6019287109375E-07	1.44989013671875E-06	6.89697265625E-07	3.11194668256576E-07	538498.625	6.0443113625297E-07
124	137.616194652553	0.4144287109375		7.586669921875E-07	1.4508056640625E-06	6.92138671875001E-07	3.14436533699336E-07	546299.25	6.42402596895408E-07
125	137.666194652426	0.419464111328125		7.5714111328125E-07	1.4520263671875E-06	6.94885253906251E-07	3.17616610345794E-07	554050.8125	6.80297830513155E-07
126	137.7161946523	0.42449951171875		7.55615234375E-07	1.4532470703125E-06	6.976318359375E-07	3.20781339269161E-07	561833.625	7.18116723419371E-07
127	137.766194652174	0.429534912109375		7.5347900390625E-07	1.45477294921875E-06	7.01293945312499E-07	3.236455086153E-07	570068.875	7.55844098421221E-07
128	137.816194652048	0.4345703125		7.51647949218751E-07	1.45660400390625E-06	7.049560546875E-07	3.2659798421264E-07	578075.5625	7.9347222481374E-07
129	137.866194651921	0.439605712890625		7.4951171875E-07	1.45965576171875E-06	7.10144042968751E-07	3.29489608930089E-07	586522.8125	8.31001216283767E-07
130	137.916194651795	0.44464111328125		7.4798583984375E-07	1.46240234375E-06	7.1441650390625E-07	3.3258524467783E-07	594451.25	8.68438689849427E-07
131	137.966194651669	0.449676513671875		7.45544433593751E-07	1.46636962890625E-06	7.208251953125E-07	3.35208312662871E-07	603070	9.05776914805756E-07
132	138.016194651543	0.4547119140625		7.43408203125E-07	1.4703369140625E-06	7.26928710937501E-07	3.38036556968291E-07	611658.5	9.43000770803337E-07
133	138.066194651416	0.459747314453125		7.40966796875001E-07	1.4752197265625E-06	7.342529296875E-07	3.40680088584122E-07	620510.75	9.80110144155333E-07
134	138.11619465129	0.46478271484375		7.37915039062501E-07	1.4813232421875E-06	7.43408203125E-07	3.42947629405899E-07	629818.0625	1.01708212696394E-06
135	138.166194651164	0.469818115234375		7.354736328125E-07	1.48773193359375E-06	7.5225830078125E-07	3.45516383504219E-07	638755.1875	1.05391688975942E-06
136	138.216194651038	0.474853515625		7.3272705078125E-07	1.495361328125E-06	7.6263427734375E-07	3.47937998412817E-07	648063.3125	1.09062193587306E-06
137	138.266194650911	0.479888916015625		7.2967529296875E-07	1.5032958984375E-06	7.7362060546875E-07	3.50140794580511E-07	657632.8125	1.12718191758177E-06
138	138.316194650785	0.48492431640625		7.26318359375E-07	1.5130615234375E-06	7.86743164062501E-07	3.52209411857984E-07	667647.125	1.16358182822296E-06
139	138.366194650659	0.489959716796875		7.22656250000001E-07	1.52374267578125E-06	8.0108642578125E-07	3.54028344418111E-07	677913.875	1.19980620638671E-06
140	138.416194650533	0.4949951171875		7.18994140625E-07	1.53564453125E-06	8.16650390625E-07	3.5589857816376E-07	688455.0625	1.23584743505489E-06
141	138.466194650406	0.500030517578125		7.14721679687499E-07	1.55029296875E-06	8.35571289062501E-07	3.57360818270536E-07	699573.0625	1.27169028019125E-06
142	138.51619465028	0.50506591796875		7.09228515625E-07	1.566162109375E-06	8.56933593749999E-07	3.58142216327906E-07	712005.1875	1.30728903968702E-06
143	138.566194650154	0.510101318359375		7.0343017578125E-07	1.58477783203125E-06	8.81347656250001E-07	3.5877769732906E-07	725075.9375	1.34260551476473E-06
144	138.616194650028	0.51513671875		6.976318359375E-07	1.6058349609375E-06	9.08203125E-07	3.59375775360604E-07	738407.6875	1.37763208840624E-06
145	138.666194649902	0.520172119140625		6.903076171875E-07	1.630859375E-06	9.40551757812501E-07	3.59078768497056E-07	753536.6875	1.4123305618341E-06
146	138.716194649775	0.52520751953125		6.8084716796875E-07	1.66046142578125E-06	9.796142578125E-07	3.57523731508991E-07	771268.5	1.44660941714392E-06
147	138.766194649649	0.530242919921875		6.7169189453125E-07	1.6949462890625E-06	1.02325439453125E-06	3.56139338464345E-07	789368.5	1.48042295222695E-06
148	138.816194649523	0.5352783203125		6.59790039062499E-07	1.734619140625E-06	1.0748291015625E-06	3.53151165199961E-07	811239.625	1.51371000356448E-06
149	138.866194649397	0.540313720703125		6.45751953125E-07	1.78253173828125E-06	1.13677978515625E-06	3.48869207300595E-07	836625.75	1.54634847149282E-06
150	138.91619464927	0.54534912109375		6.2896728515625E-07	1.83868408203125E-06	1.209716796875E-06	3.43006746561514E-07	867054.875	1.57821648372192E-06
151	138.966194649144	0.550384521484375		6.085205078125E-07	1.90521240234375E-06	1.29669189453125E-06	3.34901699261536E-07	904413.25	1.60915362812375E-06
152	139.016194649018	0.555419921875		5.8441162109375E-07	1.98333740234375E-06	1.39892578125E-06	3.24504696891381E-07	950130.5625	1.63897698257642E-06
153	139.066194648892	0.560455322265625		5.5511474609375E-07	2.07550048828125E-06	1.5203857421875E-06	3.11100080807591E-07	1009565.6875	1.66746508512006E-06
154	139.116194648765	0.56549072265625		5.19714355468751E-07	2.18292236328125E-06	1.6632080078125E-06	2.93893634761844E-07	1088079.875	1.69433587871026E-06
155	139.166194648639	0.570526123046875		4.78515625000001E-07	2.3065185546875E-06	1.8280029296875E-06	2.73034885367451E-07	1192410.75	1.71929161751905E-06
156	139.216194648513	0.5755615234375		4.3060302734375E-07	2.44873046875E-06	2.01812744140625E-06	2.47825397536872E-07	1336569.875	1.74201954905584E-06
157	139.266194648387	0.580596923828125		3.7811279296875E-07	2.6092529296875E-06	2.23114013671875E-06	2.1951957762667E-07	1535431.875	1.76223750258941E-06
158	139.31619464826	0.58563232421875		3.21044921874999E-07	2.78961181640625E-06	2.46856689453125E-06	1.88004491974425E-07	1824049.375	1.77971639914176E-06
159	139.366194648134	0.590667724609375		2.606201171875E-07	2.99041748046875E-06	2.72979736328125E-06	1.53931935642504E-07	2266276.5	1.79425808255473E-06
160	139.416194648008	0.595703125		1.94702148437501E-07	3.2122802734375E-06	3.017578125E-06	1.15984676085645E-07	3059561.25	1.80564109086845E-06
161	139.466194647882	0.600738525390625		1.2359619140625E-07	3.4539794921875E-06	3.33038330078125E-06	7.42414485443987E-08	4860000	1.81359860107477E-06
162	139.516194647755	0.60577392578125		4.79125976562494E-08	3.7164306640625E-06	3.66851806640625E-06	2.90212778253363E-08	12642039	1.81788630015944E-06
163	139.566194647629	0.610809326171875		-3.26538085937494E-08	3.99566650390625E-06	4.0283203125E-06	-1.99452507843034E-08	-18705608	1.8182677195E-06
164	139.616194647503	0.6158447265625		-1.16577148437499E-07	4.29168701171875E-06	4.40826416015625E-06	-7.17934227623118E-08	-5282722.5	1.81453697223333E-06
165	139.666194647377	0.620880126953125		-2.00500488281249E-07	4.595947265625E-06	4.79644775390625E-06	-1.24480649787984E-07	-3096499.25	1.80661004378635E-06
166	139.716194647251	0.62591552734375		-2.81372070312499E-07	4.9041748046875E-06	5.185546875E-06	-1.76072205704259E-07	-2223969.75	1.79456321802718E-06
167	139.766194647124	0.630950927734375		-3.55224609375E-07	5.2093505859375E-06	5.5645751953125E-06	-2.24075094479304E-07	-1775773.125	1.77864831130137E-06
168	139.816194646998	0.635986328125		-4.19006347656251E-07	5.5084228515625E-06	5.92742919921875E-06	-2.66456737563203E-07	-1517698.5	1.75929255874507E-06
169	139.866194646872	0.641021728515625		-4.67834472656251E-07	5.7891845703125E-06	6.25701904296875E-06	-2.99863501140862E-07	-1370058.75	1.73712146533944E-06
170	139.916194646746	0.64605712890625		-4.98046875E-07	6.048583984375E-06	6.546630859375E-06	-3.21690720284096E-07	-1296875	1.71297449469421E-06
171	139.966194646619	0.651092529296875		-5.05981445312501E-07	6.2744140625E-06	6.7803955078125E-06	-3.29363501805346E-07	-1286489.875	1.68787380516733E-06
172	140.016194646493	0.6561279296875		-4.88891601562499E-07	6.4666748046875E-06	6.95556640625E-06	-3.20715741963795E-07	-1341822.75	1.66300196724478E-06
173	140.066194646367	0.661163330078125		-4.4586181640625E-07	6.6162109375E-06	7.06207275390625E-06	-2.94733069949871E-07	-1482614.625	1.63963306931691E-06
174	140.116194646241	0.66619873046875		-3.7384033203125E-07	6.7138671875E-06	7.08770751953125E-06	-2.48972099825551E-07	-1781469.375	1.61914056207024E-06
175	140.166194646114	0.671234130859375		-2.7618408203125E-07	6.7596435546875E-06	7.03582763671875E-06	-1.85358885573805E-07	-2430055.5	1.60288993811264E-06
176	140.216194645988	0.67626953125		-1.5289306640625E-07	6.756591796875E-06	6.90948486328125E-06	-1.03378255289499E-07	-4422355.5	1.59216301653942E-06
177	140.266194645862	0.681304931640625		-7.32421875000028E-09	6.70166015625E-06	6.708984375E-06	-4.98935559534175E-09	-93008336	1.58815760187281E-06
178	140.316194645736	0.68634033203125		1.59301757812499E-07	6.6009521484375E-06	6.441650390625E-06	1.09310910545446E-07	4307471.5	1.59195701598946E-06
179	140.366194645609	0.691375732421875		3.39355468749999E-07	6.45751953125E-06	6.1181640625E-06	2.34570350698959E-07	2036870.5	1.60442345986667E-06
180	140.416194645483	0.6964111328125		5.291748046875E-07	6.280517578125E-06	5.7513427734375E-06	3.68458614730116E-07	1315801.75	1.62613673637679E-06
181	140.466194645357	0.701446533203125		7.25402832031249E-07	6.0760498046875E-06	5.35064697265625E-06	5.08698462908797E-07	966722.8125	1.65750111591478E-06
182	140.516194645231	0.70648193359375		9.185791015625E-07	5.8563232421875E-06	4.937744140625E-06	6.48875413844507E-07	769003.3125	1.69860072674055E-06
183	140.566194645104	0.711517333984375		1.11114501953125E-06	5.6304931640625E-06	4.51934814453125E-06	7.90463332123181E-07	640236.1875	1.74934382357606E-06
184	140.616194644978	0.716552734375		1.29547119140625E-06	5.40771484375E-06	4.11224365234375E-06	9.28115298393095E-07	553027.125	1.80950917183509E-06
185	140.666194644852	0.721588134765625		1.4666748046875E-06	5.18798828125E-06	3.7213134765625E-06	1.0580665730231E-06	491864.34375	1.87856289812771E-06
186	140.716194644726	0.72662353515625		1.62322998046875E-06	4.9774169921875E-06	3.35418701171875E-06	1.17922945719329E-06	447546.53125	1.95581037587544E-06
187	140.7661946446	0.731658935546875		1.7633056640625E-06	4.7760009765625E-06	3.0126953125E-06	1.28992303416453E-06	414866.75	2.04047387342143E-06
188	140.816194644473	0.7366943359375		1.8829345703125E-06	4.5928955078125E-06	2.7099609375E-06	1.38691734719032E-06	391183.15625	2.13162979889603E-06
189	140.866194644347	0.741729736328125		1.9854736328125E-06	4.42169189453125E-06	2.43621826171875E-06	1.47226057833905E-06	373470.65625	2.22834000851435E-06
190	140.916194644221	0.74676513671875		2.07122802734375E-06	4.2657470703125E-06	2.19451904296875E-06	1.54653116624104E-06	360498.03125	2.32975753533537E-06
191	140.966194644095	0.751800537109375		2.14080810546875E-06	4.1253662109375E-06	1.98455810546875E-06	1.60913396030082E-06	351104.8125	2.43505860453297E-06
192	141.016194643968	0.7568359375		2.19085693359375E-06	3.997802734375E-06	1.80694580078125E-06	1.65811911756464E-06	345452.03125	2.54335009230999E-06
193	141.066194643842	0.761871337890625		2.23052978515625E-06	3.8836669921875E-06	1.65313720703125E-06	1.70039766089758E-06	341770.4375	2.65388484876894E-06
194	141.116194643716	0.76690673828125		2.25738525390625E-06	3.7823486328125E-06	1.52496337890625E-06	1.72982606727601E-06	339461.96875	2.76608261629008E-06
195	141.16619464359	0.771942138671875		2.27508544921875E-06	3.692626953125E-06	1.41754150390625E-06	1.75588706952112E-06	339235.4375	2.87939451482089E-06
196	141.216194643463	0.7769775390625		2.2845458984375E-06	3.61236572265625E-06	1.32781982421875E-06	1.77504080056679E-06	340101.53125	2.9933851237729E-06
197	141.266194643337	0.782012939453125		2.28790283203125E-06	3.54156494140625E-06	1.253662109375E-06	1.79021697022108E-06	342003.46875	3.10769632960728E-06
198	141.316194643211	0.78704833984375		2.2857666015625E-06	3.47930908203125E-06	1.19354248046875E-06	1.79831124569318E-06	344192.25	3.22203823088785E-06
199	141.366194643085	0.792083740234375		2.279052734375E-06	3.42376708984375E-06	1.14471435546875E-06	1.80624385848205E-06	347750.40625	3.33615867020853E-06
200	141.416194642958	0.797119140625		2.2686767578125E-06	3.37493896484375E-06	1.10626220703125E-06	1.80909808022989E-06	351493.125	3.44985187439306E-06
201	141.466194642832	0.802154541015625		2.2564697265625E-06	3.33251953125E-06	1.0760498046875E-06	1.81038183200144E-06	355558.5625	3.56298050974146E-06
202	141.516194642706	0.80718994140625		2.24273681640625E-06	3.2952880859375E-06	1.05255126953125E-06	1.81099903784343E-06	360048.96875	3.6754606753675E-06
203	141.56619464258	0.812225341796875		2.2271728515625E-06	3.26324462890625E-06	1.03607177734375E-06	1.80930612714292E-06	364757.46875	3.78720847038494E-06
204	141.616194642453	0.8172607421875		2.21099853515625E-06	3.23486328125E-06	1.02386474609375E-06	1.80763697699149E-06	369772.28125	3.8981625039014E-06
205	141.666194642327	0.822296142578125		2.19390869140625E-06	3.2110595703125E-06	1.01715087890625E-06	1.80437734798033E-06	374878.3125	4.00828548663412E-06
206	141.716194642201	0.82733154296875		2.17620849609375E-06	3.19183349609375E-06	1.015625E-06	1.80110998826422E-06	380311.3125	4.1175385376846E-06
207	141.766194642075	0.832366943359375		2.15789794921875E-06	3.17626953125E-06	1.01837158203125E-06	1.79517496690096E-06	385518.34375	4.22589118898031E-06
208	141.816194641949	0.83740234375		2.139892578125E-06	3.16558837890625E-06	1.02569580078125E-06	1.79195103555685E-06	391329.15625	4.33333570981631E-06
209	141.866194641822	0.842437744140625		2.12127685546875E-06	3.1597900390625E-06	1.03851318359375E-06	1.78736729594675E-06	397209.03125	4.43986482423497E-06
210	141.916194641696	0.84747314453125		2.10205078125E-06	3.1585693359375E-06	1.0565185546875E-06	1.7807900576372E-06	403019.75	4.54544806416379E-06
211	141.96619464157	0.852508544921875		2.0819091796875E-06	3.16375732421875E-06	1.08184814453125E-06	1.77516301391734E-06	409557.34375	4.65004723082529E-06
212	142.016194641444	0.8575439453125		2.06024169921875E-06	3.1744384765625E-06	1.11419677734375E-06	1.76674780050234E-06	416234.625	4.75360093332711E-06
213	142.066194641317	0.862579345703125		2.03826904296875E-06	3.1927490234375E-06	1.15447998046875E-06	1.7584798115422E-06	423266.96875	4.85606369693414E-06
214	142.116194641191	0.86761474609375		2.01416015625E-06	3.21990966796875E-06	1.20574951171875E-06	1.74812976183603E-06	430909.09375	4.95737458550138E-06
215	142.166194641065	0.872650146484375		1.98760986328125E-06	3.25653076171875E-06	1.2689208984375E-06	1.73539774550591E-06	439275.3125	5.05741854794906E-06
216	142.216194640939	0.877685546875		1.95831298828125E-06	3.304443359375E-06	1.34613037109375E-06	1.71878286892024E-06	448184.53125	5.15606689077686E-06
217	142.266194640812	0.882720947265625		1.92626953125E-06	3.3660888671875E-06	1.4398193359375E-06	1.6994766838252E-06	458016.46875	5.25318137079012E-06
218	142.316194640686	0.88775634765625		1.890869140625E-06	3.4429931640625E-06	1.5521240234375E-06	1.67805399087229E-06	469335.09375	5.34860964762629E-06
219	142.36619464056	0.892791748046875		1.85028076171875E-06	3.5357666015625E-06	1.68548583984375E-06	1.65163294241211E-06	482434.46875	5.44213844477781E-06
220	142.416194640434	0.8978271484375		1.80450439453125E-06	3.646240234375E-06	1.84173583984375E-06	1.62068363351864E-06	497716.90625	5.53350810150732E-06
221	142.466194640307	0.902862548828125		1.75323486328125E-06	3.77685546875E-06	2.02362060546875E-06	1.58373268277501E-06	515230.625	5.62245168111986E-06
222	142.516194640181	0.90789794921875		1.6937255859375E-06	3.92913818359375E-06	2.23541259765625E-06	1.53772987232514E-06	536036.0625	5.70862584936549E-06
223	142.566194640055	0.912933349609375		1.627197265625E-06	4.1033935546875E-06	2.4761962890625E-06	1.48626747886738E-06	561327.875	5.79164861846948E-06
224	142.616194639929	0.91796875		1.55181884765625E-06	4.300537109375E-06	2.74871826171875E-06	1.42499482080893E-06	591740.4375	5.87112390348921E-06
225	142.666194639802	0.923004150390625		1.46820068359375E-06	4.5196533203125E-06	3.05145263671875E-06	1.35582729399175E-06	628975.3125	5.94662469666218E-06
226	142.716194639676	0.92803955078125		1.3787841796875E-06	4.7607421875E-06	3.3819580078125E-06	1.27998703192134E-06	673306.75	6.01779902353883E-06
227	142.76619463955	0.933074951171875		1.2847900390625E-06	5.0201416015625E-06	3.7353515625E-06	1.19900141726248E-06	726365.8125	6.08438858762383E-06
228	142.816194639424	0.9381103515625		1.19110107421875E-06	5.2978515625E-06	4.10675048828125E-06	1.11738427222008E-06	787599.25	6.14628561379504E-06
229	142.866194639298	0.943145751953125		1.09710693359375E-06	5.5877685546875E-06	4.49066162109375E-06	1.03456432043458E-06	859527.1875	6.20349101154716E-06
230	142.916194639171	0.94818115234375		1.0052490234375E-06	5.8837890625E-06	4.8785400390625E-06	9.53158178162994E-07	943230.125	6.25604980086791E-06
231	142.966194639045	0.953216552734375		9.16748046875E-07	6.18896484375E-06	5.272216796875E-06	8.74558850227913E-07	1040612.5	6.30409977020463E-06
232	143.016194638919	0.958251953125		8.35571289062501E-07	6.4910888671875E-06	5.655517578125E-06	8.00687814717094E-07	1146822.5	6.34790785625228E-06
233	143.066194638793	0.963287353515625		7.647705078125E-07	6.787109375E-06	6.0223388671875E-06	7.36577078441769E-07	1259377.5	6.38791652818327E-06
234	143.116194638666	0.96832275390625		7.0770263671875E-07	7.0709228515625E-06	6.36322021484375E-06	6.85284533119557E-07	1368262.25	6.42472832623753E-06
235	143.16619463854	0.973358154296875		6.67724609375001E-07	7.3333740234375E-06	6.6656494140625E-06	6.50240849608963E-07	1458409.625	6.45911404717481E-06
236	143.216194638414	0.9783935546875		6.500244140625E-07	7.568359375E-06	6.9183349609375E-06	6.36178071999893E-07	1505633.875	6.49205776426243E-06
237	143.266194638288	0.983428955078125		6.5643310546875E-07	7.7667236328125E-06	7.11029052734375E-06	6.45855777747784E-07	1498837.75	6.52471908324515E-06
238	143.316194638161	0.98846435546875		6.89086914062501E-07	7.9254150390625E-06	7.236328125E-06	6.81348126363446E-07	1434898.125	6.55835719953757E-06
239	143.366194638035	0.993499755859375		7.489013671875E-07	8.0352783203125E-06	7.286376953125E-06	7.44147598652489E-07	1326813.375	6.59430679661455E-06
240	143.416194637909	0.99853515625		8.3648681640625E-07	8.0963134765625E-06	7.25982666015625E-06	8.35516743791231E-07	1194089.75	6.63394166622311E-06
241	143.466194637783	1.00357055664063		9.5062255859375E-07	8.10546875E-06	7.15484619140625E-06	9.54451934376266E-07	1056179.875	6.67861922920565E-06
242	143.516194637656	1.00860595703125		1.08673095703125E-06	8.062744140625E-06	6.97601318359375E-06	1.09641484868916E-06	928390.9375	6.72955320624169E-06
243	143.56619463753	1.01364135742188		1.2445068359375E-06	7.9681396484375E-06	6.7236328125E-06	1.26167356029327E-06	814615	6.78783408147865E-06
244	143.616194637404	1.0186767578125		1.4215087890625E-06	7.8277587890625E-06	6.40625E-06	1.44849173011607E-06	716831.3125	6.85448458170868E-06
245	143.666194637278	1.02371215820313		1.6094970703125E-06	7.647705078125E-06	6.0382080078125E-06	1.64790731105313E-06	636139.5625	6.93025958753424E-06
246	143.716194637151	1.02874755859375		1.80511474609375E-06	7.440185546875E-06	5.63507080078125E-06	1.8575582316771E-06	570076.0625	7.01562476024264E-06
247	143.766194637025	1.03378295898438		2.003173828125E-06	7.21435546875E-06	5.211181640625E-06	2.07054108614102E-06	515996.375	7.11083202986629E-06
248	143.816194636899	1.038818359375		2.20123291015625E-06	6.9732666015625E-06	4.77203369140625E-06	2.28735279961256E-06	472064.375	7.21594233255018E-06
249	143.866194636773	1.04385375976563		2.3931884765625E-06	6.732177734375E-06	4.3389892578125E-06	2.49850381806027E-06	436240.75	7.33080287318444E-06
250	143.916194636647	1.04888916015625		2.5726318359375E-06	6.4910888671875E-06	3.91845703125E-06	2.69762040261412E-06	407591.9375	7.45494799048174E-06
251	143.96619463652	1.05392456054688		2.7392578125E-06	6.256103515625E-06	3.516845703125E-06	2.88571709461394E-06	384581.125	7.58774558562436E-06
252	144.016194636394	1.0589599609375		2.8912353515625E-06	6.036376953125E-06	3.1451416015625E-06	3.0608200631832E-06	366160.03125	7.72850762587041E-06
253	144.066194636268	1.06399536132813		3.023681640625E-06	5.828857421875E-06	2.80517578125E-06	3.21856714435853E-06	352038.78125	7.87638055044226E-06
254	144.116194636142	1.06903076171875		3.13751220703125E-06	5.6365966796875E-06	2.49908447265625E-06	3.35409686158528E-06	340725.625	8.03041075414512E-06
255	144.166194636015	1.07406616210938		3.2318115234375E-06	5.4595947265625E-06	2.227783203125E-06	3.471672471278E-06	332389.0625	8.18964326754212E-06
256	144.216194635889	1.0791015625		3.309326171875E-06	5.2978515625E-06	1.988525390625E-06	3.57008912033052E-06	325986.71875	8.3531722339103E-06
257	144.266194635763	1.08413696289063		3.37005615234375E-06	5.1513671875E-06	1.78131103515625E-06	3.65514506484033E-06	321832.84375	8.52015637065051E-06
258	144.316194635637	1.08917236328125		3.41583251953125E-06	5.0201416015625E-06	1.60430908203125E-06	3.72043041352299E-06	318860	8.68980350787751E-06
259	144.36619463551	1.09420776367188		3.4490966796875E-06	4.901123046875E-06	1.4520263671875E-06	3.77350193048187E-06	317200.5	8.86142697709147E-06
260	144.416194635384	1.0992431640625		3.47198486328125E-06	4.7943115234375E-06	1.32232666015625E-06	3.81655581804807E-06	316603.6875	9.03445379663026E-06
261	144.466194635258	1.10427856445313		3.48419189453125E-06	4.696044921875E-06	1.21185302734375E-06	3.84805025532842E-06	316983.4375	9.20835827855626E-06
262	144.516194635132	1.10931396484375		3.48968505859375E-06	4.6099853515625E-06	1.12030029296875E-06	3.87009140467853E-06	317796.25	9.38270568440203E-06
263	144.566194635005	1.11434936523438		3.48907470703125E-06	4.53216552734375E-06	1.0430908203125E-06	3.8875155041751E-06	319338.78125	9.55717405304313E-06
264	144.616194634879	1.119384765625		3.4832763671875E-06	4.4622802734375E-06	9.79003906250001E-07	3.9001893128443E-06	321447.34375	9.73148326011142E-06
265	144.666194634753	1.12442016601563		3.47412109375E-06	4.39971923828125E-06	9.25598144531251E-07	3.90584182241582E-06	323612.09375	9.90541775536258E-06
266	144.716194634627	1.12945556640625		3.46160888671875E-06	4.3426513671875E-06	8.8104248046875E-07	3.90973355024471E-06	326280.53125	1.00788111012662E-05
267	144.7661946345	1.13449096679688		3.447265625E-06	4.2913818359375E-06	8.44116210937498E-07	3.91141747968504E-06	329143.0625	1.02515332400799E-05
268	144.816194634374	1.1395263671875		3.431396484375E-06	4.24468994140625E-06	8.1329345703125E-07	3.91121375287184E-06	332177.15625	1.04234995887964E-05
269	144.866194634248	1.14456176757813		3.41461181640625E-06	4.202880859375E-06	7.8826904296875E-07	3.90979721487383E-06	335329.34375	1.05946501207654E-05
270	144.916194634122	1.14959716796875		3.39691162109375E-06	4.16412353515625E-06	7.67211914062499E-07	3.90611648981576E-06	338514.0625	1.07649384517572E-05
271	144.966194633996	1.15463256835938		3.37890625E-06	4.1290283203125E-06	7.50122070312501E-07	3.90397281080368E-06	341943.65625	1.09343336589518E-05
272	145.016194633869	1.15966796875		3.360595703125E-06	4.0966796875E-06	7.36083984375E-07	3.89717524740263E-06	345078.09375	1.1102821190434E-05
273	145.066194633743	1.16470336914063		3.34259033203125E-06	4.0679931640625E-06	7.25402832031249E-07	3.89465594707872E-06	348580.3125	1.12704010462039E-05
274	145.116194633617	1.16973876953125		3.32550048828125E-06	4.04144287109375E-06	7.15942382812501E-07	3.88996659239638E-06	351748.21875	1.14371032395866E-05
275	145.166194633491	1.17477416992188		3.30902099609375E-06	4.017333984375E-06	7.08312988281249E-07	3.88785701943561E-06	355067.78125	1.16029659693595E-05
276	145.216194633364	1.1798095703125		3.29193115234375E-06	3.9947509765625E-06	7.02819824218751E-07	3.8828470678709E-06	358301.65625	1.17679901450174E-05
277	145.266194633238	1.18484497070313		3.2757568359375E-06	3.9739990234375E-06	6.982421875E-07	3.88076432500384E-06	361654.5625	1.19321821330232E-05
278	145.316194633112	1.18988037109375		3.2598876953125E-06	3.95477294921875E-06	6.9488525390625E-07	3.87887621400296E-06	365006.5625	1.20955728561967E-05
279	145.366194632986	1.19491577148438		3.24432373046875E-06	3.93646240234375E-06	6.92138671874998E-07	3.87718864658382E-06	368356.71875	1.22581786854425E-05
280	145.416194632859	1.199951171875		3.22967529296875E-06	3.9202880859375E-06	6.90612792968751E-07	3.87545242119813E-06	371539.25	1.24200287245912E-05
281	145.466194632733	1.20498657226563		3.21533203125E-06	3.905029296875E-06	6.89697265625E-07	3.87295995096792E-06	374620.375	1.25811538964626E-05
282	145.516194632607	1.21002197265625		3.201904296875E-06	3.89129638671875E-06	6.89392089843752E-07	3.87437466997653E-06	377906.96875	1.27415842143819E-05
283	145.566194632481	1.21505737304688		3.18878173828125E-06	3.878173828125E-06	6.89392089843752E-07	3.87406589652528E-06	380993.40625	1.29013515106635E-05
284	145.616194632354	1.2200927734375		3.17626953125E-06	3.865966796875E-06	6.89697265625E-07	3.87437421522918E-06	384031.53125	1.30604776131804E-05
285	145.666194632228	1.22512817382813		3.1646728515625E-06	3.85467529296875E-06	6.90002441406251E-07	3.87568115911563E-06	386981.6875	1.32190016302047E-05
286	145.716194632102	1.23016357421875		3.15338134765625E-06	3.843994140625E-06	6.90612792968751E-07	3.87917452826514E-06	390109.375	1.33769526655669E-05
287	145.766194631976	1.23519897460938		3.14208984375E-06	3.83392333984375E-06	6.91833496093749E-07	3.88062653655652E-06	393065.28125	1.3534339814214E-05
288	145.816194631849	1.240234375		3.13201904296875E-06	3.82476806640625E-06	6.927490234375E-07	3.88539319828851E-06	396083.03125	1.36911921799765E-05
289	145.866194631723	1.24526977539063		3.12255859375E-06	3.81622314453125E-06	6.9366455078125E-07	3.8879516068846E-06	398749.03125	1.38475570565788E-05
290	145.916194631597	1.25030517578125		3.11370849609375E-06	3.80828857421875E-06	6.94580078124998E-07	3.89308570447611E-06	401548.59375	1.40034635478514E-05
291	145.966194631471	1.25534057617188		3.10516357421875E-06	3.80126953125E-06	6.96105957031251E-07	3.89661636290839E-06	404127.78125	1.41589353006566E-05
292	146.016194631345	1.2603759765625		3.09722900390625E-06	3.7945556640625E-06	6.9732666015625E-07	3.90367313229945E-06	406936.65625	1.43139950523619E-05
293	146.066194631218	1.26541137695313		3.089599609375E-06	3.78875732421875E-06	6.99157714843751E-07	3.90914283343591E-06	409521.9375	1.44686655403348E-05
294	146.116194631092	1.27044677734375		3.08319091796875E-06	3.78387451171875E-06	7.00683593749999E-07	3.91797084375867E-06	412154.8125	1.46229849633528E-05
295	146.166194630966	1.27548217773438		3.07647705078125E-06	3.77960205078125E-06	7.03124999999999E-07	3.92446099795052E-06	414641.40625	1.47769769682782E-05
296	146.21619463084	1.280517578125		3.07037353515625E-06	3.775634765625E-06	7.05261230468748E-07	3.93260415876284E-06	417155.375	1.49306479215738E-05
297	146.266194630713	1.28555297851563		3.0645751953125E-06	3.77288818359375E-06	7.08312988281251E-07	3.93920618080301E-06	419438.375	1.50840223795967E-05
298	146.316194630587	1.29058837890625		3.05999755859375E-06	3.76983642578125E-06	7.09838867187501E-07	3.95013103116071E-06	421861	1.52371367221349E-05
299	146.366194630461	1.29562377929688		3.05511474609375E-06	3.768310546875E-06	7.13195800781249E-07	3.95874531022855E-06	424133.46875	1.53900145960506E-05
300	146.416194630335	1.3006591796875		3.05084228515625E-06	3.76800537109375E-06	7.171630859375E-07	3.9681058296992E-06	426327.90625	1.55426623678068E-05
301	146.466194630208	1.30569458007813		3.046875E-06	3.768310546875E-06	7.21435546875002E-07	3.97875328417285E-06	428585.75	1.56951064127497E-05
302	146.516194630082	1.31072998046875		3.043212890625E-06	3.7689208984375E-06	7.25708007812501E-07	3.98790143663064E-06	430605.71875	1.58473576448159E-05
303	146.566194629956	1.31576538085938		3.04046630859375E-06	3.7713623046875E-06	7.3089599609375E-07	4.00193221139489E-06	432901.75	1.5999450624804E-05
304	146.61619462983	1.32080078125		3.03741455078125E-06	3.77410888671875E-06	7.36694335937499E-07	4.01181932829786E-06	434843.78125	1.61513980856398E-05
305	146.666194629703	1.32583618164063		3.03497314453125E-06	3.77777099609375E-06	7.42797851562499E-07	4.02434034185717E-06	436902.96875	1.63032073032809E-05
306	146.716194629577	1.33087158203125		3.03314208984375E-06	3.78204345703125E-06	7.48901367187502E-07	4.034871381009E-06	438575.3125	1.64549092005473E-05
307	146.766194629451	1.33590698242188		3.0316162109375E-06	3.7872314453125E-06	7.55615234375001E-07	4.05041964768316E-06	440708.6875	1.66065292432904E-05
308	146.816194629325	1.3409423828125		3.03070068359375E-06	3.79364013671875E-06	7.62939453125E-07	4.06214485337841E-06	442251.5625	1.67580874403939E-05
309	146.866194629199	1.34597778320313		3.02978515625E-06	3.80035400390625E-06	7.7056884765625E-07	4.07848574468517E-06	444298.96875	1.69095983437728E-05
310	146.916194629072	1.35101318359375		3.0291748046875E-06	3.80859375E-06	7.79418945312499E-07	4.0924546738097E-06	446000.4375	1.70610728673637E-05
311	146.966194628946	1.35604858398438		3.0291748046875E-06	3.81805419921875E-06	7.8887939453125E-07	4.10539678341593E-06	447410.875	1.72125310200499E-05
312	147.01619462882	1.361083984375		3.02978515625E-06	3.828125E-06	7.98339843749998E-07	4.12379222325399E-06	449234.5	1.73640055436408E-05
313	147.066194628694	1.36611938476563		3.0303955078125E-06	3.84002685546875E-06	8.09631347656251E-07	4.14126907344325E-06	450956.71875	1.75155091710621E-05
314	147.116194628567	1.37115478515625		3.03253173828125E-06	3.85345458984375E-06	8.209228515625E-07	4.15899557992816E-06	452249.1875	1.76670837390702E-05
315	147.166194628441	1.37619018554688		3.03466796875E-06	3.86749267578125E-06	8.32824707031252E-07	4.1748912735784E-06	453338.6875	1.78187638084637E-05
316	147.216194628315	1.3812255859375		3.03680419921875E-06	3.8836669921875E-06	8.4686279296875E-07	4.19451180277974E-06	454828.65625	1.79705493792426E-05
317	147.266194628189	1.38626098632813		3.03985595703125E-06	3.9013671875E-06	8.61511230468748E-07	4.21449749410385E-06	456078.6875	1.81224659172585E-05
318	147.316194628062	1.39129638671875		3.04412841796875E-06	3.9208984375E-06	8.7677001953125E-07	4.23528490500757E-06	457042.625	1.82745661732042E-05
319	147.366194627936	1.39633178710938		3.0487060546875E-06	3.94317626953125E-06	8.94470214843751E-07	4.25467897002818E-06	457757.75	1.84268865268677E-05
320	147.41619462781	1.4013671875		3.05419921875E-06	3.968505859375E-06	9.14306640624998E-07	4.280054326955E-06	458832.9375	1.85794597200584E-05
321	147.466194627684	1.40640258789063		3.060302734375E-06	3.995361328125E-06	9.35058593749999E-07	4.30355066782795E-06	459513.375	1.87323221325641E-05
322	147.516194627557	1.41143798828125		3.0670166015625E-06	4.02557373046875E-06	9.58557128906251E-07	4.3279674173391E-06	460099.53125	1.8885504687205E-05
323	147.566194627431	1.41647338867188		3.0755615234375E-06	4.0582275390625E-06	9.82666015625E-07	4.35785887020756E-06	460706.5	1.90390692296205E-05
324	147.616194627305	1.4215087890625		3.084716796875E-06	4.0948486328125E-06	1.0101318359375E-06	4.38589358964236E-06	460922.03125	1.91930757864611E-05
325	147.666194627179	1.42654418945313		3.09539794921875E-06	4.1351318359375E-06	1.03973388671875E-06	4.41619431512663E-06	460909	1.93475789274089E-05
326	147.716194627052	1.43157958984375		3.10699462890625E-06	4.1796875E-06	1.07269287109375E-06	4.44791021436686E-06	460760.25	1.95026386791142E-05
327	147.766194626926	1.43661499023438		3.11981201171875E-06	4.22882080078125E-06	1.1090087890625E-06	4.48339687864063E-06	460628	1.9658309611259E-05
328	147.8161946268	1.441650390625		3.13568115234375E-06	4.283447265625E-06	1.14776611328125E-06	4.51959886049735E-06	459659.375	1.98146972252289E-05
329	147.866194626674	1.44668579101563		3.153076171875E-06	4.34295654296875E-06	1.18988037109375E-06	4.56199131804169E-06	458865.6875	1.99719161173562E-05
330	147.916194626548	1.45172119140625		3.172607421875E-06	4.40765380859375E-06	1.23504638671875E-06	4.60574165117578E-06	457579.84375	2.0130057237111E-05
331	147.966194626421	1.45675659179688		3.19488525390625E-06	4.47906494140625E-06	1.2841796875E-06	4.65465745946858E-06	456013	2.02892442757729E-05
332	148.016194626295	1.4617919921875		3.21990966796875E-06	4.5556640625E-06	1.33575439453125E-06	4.7068378989934E-06	453985.40625	2.04496154765366E-05
333	148.066194626169	1.46682739257813		3.24798583984375E-06	4.63836669921875E-06	1.390380859375E-06	4.76373861602042E-06	451564.4375	2.06113127205754E-05
334	148.116194626043	1.47186279296875		3.27880859375E-06	4.72686767578125E-06	1.44805908203125E-06	4.82395489598275E-06	448715.59375	2.07744815270416E-05
335	148.166194625916	1.47689819335938		3.31207275390625E-06	4.8211669921875E-06	1.50909423828125E-06	4.89108879264677E-06	445867.5	2.09392546821618E-05
336	148.21619462579	1.48193359375		3.34808349609375E-06	4.9224853515625E-06	1.57440185546875E-06	4.96061556987115E-06	442530.3125	2.11057576962048E-05
337	148.266194625664	1.48696899414063		3.38714599609375E-06	5.0262451171875E-06	1.63909912109375E-06	5.03709770782734E-06	439048.59375	2.12741397263017E-05
338	148.316194625538	1.49200439453125		3.42926025390625E-06	5.1361083984375E-06	1.70684814453125E-06	5.11647112944047E-06	435080.53125	2.1444548110594E-05
339	148.366194625411	1.49703979492188		3.47320556640625E-06	5.2490234375E-06	1.77581787109375E-06	5.19899685968994E-06	430981.46875	2.16171101783402E-05
340	148.416194625285	1.5020751953125		3.52081298828125E-06	5.3680419921875E-06	1.84722900390625E-06	5.28960026713321E-06	426714.0625	2.17919605347561E-05
