Potential - Start 1.505 V, Stop -0.205 V, Step -0.005 V; Modulation - Amplitude -0.05 V, Time 0.025 s, Interval time 0.05 s
Index	Base.Time (s)	Potential applied (V)	WE(1).Base.Potential (V)	WE(1).Base.Current (A)	WE(1).Pulse.Current (A)	WE(1).δ.Current (A)	WE(1).Base.Power (W)	WE(1).Base.Resistance (Ω)	WE(1).Base.Charge (C)
1	164.529628584603	1.50497436523438	1.50482177734375	4.527587890625E-06	4.0667724609375E-06	-4.608154296875E-07	6.81321262163692E-06	332367.21875	0
2	164.579628584476	1.49993896484375	1.500244140625	4.63226318359375E-06	4.0838623046875E-06	-5.4840087890625E-07	6.94952541380189E-06	323868.53125	2.28996270834614E-07
3	164.62962858435	1.49490356445313	1.49505615234375	4.62921142578125E-06	4.07806396484375E-06	-5.51147460937498E-07	6.9209304456308E-06	322961.3125	4.60533129853502E-07
4	164.679628584224	1.4898681640625	1.48895263671875	4.61822509765625E-06	4.068603515625E-06	-5.49621582031251E-07	6.87631836626679E-06	322408	6.91719037604344E-07
5	164.729628584098	1.48483276367188	1.4849853515625	4.6051025390625E-06	4.0570068359375E-06	-5.48095703125001E-07	6.83850930727203E-06	322465.21875	9.22302206163295E-07
6	164.779628583971	1.47979736328125	1.47979736328125	4.5916748046875E-06	4.04541015625E-06	-5.462646484375E-07	6.79474760545418E-06	322278.375	1.15222167096363E-06
7	164.829628583845	1.47476196289063	1.47430419921875	4.5782470703125E-06	4.0338134765625E-06	-5.44433593749999E-07	6.74972898195847E-06	322023.71875	1.38146970130038E-06
8	164.879628583719	1.4697265625	1.47003173828125	4.5654296875E-06	4.02191162109375E-06	-5.43518066406251E-07	6.71132647767081E-06	321991.96875	1.61006153120979E-06
9	164.929628583593	1.46469116210938	1.46484375	4.55291748046875E-06	4.010009765625E-06	-5.42907714843748E-07	6.66931236992241E-06	321737.40625	1.83802023911994E-06
10	164.979628583466	1.45965576171875	1.45965576171875	4.54071044921875E-06	3.99810791015625E-06	-5.42602539062498E-07	6.62787442706758E-06	321459.78125	2.06536105906707E-06
11	165.02962858334	1.45462036132813	1.4544677734375	4.52880859375E-06	3.98681640625E-06	-5.41992187500001E-07	6.58700582789606E-06	321159.03125	2.29209899771377E-06
12	165.079628583214	1.4495849609375	1.44927978515625	4.51690673828125E-06	3.97613525390625E-06	-5.40771484375002E-07	6.54626182949869E-06	320856.6875	2.51824189945182E-06
13	165.129628583088	1.44454956054688	1.4447021484375	4.50592041015625E-06	3.96514892578125E-06	-5.40771484375E-07	6.50971287541324E-06	320623.09375	2.74381250164879E-06
14	165.179628582962	1.43951416015625	1.43951416015625	4.49493408203125E-06	3.95416259765625E-06	-5.40771484375E-07	6.47052092972444E-06	320252.59375	2.96883376904589E-06
15	165.229628582835	1.43447875976563	1.43402099609375	4.48455810546875E-06	3.94378662109375E-06	-5.40771484375E-07	6.43095017949236E-06	319768.65625	3.19332116305304E-06
16	165.279628582709	1.429443359375	1.42913818359375	4.473876953125E-06	3.93280029296875E-06	-5.41076660156251E-07	6.39378822597791E-06	319440.65625	3.41728195962787E-06
17	165.329628582583	1.42440795898438	1.424560546875	4.4635009765625E-06	3.92242431640625E-06	-5.41076660156251E-07	6.35852711639018E-06	319157.6875	3.64071638614405E-06
18	165.379628582457	1.41937255859375	1.41937255859375	4.45343017578125E-06	3.912353515625E-06	-5.41076660156251E-07	6.32107639830792E-06	318714.46875	3.86363990401151E-06
19	165.42962858233	1.41433715820313	1.41387939453125	4.44427490234375E-06	3.902587890625E-06	-5.4168701171875E-07	6.283668881224E-06	318135	4.08608229918173E-06
20	165.479628582204	1.4093017578125	1.40899658203125	4.43511962890625E-06	3.89251708984375E-06	-5.42602539062501E-07	6.24906806478975E-06	317690.78125	4.30806721851695E-06
21	165.529628582078	1.40426635742188	1.4044189453125	4.42535400390625E-06	3.88275146484375E-06	-5.42602539062501E-07	6.21505068920669E-06	317357.4375	4.52957920060726E-06
22	165.579628581952	1.39923095703125	1.39923095703125	4.41650390625E-06	3.87298583984375E-06	-5.43518066406248E-07	6.17970908933785E-06	316818.6875	4.75062552141026E-06
23	165.629628581825	1.39419555664063	1.39495849609375	4.40765380859375E-06	3.863525390625E-06	-5.4412841796875E-07	6.14849386693095E-06	316485.5	4.97122937304084E-06
24	165.679628581699	1.38916015625	1.38916015625	4.39849853515625E-06	3.85406494140625E-06	-5.44433593750002E-07	6.11021869190154E-06	315826	5.19138302479405E-06
25	165.729628581573	1.38412475585938	1.38427734375	4.39056396484375E-06	3.84490966796875E-06	-5.45654296875001E-07	6.07775791650056E-06	315284.625	5.41110966878477E-06
26	165.779628581447	1.37908935546875	1.37908935546875	4.38232421875E-06	3.83575439453125E-06	-5.46569824218751E-07	6.04361684963806E-06	314693.59375	5.63043204238056E-06
27	165.82962858132	1.37405395507813	1.3739013671875	4.37408447265625E-06	3.826904296875E-06	-5.4718017578125E-07	6.00956036578282E-06	314100.34375	5.84934241487645E-06
28	165.879628581194	1.3690185546875	1.36932373046875	4.36614990234375E-06	3.81805419921875E-06	-5.48095703124998E-07	5.97867256146856E-06	313622.71875	6.06784806223004E-06
29	165.929628581068	1.36398315429688	1.36383056640625	4.35760498046875E-06	3.8092041015625E-06	-5.4840087890625E-07	5.94303446632694E-06	312977.125	6.28594170848373E-06
30	165.979628580942	1.35894775390625	1.35833740234375	4.34967041015625E-06	3.800048828125E-06	-5.49621582031251E-07	5.90831996305496E-06	312285.15625	6.50362380838487E-06
31	166.029628580815	1.35391235351563	1.353759765625	4.3426513671875E-06	3.79241943359375E-06	-5.50231933593751E-07	5.87890644965228E-06	311735.78125	6.72093165121623E-06
32	166.079628580689	1.348876953125	1.348876953125	4.33502197265625E-06	3.7835693359375E-06	-5.5145263671875E-07	5.84741110287723E-06	311158.0625	6.93787342243013E-06
33	166.129628580563	1.34384155273438	1.343994140625	4.327392578125E-06	3.77471923828125E-06	-5.52673339843751E-07	5.81599033466773E-06	310578.28125	7.15443411536398E-06
34	166.179628580437	1.33880615234375	1.33880615234375	4.32037353515625E-06	3.76739501953125E-06	-5.52978515625E-07	5.78414255869575E-06	309882.03125	7.37062828193302E-06
35	166.229628580311	1.33377075195313	1.33392333984375	4.3133544921875E-06	3.7591552734375E-06	-5.54199218749998E-07	5.75368449062807E-06	309254.28125	7.58647138354718E-06
36	166.279628580184	1.3287353515625	1.32904052734375	4.30694580078125E-06	3.75091552734375E-06	-5.560302734375E-07	5.72410544918966E-06	308580.75	7.80197842686903E-06
37	166.329628580058	1.32369995117188	1.32415771484375	4.2999267578125E-06	3.74298095703125E-06	-5.5694580078125E-07	5.69378107684315E-06	307948.90625	8.01715032139327E-06
38	166.379628579932	1.31866455078125	1.318359375	4.29351806640625E-06	3.7347412109375E-06	-5.58776855468749E-07	5.66039989280398E-06	307058.0625	8.23198661237257E-06
39	166.429628579806	1.31362915039063	1.3134765625	4.287109375E-06	3.726806640625E-06	-5.60302734375001E-07	5.6310177569685E-06	306378.125	8.44650276121683E-06
40	166.479628579679	1.30859375	1.30859375	4.28131103515625E-06	3.71917724609375E-06	-5.62133789062499E-07	5.60249645786826E-06	305652.59375	8.66071331984131E-06
41	166.529628579553	1.30355834960938	1.30340576171875	4.2755126953125E-06	3.71185302734375E-06	-5.63659667968749E-07	5.57272778678453E-06	304853.65625	8.87463374965591E-06
42	166.579628579427	1.29852294921875	1.298828125	4.26971435546875E-06	3.70391845703125E-06	-5.65795898437501E-07	5.54562484467169E-06	304195.5625	9.08826405066065E-06
43	166.629628579301	1.29348754882813	1.2933349609375	4.26422119140625E-06	3.69598388671875E-06	-5.682373046875E-07	5.51506582269212E-06	303299.25	9.30161240830785E-06
44	166.679628579174	1.2884521484375	1.2884521484375	4.25872802734375E-06	3.68865966796875E-06	-5.70068359375E-07	5.48716707271524E-06	302543.875	9.5146860985551E-06
45	166.729628579048	1.28341674804688	1.28326416015625	4.2535400390625E-06	3.68011474609375E-06	-5.73425292968752E-07	5.45841521670809E-06	301693.21875	9.72749330685474E-06
46	166.779628578922	1.27838134765625	1.278076171875	4.2486572265625E-06	3.671875E-06	-5.767822265625E-07	5.43010764886276E-06	300818.84375	9.94004767562728E-06
47	166.829628578796	1.27334594726563	1.273193359375	4.24346923828125E-06	3.66424560546875E-06	-5.79223632812501E-07	5.40275641469634E-06	300035.96875	1.01523510238621E-05
48	166.879628578669	1.268310546875	1.26800537109375	4.239501953125E-06	3.6553955078125E-06	-5.84106445312499E-07	5.37571122549707E-06	299093	1.03644251794321E-05
49	166.929628578543	1.26327514648438	1.26312255859375	4.2352294921875E-06	3.6468505859375E-06	-5.8837890625E-07	5.34961372977705E-06	298241.8125	1.05762937891996E-05
50	166.979628578417	1.25823974609375	1.25823974609375	4.2315673828125E-06	3.6370849609375E-06	-5.94482421875E-07	5.32432613908895E-06	297346.03125	1.07879632196273E-05
51	167.029628578291	1.25320434570313	1.2530517578125	4.227294921875E-06	3.62762451171875E-06	-5.9967041015625E-07	5.29701947016292E-06	296419.28125	1.09994352897047E-05
52	167.079628578164	1.2481689453125	1.24786376953125	4.22393798828125E-06	3.61785888671875E-06	-6.06079101562501E-07	5.27089923707535E-06	295426.625	1.12107163658948E-05
53	167.129628578038	1.24313354492188	1.24298095703125	4.22119140625E-06	3.60748291015625E-06	-6.13708496093749E-07	5.24686038261279E-06	294462.125	1.14218446469749E-05
54	167.179628577912	1.23809814453125	1.23809814453125	4.21875E-06	3.5955810546875E-06	-6.23168945312499E-07	5.22322625329252E-06	293475.125	1.16328428703127E-05
55	167.229628577786	1.23306274414063	1.23260498046875	4.2156982421875E-06	3.58245849609375E-06	-6.3323974609375E-07	5.19629020345747E-06	292384.5625	1.18437037599506E-05
56	167.27962857766	1.22802734375	1.22802734375	4.2144775390625E-06	3.5693359375E-06	-6.45141601562499E-07	5.17549369760673E-06	291383.0625	1.20544582387083E-05
57	167.329628577533	1.22299194335938	1.22283935546875	4.21295166015625E-06	3.55377197265625E-06	-6.591796875E-07	5.15176270710072E-06	290257.1875	1.22651445053634E-05
58	167.379628577407	1.21795654296875	1.21795654296875	4.21234130859375E-06	3.5369873046875E-06	-6.7535400390625E-07	5.13044824401732E-06	289140.0625	1.24757762023364E-05
59	167.429628577281	1.21292114257813	1.2127685546875	4.2120361328125E-06	3.5186767578125E-06	-6.93359374999999E-07	5.10822474097949E-06	287929.3125	1.26863860714366E-05
60	167.479628577155	1.2078857421875	1.20758056640625	4.21234130859375E-06	3.4979248046875E-06	-7.14416503906251E-07	5.08674111188157E-06	286676.8125	1.2896995031042E-05
61	167.529628577028	1.20285034179688	1.20269775390625	4.21478271484375E-06	3.4747314453125E-06	-7.4005126953125E-07	5.069109647593E-06	285352.25	1.31076731122448E-05
62	167.579628576902	1.19781494140625	1.1981201171875	4.2169189453125E-06	3.4478759765625E-06	-7.6904296875E-07	5.05237539982772E-06	284122.15625	1.331846578978E-05
63	167.629628576776	1.19277954101563	1.19293212890625	4.22149658203125E-06	3.4173583984375E-06	-8.0413818359375E-07	5.03595902046072E-06	282585.125	1.35294258143404E-05
64	167.67962857665	1.187744140625	1.187744140625	4.2266845703125E-06	3.38287353515625E-06	-8.4381103515625E-07	5.02021930515184E-06	281010.84375	1.37406304929755E-05
65	167.729628576523	1.18270874023438	1.18316650390625	4.23370361328125E-06	3.34197998046875E-06	-8.91723632812499E-07	5.00917576573556E-06	279463.71875	1.39521407618304E-05
66	167.779628576397	1.17767333984375	1.17767333984375	4.2431640625E-06	3.2958984375E-06	-9.47265624999999E-07	4.9970608415606E-06	277546.03125	1.41640621222905E-05
67	167.829628576271	1.17263793945313	1.17218017578125	4.254150390625E-06	3.24310302734375E-06	-1.01104736328125E-06	4.98663030157331E-06	275538.03125	1.4376494618773E-05
68	167.879628576145	1.1676025390625	1.16729736328125	4.26849365234375E-06	3.18145751953125E-06	-1.0870361328125E-06	4.98260169479181E-06	273468.21875	1.45895610330626E-05
69	167.929628576018	1.16256713867188	1.16241455078125	4.28558349609375E-06	3.11004638671875E-06	-1.175537109375E-06	4.98162489748211E-06	271238.34375	1.48034132507746E-05
70	167.979628575892	1.15753173828125	1.1578369140625	4.3060302734375E-06	3.02734375E-06	-1.2786865234375E-06	4.98568033435731E-06	268887.34375	1.50182031575241E-05
71	168.029628575766	1.15249633789063	1.15264892578125	4.3304443359375E-06	2.93121337890625E-06	-1.39923095703125E-06	4.99148200105992E-06	266173.34375	1.52341153807356E-05
72	168.07962857564	1.1474609375	1.14776611328125	4.3603515625E-06	2.821044921875E-06	-1.539306640625E-06	5.00466330777272E-06	263227.90625	1.54513854795368E-05
73	168.129628575513	1.14242553710938	1.14227294921875	4.39544677734375E-06	2.69317626953125E-06	-1.7022705078125E-06	5.02079956277157E-06	259876.4375	1.56702808453701E-05
74	168.179628575387	1.13739013671875	1.1370849609375	4.43572998046875E-06	2.54669189453125E-06	-1.8890380859375E-06	5.04380159327411E-06	256346.765625	1.58910588652361E-05
75	168.229628575261	1.13235473632813	1.1328125	4.48272705078125E-06	2.38037109375E-06	-2.10235595703125E-06	5.0780890887836E-06	252706.109375	1.61140214913758E-05
76	168.279628575135	1.1273193359375	1.12701416015625	4.53704833984375E-06	2.19146728515625E-06	-2.3455810546875E-06	5.11331791130942E-06	248402.5	1.63395161507651E-05
77	168.329628575009	1.12228393554688	1.12213134765625	4.6002197265625E-06	1.97784423828125E-06	-2.62237548828125E-06	5.16205045641982E-06	243929.953125	1.65679466590518E-05
78	168.379628574882	1.11724853515625	1.116943359375	4.669189453125E-06	1.7401123046875E-06	-2.9290771484375E-06	5.21521997143282E-06	239215.6875	1.67996822710847E-05
79	168.429628574756	1.11221313476563	1.11236572265625	4.74853515625E-06	1.4764404296875E-06	-3.2720947265625E-06	5.28210739503265E-06	234254.5	1.70351249835221E-05
80	168.47962857463	1.107177734375	1.10687255859375	4.8370361328125E-06	1.18682861328125E-06	-3.65020751953125E-06	5.35398248757701E-06	228832.8125	1.72747641045135E-05
81	168.529628574504	1.10214233398438	1.1016845703125	4.931640625E-06	8.70666503906251E-07	-4.06097412109375E-06	5.43311216461007E-06	223391.09375	1.75189816218335E-05
82	168.579628574377	1.09710693359375	1.0968017578125	5.029296875E-06	5.33447265625001E-07	-4.495849609375E-06	5.51614175492432E-06	218082.515625	1.77680049091578E-05
83	168.629628574251	1.09207153320313	1.09161376953125	5.133056640625E-06	1.739501953125E-07	-4.9591064453125E-06	5.6033154578472E-06	212663.5	1.8022063159151E-05
84	168.679628574125	1.0870361328125	1.08734130859375	5.2337646484375E-06	-2.044677734375E-07	-5.438232421875E-06	5.69088842894416E-06	207755.109375	1.82812345883576E-05
85	168.729628573999	1.08200073242188	1.08184814453125	5.3314208984375E-06	-5.99060058593751E-07	-5.93048095703125E-06	5.76778757022112E-06	202919.296875	1.85453645826783E-05
86	168.779628573872	1.07696533203125	1.07696533203125	5.4168701171875E-06	-1.00738525390625E-06	-6.42425537109375E-06	5.83378096052911E-06	198816.90625	1.88140711543383E-05
87	168.829628573746	1.07192993164063	1.07208251953125	5.487060546875E-06	-1.42242431640625E-06	-6.90948486328125E-06	5.88258126299479E-06	195383.765625	1.90866703633219E-05
88	168.87962857362	1.06689453125	1.0662841796875	5.535888671875E-06	-1.84356689453125E-06	-7.37945556640625E-06	5.90283070778241E-06	192613.015625	1.93622436199803E-05
89	168.929628573494	1.06185913085938	1.0614013671875	5.560302734375E-06	-2.26715087890625E-06	-7.82745361328125E-06	5.90171293879393E-06	190889.140625	1.96396485989681E-05
90	168.979628573367	1.05682373046875	1.05712890625	5.5572509765625E-06	-2.68585205078125E-06	-8.24310302734375E-06	5.87473050472909E-06	190225.15625	1.99175865418511E-05
91	169.029628573241	1.05178833007813	1.05133056640625	5.5206298828125E-06	-3.09539794921875E-06	-8.61602783203125E-06	5.80400683247717E-06	190436.71875	2.01945331355091E-05
92	169.079628573115	1.0467529296875	1.0467529296875	5.4534912109375E-06	-3.49639892578125E-06	-8.94989013671875E-06	5.70845804759301E-06	191941.796875	2.04688876692671E-05
93	169.129628572989	1.04171752929688	1.0418701171875	5.35888671875E-06	-3.88214111328125E-06	-9.24102783203125E-06	5.58326382815721E-06	194419.140625	2.07391967705917E-05
94	169.179628572862	1.03668212890625	1.036376953125	5.230712890625E-06	-4.248046875E-06	-9.478759765625E-06	5.42098996447749E-06	198133.03125	2.10039361263625E-05
95	169.229628572736	1.03164672851563	1.0321044921875	5.0750732421875E-06	-4.5867919921875E-06	-9.661865234375E-06	5.23800599694368E-06	203367.40625	2.12615814234596E-05
96	169.27962857261	1.026611328125	1.02630615234375	4.8980712890625E-06	-4.901123046875E-06	-9.7991943359375E-06	5.0269204621145E-06	209532.71875	2.15109103010036E-05
97	169.329628572484	1.02157592773438	1.021728515625	4.6966552734375E-06	-5.181884765625E-06	-9.8785400390625E-06	4.79870641356683E-06	217543.859375	2.17507767956704E-05
98	169.379628572358	1.01654052734375	1.0162353515625	4.4830322265625E-06	-5.4229736328125E-06	-9.906005859375E-06	4.55581584901665E-06	226684.828125	2.19802695937688E-05
99	169.429628572231	1.01150512695313	1.01165771484375	4.25018310546875E-06	-5.6182861328125E-06	-9.86846923828125E-06	4.29973033533315E-06	238026.859375	2.2198601072887E-05
100	169.479628572105	1.0064697265625	1.0064697265625	4.0130615234375E-06	-5.767822265625E-06	-9.7808837890625E-06	4.03902458856464E-06	250798.5	2.24051818804583E-05
101	169.529628571979	1.00143432617188	1.0009765625	3.770751953125E-06	-5.865478515625E-06	-9.63623046875E-06	3.77443416255119E-06	265458.09375	2.25997773668496E-05
102	169.579628571853	0.99639892578125	0.99609375	3.525390625E-06	-5.9051513671875E-06	-9.4305419921875E-06	3.51161952494294E-06	282548.46875	2.2782180167269E-05
103	169.629628571726	0.991363525390625	0.9918212890625	3.2818603515625E-06	-5.889892578125E-06	-9.1717529296875E-06	3.25501878251089E-06	302213.125	2.29523611778859E-05
104	169.6796285716	0.986328125	0.986328125	3.0426025390625E-06	-5.8197021484375E-06	-8.8623046875E-06	3.001004415637E-06	324172.53125	2.31104731938103E-05
105	169.729628571474	0.981292724609375	0.98114013671875	2.81097412109375E-06	-5.6854248046875E-06	-8.49639892578125E-06	2.75795946436119E-06	349039.1875	2.3256812710315E-05
106	169.779628571348	0.97625732421875	0.9759521484375	2.58514404296875E-06	-5.5023193359375E-06	-8.08746337890625E-06	2.52297672886925E-06	377523.34375	2.33917162404396E-05
107	169.829628571221	0.971221923828125	0.9710693359375	2.37152099609375E-06	-5.279541015625E-06	-7.65106201171875E-06	2.30291107072844E-06	409471.125	2.35156312555773E-05
108	169.879628571095	0.9661865234375	0.96649169921875	2.1685791015625E-06	-5.029296875E-06	-7.1978759765625E-06	2.09591371458373E-06	445679.6875	2.36291343753692E-05
109	169.929628570969	0.961151123046875	0.9613037109375	1.9781494140625E-06	-4.7576904296875E-06	-6.73583984375E-06	1.90160233159986E-06	485961.125	2.37328022194561E-05
110	169.979628570843	0.95611572265625	0.9564208984375	1.802978515625E-06	-4.486083984375E-06	-6.2890625E-06	1.72440627466131E-06	530467.1875	2.38273314607795E-05
111	170.029628570716	0.951080322265625	0.9515380859375	1.644287109375E-06	-4.2236328125E-06	-5.867919921875E-06	1.56460180278373E-06	578693.4375	2.39135133597301E-05
112	170.07962857059	0.946044921875	0.94635009765625	1.50604248046875E-06	-3.9862060546875E-06	-5.49224853515625E-06	1.42524334023619E-06	628368.8125	2.39922701439355E-05
113	170.129628570464	0.941009521484375	0.94085693359375	1.3897705078125E-06	-3.78021240234375E-06	-5.16998291015625E-06	1.30757518945757E-06	676987.3125	2.40646659221966E-05
114	170.179628570338	0.93597412109375	0.93597412109375	1.29425048828125E-06	-3.612060546875E-06	-4.90631103515625E-06	1.21138486974814E-06	723178.5625	2.4131766622304E-05
115	170.229628570212	0.930938720703125	0.93048095703125	1.22833251953125E-06	-3.489990234375E-06	-4.71832275390625E-06	1.14294005015836E-06	757515.5625	2.41948309849249E-05
116	170.279628570085	0.9259033203125	0.92559814453125	1.1883544921875E-06	-3.41400146484375E-06	-4.60235595703125E-06	1.09993868591118E-06	778890.625	2.42552487179637E-05
117	170.329628569959	0.920867919921875	0.92071533203125	1.17401123046875E-06	-3.38531494140625E-06	-4.559326171875E-06	1.08093013295729E-06	784247.4375	2.4314307665918E-05
118	170.379628569833	0.91583251953125	0.91583251953125	1.18255615234375E-06	-3.4014892578125E-06	-4.58404541015625E-06	1.08302333501342E-06	774451.625	2.43732210947201E-05
119	170.429628569707	0.910797119140625	0.91064453125	1.21368408203125E-06	-3.460693359375E-06	-4.67437744140625E-06	1.10523478724645E-06	750314.3125	2.44331276917364E-05
120	170.47962856958	0.90576171875	0.90576171875	1.2628173828125E-06	-3.55804443359375E-06	-4.82086181640625E-06	1.14381157345633E-06	717254.75	2.44950406340649E-05
121	170.529628569454	0.900726318359375	0.90057373046875	1.3262939453125E-06	-3.68560791015625E-06	-5.01190185546875E-06	1.19442552204418E-06	679015.1875	2.45597675530007E-05
122	170.579628569328	0.89569091796875	0.89599609375	1.39739990234375E-06	-3.83880615234375E-06	-5.2362060546875E-06	1.25206474876904E-06	641188.0625	2.4627859602333E-05
123	170.629628569202	0.890655517578125	0.89111328125	1.4715576171875E-06	-4.01123046875E-06	-5.4827880859375E-06	1.31132446767879E-06	605557.875	2.46995841735043E-05
124	170.679628569075	0.8856201171875	0.88592529296875	1.54296875E-06	-4.19403076171875E-06	-5.73699951171875E-06	1.36695496166794E-06	574169.3125	2.47749467234826E-05
125	170.729628568949	0.880584716796875	0.88043212890625	1.605224609375E-06	-4.38232421875E-06	-5.987548828125E-06	1.41329132929968E-06	548479.0625	2.48536525759846E-05
126	170.779628568823	0.87554931640625	0.87493896484375	1.6534423828125E-06	-4.5654296875E-06	-6.2188720703125E-06	1.44666114465508E-06	529162.0625	2.49351196544012E-05
127	170.829628568697	0.870513916015625	0.87066650390625	1.68304443359375E-06	-4.7393798828125E-06	-6.42242431640625E-06	1.46537036016525E-06	517316.4375	2.50185312324902E-05
128	170.87962856857	0.865478515625	0.865478515625	1.69158935546875E-06	-4.89501953125E-06	-6.58660888671875E-06	1.46403419876151E-06	511636.3125	2.51028977800161E-05
129	170.929628568444	0.860443115234375	0.860595703125	1.67724609375E-06	-5.029296875E-06	-6.70654296875E-06	1.44343073316122E-06	513100.46875	2.51871188083896E-05
130	170.979628568318	0.85540771484375	0.855712890625	1.63848876953125E-06	-5.1361083984375E-06	-6.77459716796875E-06	1.40207589538477E-06	522257.4375	2.52700119744986E-05
131	171.029628568192	0.850372314453125	0.850830078125	1.58050537109375E-06	-5.2093505859375E-06	-6.78985595703125E-06	1.34474146307184E-06	538327.875	2.53504858847009E-05
132	171.079628568065	0.8453369140625	0.84564208984375	1.50177001953125E-06	-5.2490234375E-06	-6.75079345703125E-06	1.26995985283429E-06	563096.9375	2.54275437328033E-05
133	171.129628567939	0.840301513671875	0.84075927734375	1.40411376953125E-06	-5.2520751953125E-06	-6.65618896484375E-06	1.18052162179083E-06	598782.875	2.55001905316021E-05
134	171.179628567813	0.83526611328125	0.83526611328125	1.29241943359375E-06	-5.218505859375E-06	-6.51092529296875E-06	1.07951404970663E-06	646281	2.55676040978869E-05
135	171.229628567687	0.830230712890625	0.8306884765625	1.16851806640625E-06	-5.1483154296875E-06	-6.31683349609375E-06	9.70674477684952E-07	710890.625	2.56291259574937E-05
136	171.279628567561	0.8251953125	0.82550048828125	1.0369873046875E-06	-5.0445556640625E-06	-6.08154296875E-06	8.56033523177757E-07	796056.5	2.56842649832834E-05
137	171.329628567434	0.820159912109375	0.8209228515625	8.98132324218751E-07	-4.913330078125E-06	-5.81146240234375E-06	7.37297341402154E-07	914033.3125	2.57326428254601E-05
138	171.379628567308	0.81512451171875	0.8154296875	7.598876953125E-07	-4.7637939453125E-06	-5.523681640625E-06	6.19634931808832E-07	1073092.375	2.57740921369987E-05
139	171.429628567182	0.810089111328125	0.81024169921875	6.23779296875E-07	-4.5989990234375E-06	-5.2227783203125E-06	5.0541200380394E-07	1298923.75	2.58086838584859E-05
140	171.479628567056	0.8050537109375	0.8050537109375	4.9163818359375E-07	-4.43115234375E-06	-4.92279052734375E-06	3.95795126451048E-07	1637492.375	2.58365707850317E-05
141	171.529628566929	0.800018310546875	0.80047607421875	3.6773681640625E-07	-4.2694091796875E-06	-4.63714599609375E-06	2.94364525643687E-07	2176763.5	2.58580548688769E-05
142	171.579628566803	0.79498291015625	0.7952880859375	2.5177001953125E-07	-4.11346435546875E-06	-4.365234375E-06	2.00229692381981E-07	3158788	2.58735417446587E-05
143	171.629628566677	0.789947509765625	0.789794921875	1.52587890625E-07	-3.9739990234375E-06	-4.1265869140625E-06	1.20513135470901E-07	5176000	2.58836516877636E-05
144	171.679628566551	0.784912109375	0.784912109375	6.98852539062503E-08	-3.85467529296875E-06	-3.924560546875E-06	5.48537819611283E-08	11231441	2.58892123383703E-05
145	171.729628566424	0.779876708984375	0.780029296875	5.18798828124945E-09	-3.76068115234375E-06	-3.765869140625E-06	4.04678290877314E-09	150352944	2.58910895354347E-05
146	171.779628566298	0.77484130859375	0.775146484375	-4.15039062499997E-08	-3.695068359375E-06	-3.653564453125E-06	-3.21716058238053E-08	-18676470	2.58901818597224E-05
147	171.829628566172	0.769805908203125	0.770263671875	-6.89697265624997E-08	-3.65997314453125E-06	-3.59100341796875E-06	-5.31248751656221E-08	-11168142	2.58874206338078E-05
148	171.879628566046	0.7647705078125	0.76507568359375	-7.87353515625006E-08	-3.6566162109375E-06	-3.577880859375E-06	-6.02384986336801E-08	-9717055	2.58837280853186E-05
149	171.929628565919	0.759735107421875	0.76019287109375	-7.01904296875E-08	-3.6859130859375E-06	-3.61572265625E-06	-5.33582671380373E-08	-10830435	2.58800046140095E-05
150	171.979628565793	0.75469970703125	0.7550048828125	-4.60815429687497E-08	-3.7457275390625E-06	-3.69964599609375E-06	-3.47917890053395E-08	-16384106	2.58770978689427E-05
151	172.029628565667	0.749664306640625	0.749603271484375	-3.96728515625056E-09	-3.8372802734375E-06	-3.83331298828125E-06	-2.97389002312798E-09	-188946160	2.5875846404233E-05
152	172.079628565541	0.74462890625	0.744537353515625	4.48608398437494E-08	-3.956298828125E-06	-4.00115966796875E-06	3.3400571197717E-08	16596598	2.58768686762778E-05
153	172.129628565414	0.739593505859375	0.739532470703125	1.055908203125E-07	-4.09881591796875E-06	-4.20440673828125E-06	7.80878366413162E-08	7003757.5	2.58806303463643E-05
154	172.179628565288	0.73455810546875	0.73443603515625	1.74865722656251E-07	-4.26422119140625E-06	-4.4390869140625E-06	1.28427686263421E-07	4200000	2.58876407315256E-05
155	172.229628565162	0.729522705078125	0.72943115234375	2.484130859375E-07	-4.4464111328125E-06	-4.69482421875E-06	1.81200235260803E-07	2936363.75	2.58982236118754E-05
156	172.279628565036	0.7244873046875	0.724334716796875	3.2379150390625E-07	-4.638671875E-06	-4.96246337890625E-06	2.34533416687555E-07	2237040.75	2.59125281445449E-05
157	172.32962856491	0.719451904296875	0.71923828125	3.94287109374999E-07	-4.840087890625E-06	-5.234375E-06	2.8358638815007E-07	1824148.625	2.59304797509685E-05
158	172.379628564783	0.71441650390625	0.71429443359375	4.56848144531249E-07	-5.0384521484375E-06	-5.49530029296875E-06	3.26324084198859E-07	1563527.125	2.59517582890112E-05
159	172.429628564657	0.709381103515625	0.709259033203125	5.07507324218751E-07	-5.23681640625E-06	-5.74432373046875E-06	3.59954157147513E-07	1397534.625	2.59758671745658E-05
160	172.479628564531	0.704345703125	0.7042236328125	5.42602539062501E-07	-5.4168701171875E-06	-5.95947265625E-06	3.82113540808859E-07	1297862.75	2.60021206486272E-05
161	172.529628564405	0.699310302734375	0.699188232421875	5.5755615234375E-07	-5.5816650390625E-06	-6.13922119140625E-06	3.89836685599221E-07	1254023	2.60296237684088E-05
162	172.579628564278	0.69427490234375	0.694122314453125	5.52978515624999E-07	-5.718994140625E-06	-6.27197265625E-06	3.83834731110255E-07	1255242.875	2.60573870036751E-05
163	172.629628564152	0.689239501953125	0.68914794921875	5.2764892578125E-07	-5.828857421875E-06	-6.35650634765625E-06	3.63628174682162E-07	1306072.875	2.60844026342966E-05
164	172.679628564026	0.6842041015625	0.684051513671875	4.7943115234375E-07	-5.9051513671875E-06	-6.38458251953125E-06	3.27955604007002E-07	1426798.25	2.61095810856204E-05
165	172.7296285639	0.679168701171875	0.679046630859375	4.1046142578125E-07	-5.94482421875E-06	-6.35528564453125E-06	2.78722438906698E-07	1654349.5	2.61318273260258E-05
166	172.779628563773	0.67413330078125	0.67401123046875	3.2379150390625E-07	-5.9417724609375E-06	-6.26556396484375E-06	2.18239094351702E-07	2081621.25	2.61501845670864E-05
167	172.829628563647	0.669097900390625	0.6689453125	2.2125244140625E-07	-5.8990478515625E-06	-6.12030029296875E-06	1.48005781852589E-07	3023448.25	2.61638106167084E-05
168	172.879628563521	0.6640625	0.663970947265625	1.0406494140625E-07	-5.816650390625E-06	-5.92071533203125E-06	6.90960959559561E-08	6380352	2.61719433183316E-05
169	172.929628563395	0.659027099609375	0.65887451171875	-2.34985351562494E-08	-5.694580078125E-06	-5.67108154296875E-06	-1.54825858800223E-08	-28038962	2.61739569396013E-05
170	172.979628563268	0.65399169921875	0.65386962890625	-1.57470703125E-07	-5.5419921875E-06	-5.384521484375E-06	-1.0296530206233E-07	-4152325.75	2.61694331129547E-05
171	173.029628563142	0.648956298828125	0.64886474609375	-2.95410156250001E-07	-5.35888671875E-06	-5.0634765625E-06	-1.9168123799318E-07	-2196487.5	2.61581117229071E-05
172	173.079628563016	0.6439208984375	0.643798828125	-4.34265136718751E-07	-5.157470703125E-06	-4.72320556640625E-06	-2.79579381867734E-07	-1482501.75	2.61398690781789E-05
173	173.12962856289	0.638885498046875	0.63873291015625	-5.706787109375E-07	-4.94384765625E-06	-4.3731689453125E-06	-3.64511265615874E-07	-1119251.375	2.61147451965371E-05
174	173.179628562763	0.63385009765625	0.63372802734375	-7.01293945312501E-07	-4.72412109375E-06	-4.0228271484375E-06	-4.44429616663911E-07	-903655.375	2.60829456237843E-05
175	173.229628562637	0.628814697265625	0.628692626953125	-8.2427978515625E-07	-4.5013427734375E-06	-3.67706298828125E-06	-5.18218598699605E-07	-762717.5	2.60448068729602E-05
176	173.279628562511	0.623779296875	0.6236572265625	-9.37499999999999E-07	-4.28314208984375E-06	-3.34564208984375E-06	-5.84678616633028E-07	-665234.375	2.60007618635427E-05
177	173.329628562385	0.618743896484375	0.618682861328125	-1.03759765625E-06	-4.07470703125E-06	-3.037109375E-06	-6.41943870505202E-07	-596264.75	2.59513853961835E-05
178	173.379628562259	0.61370849609375	0.613677978515625	-1.124267578125E-06	-3.87847900390625E-06	-2.75421142578125E-06	-6.89938246978272E-07	-545846.9375	2.58973377640359E-05
179	173.429628562132	0.608673095703125	0.60858154296875	-1.197509765625E-06	-3.6944580078125E-06	-2.4969482421875E-06	-7.28782310943643E-07	-508205.9375	2.58392938121688E-05
180	173.479628562006	0.6036376953125	0.603668212890625	-1.2567138671875E-06	-3.5235595703125E-06	-2.266845703125E-06	-7.58638236675324E-07	-480354.53125	2.57779374805978E-05
181	173.52962856188	0.598602294921875	0.598541259765625	-1.3018798828125E-06	-3.36761474609375E-06	-2.06573486328125E-06	-7.79228798819531E-07	-459751.53125	2.57139727182221E-05
182	173.579628561754	0.59356689453125	0.593536376953125	-1.33514404296875E-06	-3.22509765625E-06	-1.88995361328125E-06	-7.92456546605536E-07	-444548.59375	2.56480470852694E-05
183	173.629628561627	0.588531494140625	0.588592529296875	-1.357421875E-06	-3.09539794921875E-06	-1.73797607421875E-06	-7.98968358139973E-07	-433610.625	2.55807335634017E-05
184	173.679628561501	0.58349609375	0.58343505859375	-1.36962890625E-06	-2.97698974609375E-06	-1.60736083984375E-06	-7.99089491465566E-07	-425980.40625	2.55125578405568E-05
185	173.729628561375	0.578460693359375	0.578460693359375	-1.3720703125E-06	-2.87017822265625E-06	-1.49810791015625E-06	-7.93688741396181E-07	-421596.96875	2.54440146818524E-05
186	173.779628561249	0.57342529296875	0.57342529296875	-1.36810302734375E-06	-2.77374267578125E-06	-1.4056396484375E-06	-7.84504834427935E-07	-419139	2.53755097219255E-05
187	173.829628561122	0.568389892578125	0.568359375	-1.3580322265625E-06	-2.68585205078125E-06	-1.32781982421875E-06	-7.71850295677723E-07	-418516.875	2.53073576459428E-05
188	173.879628560996	0.5633544921875	0.563323974609375	-1.34246826171875E-06	-2.6068115234375E-06	-1.26434326171875E-06	-7.56244503463677E-07	-419618.125	2.52398440352408E-05
189	173.92962856087	0.558319091796875	0.558349609375	-1.3238525390625E-06	-2.535400390625E-06	-1.2115478515625E-06	-7.39172548946954E-07	-421761.1875	2.51731871685479E-05
190	173.979628560744	0.55328369140625	0.553253173828125	-1.30126953125E-06	-2.4700927734375E-06	-1.1688232421875E-06	-7.19931506409921E-07	-425164.15625	2.51075580308679E-05
191	174.029628560617	0.548248291015625	0.548248291015625	-1.2774658203125E-06	-2.40966796875E-06	-1.1322021484375E-06	-7.00368445905042E-07	-429168.65625	2.50430894084275E-05
192	174.079628560491	0.543212890625	0.543182373046875	-1.25152587890625E-06	-2.3553466796875E-06	-1.10382080078125E-06	-6.79806817061035E-07	-434016.09375	2.4979864974739E-05
193	174.129628560365	0.538177490234375	0.538116455078125	-1.2249755859375E-06	-2.3046875E-06	-1.0797119140625E-06	-6.59179534068244E-07	-439287.5	2.49179520324105E-05
194	174.179628560239	0.53314208984375	0.533172607421875	-1.19781494140625E-06	-2.25921630859375E-06	-1.0614013671875E-06	-6.38642063677253E-07	-445121.03125	2.48573833232513E-05
195	174.229628560112	0.528106689453125	0.528076171875	-1.16912841796875E-06	-2.215576171875E-06	-1.04644775390625E-06	-6.17388820955966E-07	-451683.65625	2.47982097789645E-05
196	174.279628559986	0.5230712890625	0.52301025390625	-1.14166259765625E-06	-2.17559814453125E-06	-1.033935546875E-06	-5.97101234234287E-07	-458112.8125	2.47404404944973E-05
197	174.32962855986	0.518035888671875	0.518035888671875	-1.114501953125E-06	-2.138671875E-06	-1.024169921875E-06	-5.77352011532639E-07	-464813.78125	2.46840354520828E-05
198	174.379628559734	0.51300048828125	0.513031005859375	-1.0870361328125E-06	-2.1026611328125E-06	-1.015625E-06	-5.57683222268679E-07	-471953.96875	2.46289964707103E-05
199	174.429628559608	0.507965087890625	0.5079345703125	-1.060791015625E-06	-2.0697021484375E-06	-1.0089111328125E-06	-5.38812400918687E-07	-478826.25	2.4575301722507E-05
200	174.479628559481	0.5029296875	0.502960205078125	-1.0357666015625E-06	-2.0379638671875E-06	-1.002197265625E-06	-5.20949356541678E-07	-485592.25	2.45228875428438E-05
201	174.529628559355	0.497894287109375	0.4979248046875	-1.01104736328125E-06	-2.0086669921875E-06	-9.97619628906249E-07	-5.03425496845011E-07	-492484.1875	2.44717175519327E-05
202	174.579628559229	0.49285888671875	0.492828369140625	-9.8724365234375E-07	-1.9805908203125E-06	-9.9334716796875E-07	-4.86541694044718E-07	-499196.28125	2.44217608269537E-05
203	174.629628559103	0.487823486328125	0.48779296875	-9.6405029296875E-07	-1.95281982421875E-06	-9.8876953125E-07	-4.70256964035798E-07	-505982.90625	2.437297735014E-05
204	174.679628558976	0.4827880859375	0.482818603515625	-9.4146728515625E-07	-1.9268798828125E-06	-9.8541259765625E-07	-4.54557891771401E-07	-512836.3125	2.43253398366505E-05
205	174.72962855885	0.477752685546875	0.477783203125	-9.2041015625E-07	-1.9024658203125E-06	-9.82055664062501E-07	-4.39756490777654E-07	-519098.15625	2.42787918978138E-05
206	174.779628558724	0.47271728515625	0.47265625	-8.990478515625E-07	-1.87896728515625E-06	-9.7991943359375E-07	-4.24940594712098E-07	-525729.8125	2.42333062487887E-05
207	174.829628558598	0.467681884765625	0.467681884765625	-8.7860107421875E-07	-1.85577392578125E-06	-9.771728515625E-07	-4.10905784065108E-07	-532302.875	2.41888646996813E-05
208	174.879628558471	0.462646484375	0.462646484375	-8.59680175781249E-07	-1.83441162109375E-06	-9.747314453125E-07	-3.97728001644282E-07	-538161.1875	2.41454072238412E-05
209	174.929628558345	0.457611083984375	0.457611083984375	-8.41064453125E-07	-1.8133544921875E-06	-9.722900390625E-07	-3.84880394221909E-07	-544085.625	2.41028901655227E-05
210	174.979628558219	0.45257568359375	0.45263671875	-8.23059082031249E-07	-1.7938232421875E-06	-9.70764160156251E-07	-3.72546736571167E-07	-549944.375	2.40612862398848E-05
211	175.029628558093	0.447540283203125	0.447509765625	-8.056640625E-07	-1.77490234375E-06	-9.6923828125E-07	-3.60542543376141E-07	-555454.5625	2.40205681620864E-05
212	175.079628557966	0.4425048828125	0.442535400390625	-7.8887939453125E-07	-1.75628662109375E-06	-9.674072265625E-07	-3.49107068586818E-07	-560967.125	2.39807050093077E-05
213	175.12962855784	0.437469482421875	0.437530517578125	-7.7239990234375E-07	-1.73858642578125E-06	-9.661865234375E-07	-3.37948506512475E-07	-566456	2.39416731346864E-05
214	175.179628557714	0.43243408203125	0.432464599609375	-7.568359375E-07	-1.72149658203125E-06	-9.6466064453125E-07	-3.27304746861046E-07	-571411.3125	2.39034416154027E-05
215	175.229628557588	0.427398681640625	0.427398681640625	-7.42492675781251E-07	-1.70501708984375E-06	-9.62524414062499E-07	-3.1734037975184E-07	-575626.8125	2.38659577007638E-05
216	175.279628557461	0.42236328125	0.422393798828125	-7.281494140625E-07	-1.68914794921875E-06	-9.6099853515625E-07	-3.07565784396502E-07	-580092.1875	2.38291922869394E-05
217	175.329628557335	0.417327880859375	0.41729736328125	-7.1441650390625E-07	-1.673583984375E-06	-9.59167480468751E-07	-2.98124120945431E-07	-584109.375	2.37931290030247E-05
218	175.379628557209	0.41229248046875	0.41229248046875	-7.01904296875E-07	-1.65863037109375E-06	-9.5672607421875E-07	-2.89389873842083E-07	-587391.3125	2.37577205552952E-05
219	175.429628557083	0.407257080078125	0.40728759765625	-6.89086914062501E-07	-1.64398193359375E-06	-9.54895019531249E-07	-2.80656536233437E-07	-591054.0625	2.37229451158782E-05
220	175.479628556957	0.4022216796875	0.40216064453125	-6.76574707031249E-07	-1.62933349609375E-06	-9.52758789062501E-07	-2.72091710940003E-07	-594406.875	2.36888045037631E-05
221	175.52962855683	0.397186279296875	0.397186279296875	-6.6436767578125E-07	-1.61529541015625E-06	-9.50927734375001E-07	-2.63877694806069E-07	-597841.125	2.36552805290557E-05
222	175.579628556704	0.39215087890625	0.3922119140625	-6.5338134765625E-07	-1.60186767578125E-06	-9.48486328125001E-07	-2.56263945175306E-07	-600280.25	2.36223368119681E-05
223	175.629628556578	0.387115478515625	0.3870849609375	-6.427001953125E-07	-1.58843994140625E-06	-9.4573974609375E-07	-2.48779571165869E-07	-602279.25	2.35899351537228E-05
224	175.679628556452	0.382080078125	0.382080078125	-6.3323974609375E-07	-1.5753173828125E-06	-9.4207763671875E-07	-2.41948271195724E-07	-603373.5	2.35580355365528E-05
225	175.729628556325	0.377044677734375	0.37713623046875	-6.23168945312499E-07	-1.5631103515625E-06	-9.3994140625E-07	-2.35019584238216E-07	-605191	2.35266252275323E-05
226	175.779628556199	0.37200927734375	0.37200927734375	-6.1370849609375E-07	-1.55029296875E-06	-9.3658447265625E-07	-2.28305253813232E-07	-606166.0625	2.34957042266615E-05
227	175.829628556073	0.366973876953125	0.366973876953125	-6.04858398437499E-07	-1.53839111328125E-06	-9.3353271484375E-07	-2.21967226821107E-07	-606710.4375	2.34652397921309E-05
228	175.879628555947	0.3619384765625	0.3619384765625	-5.96008300781251E-07	-1.52740478515625E-06	-9.31396484375E-07	-2.1571834452061E-07	-607270.875	2.34352173720254E-05
229	175.92962855582	0.356903076171875	0.356964111328125	-5.8746337890625E-07	-1.51641845703125E-06	-9.28955078125E-07	-2.09703344467016E-07	-607636.375	2.34056315093767E-05
230	175.979628555694	0.35186767578125	0.3519287109375	-5.78918457031249E-07	-1.50482177734375E-06	-9.259033203125E-07	-2.03738025561506E-07	-607907.25	2.33764712902484E-05
231	176.029628555568	0.346832275390625	0.346832275390625	-5.71289062499999E-07	-1.494140625E-06	-9.228515625E-07	-1.98141478335856E-07	-607104.75	2.33477167057572E-05
232	176.079628555442	0.341796875	0.34185791015625	-5.6304931640625E-07	-1.4837646484375E-06	-9.20715332031249E-07	-1.9248285809681E-07	-607154.5	2.33193586609559E-05
233	176.129628555315	0.336761474609375	0.336761474609375	-5.5572509765625E-07	-1.47369384765625E-06	-9.17968750000001E-07	-1.87146795838089E-07	-605985.75	2.32913880608976E-05
234	176.179628555189	0.33172607421875	0.331695556640625	-5.48095703125E-07	-1.46453857421875E-06	-9.16442871093751E-07	-1.81800899667905E-07	-605178.1875	2.32637939916458E-05
235	176.229628555063	0.326690673828125	0.326751708984375	-5.413818359375E-07	-1.45538330078125E-06	-9.1400146484375E-07	-1.76897444248425E-07	-603551.3125	2.32365564443171E-05
236	176.279628554937	0.3216552734375	0.3216552734375	-5.3375244140625E-07	-1.44622802734375E-06	-9.124755859375E-07	-1.71684277461281E-07	-602630.0625	2.32096772379009E-05
237	176.32962855481	0.316619873046875	0.316650390625	-5.27038574218749E-07	-1.43768310546875E-06	-9.1064453125E-07	-1.66886962915669E-07	-600810.6875	2.31831581913866E-05
238	176.379628554684	0.31158447265625	0.311553955078125	-5.2032470703125E-07	-1.42913818359375E-06	-9.08813476562501E-07	-1.62109216716999E-07	-598768.3125	2.31569738389226E-05
239	176.429628554558	0.306549072265625	0.306488037109375	-5.13610839843751E-07	-1.42181396484375E-06	-9.08203125E-07	-1.57415570356534E-07	-596732.0625	2.31311259994982E-05
240	176.479628554432	0.301513671875	0.301513671875	-5.0689697265625E-07	-1.41448974609375E-06	-9.075927734375E-07	-1.5283636400909E-07	-594822.375	2.3105612854124E-05
241	176.529628554306	0.296478271484375	0.296478271484375	-5.0018310546875E-07	-1.407470703125E-06	-9.07287597656249E-07	-1.4829342376288E-07	-592739.5	2.30804362217896E-05
242	176.579628554179	0.29144287109375	0.291412353515625	-4.9407958984375E-07	-1.40106201171875E-06	-9.06982421874999E-07	-1.43980898315021E-07	-589808.5	2.30555797315901E-05
243	176.629628554053	0.286407470703125	0.286407470703125	-4.8797607421875E-07	-1.39556884765625E-06	-9.075927734375E-07	-1.39759990247512E-07	-586929.3125	2.30310288316105E-05
244	176.679628553927	0.2813720703125	0.28143310546875	-4.8187255859375E-07	-1.3897705078125E-06	-9.0789794921875E-07	-1.35614882879054E-07	-584040.5625	2.30067817028612E-05
245	176.729628553801	0.276336669921875	0.27630615234375	-4.75463867187501E-07	-1.38458251953125E-06	-9.09118652343749E-07	-1.31373582235028E-07	-581129.6875	2.29828492592787E-05
246	176.779628553674	0.27130126953125	0.271270751953125	-4.69055175781249E-07	-1.38031005859375E-06	-9.11254882812501E-07	-1.27240937786155E-07	-578334.4375	2.29592351388419E-05
247	176.829628553548	0.266265869140625	0.26629638671875	-4.638671875E-07	-1.37603759765625E-06	-9.1217041015625E-07	-1.23526149309328E-07	-574079	2.29359120567096E-05
248	176.879628553422	0.26123046875	0.26123046875	-4.57763671875E-07	-1.37298583984375E-06	-9.1522216796875E-07	-1.19581812896286E-07	-570666.6875	2.29128709179349E-05
249	176.929628553296	0.256195068359375	0.256134033203125	-4.5196533203125E-07	-1.37054443359375E-06	-9.185791015625E-07	-1.15763697294824E-07	-566711.6875	2.28901280934224E-05
250	176.979628553169	0.25115966796875	0.251190185546875	-4.46166992187499E-07	-1.368408203125E-06	-9.22241210937501E-07	-1.12072768843063E-07	-562995.9375	2.2867674488225E-05
251	177.029628553043	0.246124267578125	0.24609375	-4.40368652343751E-07	-1.3665771484375E-06	-9.2620849609375E-07	-1.08371970952703E-07	-558835.75	2.28455119213322E-05
252	177.079628552917	0.2410888671875	0.241119384765625	-4.3487548828125E-07	-1.36566162109375E-06	-9.307861328125E-07	-1.04856908933471E-07	-554456.125	2.2823631297797E-05
253	177.129628552791	0.236053466796875	0.236083984375	-4.2877197265625E-07	-1.3653564453125E-06	-9.3658447265625E-07	-1.01226191873138E-07	-550605	2.28020398935769E-05
254	177.179628552664	0.23101806640625	0.2310791015625	-4.229736328125E-07	-1.3665771484375E-06	-9.43603515625001E-07	-9.77403615820549E-08	-546320.375	2.27807449846296E-05
255	177.229628552538	0.225982666015625	0.225982666015625	-4.168701171875E-07	-1.368408203125E-06	-9.51538085937501E-07	-9.42054185770758E-08	-542093.6875	2.27597502089338E-05
256	177.279628552412	0.220947265625	0.220916748046875	-4.11071777343749E-07	-1.3714599609375E-06	-9.60388183593751E-07	-9.08126409626675E-08	-537416.5	2.27390519285109E-05
257	177.329628552286	0.215911865234375	0.2159423828125	-4.04968261718749E-07	-1.37542724609375E-06	-9.70458984375E-07	-8.74498127245715E-08	-533232.875	2.27186501433607E-05
258	177.379628552159	0.21087646484375	0.210968017578125	-3.99169921875001E-07	-1.38031005859375E-06	-9.8114013671875E-07	-8.42120897459608E-08	-528516.8125	2.26985466724727E-05
259	177.429628552033	0.205841064453125	0.205841064453125	-3.93066406250001E-07	-1.38702392578125E-06	-9.9395751953125E-07	-8.09092028930536E-08	-523680.15625	2.26787415158469E-05
260	177.479628551907	0.2008056640625	0.20086669921875	-3.86657714843749E-07	-1.39434814453125E-06	-1.0076904296875E-06	-7.76666624346944E-08	-519494.875	2.26592474064091E-05
261	177.529628551781	0.195770263671875	0.195770263671875	-3.802490234375E-07	-1.40380859375E-06	-1.0235595703125E-06	-7.44414521136605E-08	-514847.53125	2.26400752580957E-05
262	177.579628551655	0.19073486328125	0.190704345703125	-3.73229980468751E-07	-1.41510009765625E-06	-1.0418701171875E-06	-7.11765792971164E-08	-510956.6875	2.26212378038326E-05
263	177.629628551528	0.185699462890625	0.18572998046875	-3.6651611328125E-07	-1.42913818359375E-06	-1.0626220703125E-06	-6.80730281032993E-08	-506744.40625	2.26027441385668E-05
264	177.679628551402	0.1806640625	0.180755615234375	-3.59191894531249E-07	-1.44439697265625E-06	-1.085205078125E-06	-6.49259490614895E-08	-503228.5625	2.25846015382558E-05
265	177.729628551276	0.175628662109375	0.1756591796875	-3.51867675781251E-07	-1.46331787109375E-06	-1.1114501953125E-06	-6.18087838688552E-08	-499219.4375	2.2566824554815E-05
266	177.77962855115	0.17059326171875	0.17059326171875	-3.436279296875E-07	-1.4849853515625E-06	-1.141357421875E-06	-5.86206105879228E-08	-496447.59375	2.25494386540959E-05
267	177.829628551023	0.165557861328125	0.16558837890625	-3.35083007812501E-07	-1.51092529296875E-06	-1.17584228515625E-06	-5.54858523571511E-08	-494171.21875	2.25324693019502E-05
268	177.879628550897	0.1605224609375	0.1605224609375	-3.265380859375E-07	-1.5411376953125E-06	-1.214599609375E-06	-5.24166949844584E-08	-491588.8125	2.25159292313037E-05
269	177.929628550771	0.155487060546875	0.155517578125	-3.16467285156249E-07	-1.5753173828125E-06	-1.25885009765625E-06	-4.921622220877E-08	-491417.59375	2.24998548219446E-05
270	177.979628550645	0.15045166015625	0.1505126953125	-3.06091308593751E-07	-1.61529541015625E-06	-1.3092041015625E-06	-4.60706246485643E-08	-491724.84375	2.24842897296185E-05
271	178.029628550518	0.145416259765625	0.145538330078125	-2.94189453125E-07	-1.66259765625E-06	-1.368408203125E-06	-4.2815841538868E-08	-494709.5625	2.24692830670392E-05
272	178.079628550392	0.140380859375	0.140411376953125	-2.81677246093751E-07	-1.7169189453125E-06	-1.43524169921875E-06	-3.95506916106569E-08	-498483.21875	2.24548875848996E-05
273	178.129628550266	0.135345458984375	0.135406494140625	-2.667236328125E-07	-1.7803955078125E-06	-1.513671875E-06	-3.61161092143902E-08	-507665.9375	2.24411760427756E-05
274	178.17962855014	0.13031005859375	0.130340576171875	-2.5054931640625E-07	-1.85333251953125E-06	-1.602783203125E-06	-3.26567395347865E-08	-520219.28125	2.24282448471058E-05
275	178.229628550013	0.125274658203125	0.125274658203125	-2.31018066406249E-07	-1.9378662109375E-06	-1.70684814453125E-06	-2.89407093845284E-08	-542272.125	2.24162049562437E-05
276	178.279628549887	0.1202392578125	0.12030029296875	-2.08740234375E-07	-2.0343017578125E-06	-1.8255615234375E-06	-2.51115110927458E-08	-576315.8125	2.24052109842887E-05
277	178.329628549761	0.115203857421875	0.11529541015625	-1.8310546875E-07	-2.1435546875E-06	-1.96044921875E-06	-2.11112194392626E-08	-629666.6875	2.23954157263506E-05
278	178.379628549635	0.11016845703125	0.110198974609375	-1.53198242187499E-07	-2.26837158203125E-06	-2.11517333984375E-06	-1.68822893442666E-08	-719322.6875	2.23870083573274E-05
279	178.429628549508	0.105133056640625	0.105194091796875	-1.1932373046875E-07	-2.4078369140625E-06	-2.28851318359375E-06	-1.25521513183458E-08	-881585.6875	2.23801944230217E-05
280	178.479628549382	0.10009765625	0.1002197265625	-8.087158203125E-08	-2.5634765625E-06	-2.48260498046875E-06	-8.10492739589108E-09	-1239245.375	2.23751903831726E-05
281	178.529628549256	0.095062255859375	0.0950927734375	-3.814697265625E-08	-2.7313232421875E-06	-2.69317626953125E-06	-3.62750141036372E-09	-2492800	2.23722145165084E-05
282	178.57962854913	0.09002685546875	0.09002685546875	1.19018554687503E-08	-2.91717529296875E-06	-2.9290771484375E-06	1.07148667716217E-09	7564102.5	2.23715578613337E-05
283	178.629628549004	0.084991455078125	0.08502197265625	6.40869140625E-08	-3.1170654296875E-06	-3.18115234375E-06	5.4487956369087E-09	1326666.75	2.23734587052604E-05
284	178.679628548877	0.0799560546875	0.08001708984375	1.1871337890625E-07	-3.3294677734375E-06	-3.44818115234375E-06	9.49909839675911E-09	674036	2.23780280066421E-05
285	178.729628548751	0.074920654296875	0.074981689453125	1.74865722656251E-07	-3.551025390625E-06	-3.72589111328125E-06	1.31117268153957E-08	428795.8125	2.23853676288854E-05
286	178.779628548625	0.06988525390625	0.069976806640625	2.31323242187501E-07	-3.7799072265625E-06	-4.01123046875E-06	1.61872613091418E-08	302506.59375	2.23955230467254E-05
287	178.829628548499	0.064849853515625	0.06488037109375	2.8533935546875E-07	-4.01214599609375E-06	-4.2974853515625E-06	1.85129227503467E-08	227379.6875	2.240843969048E-05
288	178.879628548372	0.059814453125	0.059844970703125	3.33251953124999E-07	-4.24346923828125E-06	-4.57672119140625E-06	1.99434513348251E-08	179578.765625	2.2423904738389E-05
289	178.929628548246	0.054779052734375	0.054779052734375	3.74450683593749E-07	-4.4677734375E-06	-4.84222412109375E-06	2.05120542773329E-08	146291.765625	2.24415962293278E-05
290	178.97962854812	0.04974365234375	0.049755859375	4.010009765625E-07	-4.6844482421875E-06	-5.08544921875E-06	1.99521483779108E-08	124079.15625	2.24609830183908E-05
291	179.029628547994	0.044708251953125	0.0447662353515625	4.20227050781249E-07	-4.8828125E-06	-5.30303955078125E-06	1.88119830824007E-08	106528.6875	2.24815139517887E-05
292	179.079628547867	0.0396728515625	0.0397430419921875	4.20227050781249E-07	-5.059814453125E-06	-5.48004150390625E-06	1.67011027230046E-08	94575.1640625	2.2502525098389E-05
293	179.129628547741	0.034637451171875	0.0347015380859375	4.01611328125E-07	-5.21240234375E-06	-5.614013671875E-06	1.39365301521366E-08	86405.7734375	2.25230705837021E-05
294	179.179628547615	0.02960205078125	0.029681396484375	3.65295410156249E-07	-5.3375244140625E-06	-5.70281982421875E-06	1.08424771383397E-08	81253.1328125	2.25422427320154E-05
295	179.229628547489	0.024566650390625	0.0246307373046875	3.11279296875E-07	-5.4290771484375E-06	-5.7403564453125E-06	7.66703767141053E-09	79127.453125	2.2559157514479E-05
296	179.279628547362	0.01953125	0.0195648193359375	2.38952636718751E-07	-5.487060546875E-06	-5.72601318359375E-06	4.67506477974666E-09	81877.3984375	2.25729127123486E-05
297	179.329628547236	0.014495849609375	0.0145660400390625	1.5289306640625E-07	-5.5084228515625E-06	-5.66131591796875E-06	2.22704654717631E-09	95269.4609375	2.25827097892761E-05
298	179.37962854711	0.00946044921875	0.009539794921875	5.24902343749994E-08	-5.4962158203125E-06	-5.5487060546875E-06	5.00746055731582E-10	181744.203125	2.25878447963623E-05
299	179.429628546984	0.004425048828125	0.00450439453125	-5.76782226562503E-08	-5.450439453125E-06	-5.39276123046875E-06	-2.59805482683007E-10	-78095.2421875	2.25877138291253E-05
300	179.479628546857	-0.0006103515625	-0.000537109374999997	-1.7578125E-07	-5.377197265625E-06	-5.201416015625E-06	9.44137545921819E-11	3055.55590820313	2.25818785111187E-05
301	179.529628546731	-0.005645751953125	-0.00557861328125001	-3.02734374999999E-07	-5.279541015625E-06	-4.976806640625E-06	1.68883806939135E-09	18427.419921875	2.25699150178116E-05
302	179.579628546605	-0.01068115234375	-0.010601806640625	-4.26635742187501E-07	-5.157470703125E-06	-4.7308349609375E-06	4.52310944254464E-09	24849.78515625	2.25516814680304E-05
303	179.629628546479	-0.015716552734375	-0.015643310546875	-5.4962158203125E-07	-5.023193359375E-06	-4.47357177734375E-06	8.5979001696046E-09	28461.96484375	2.25272742682137E-05
304	179.679628546353	-0.020751953125	-0.0206787109375	-6.6864013671875E-07	-4.8797607421875E-06	-4.21112060546875E-06	1.3826614519985E-08	30926.517578125	2.24968171096407E-05
305	179.729628546226	-0.025787353515625	-0.0256622314453125	-7.8094482421875E-07	-4.7332763671875E-06	-3.95233154296875E-06	2.004078680784E-08	32860.49609375	2.24605792027432E-05
306	179.7796285461	-0.03082275390625	-0.0306854248046875	-8.8470458984375E-07	-4.58984375E-06	-3.70513916015625E-06	2.71475339985727E-08	34684.375	2.24189370783279E-05
307	179.829628545974	-0.035858154296875	-0.0357421875	-9.783935546875E-07	-4.4464111328125E-06	-3.468017578125E-06	3.49699256219083E-08	36531.5	2.23723600356607E-05
308	179.879628545848	-0.0408935546875	-0.0407806396484375	-1.06201171875E-06	-4.30877685546875E-06	-3.24676513671875E-06	4.33095195262467E-08	38399.42578125	2.2321350115817E-05
309	179.929628545721	-0.045928955078125	-0.0458343505859375	-1.13311767578125E-06	-4.1802978515625E-06	-3.04718017578125E-06	5.1935710843054E-08	40449.7734375	2.22664712055121E-05
310	179.979628545595	-0.05096435546875	-0.050872802734375	-1.18988037109375E-06	-4.0606689453125E-06	-2.87078857421875E-06	6.05325496394471E-08	42754.5546875	2.22083963308251E-05
311	180.029628545469	-0.055999755859375	-0.05584716796875	-1.24114990234375E-06	-3.95050048828125E-06	-2.7093505859375E-06	6.93147086394674E-08	44996.3125	2.21476202568738E-05
312	180.079628545343	-0.06103515625	-0.060943603515625	-1.280517578125E-06	-3.85009765625E-06	-2.569580078125E-06	7.8039349205028E-08	47592.94921875	2.20845795411151E-05
313	180.129628545216	-0.066070556640625	-0.0660400390625	-1.31072998046875E-06	-3.7591552734375E-06	-2.44842529296875E-06	8.65606608613234E-08	50384.16796875	2.20197980524972E-05
314	180.17962854509	-0.07110595703125	-0.071044921875	-1.3330078125E-06	-3.67584228515625E-06	-2.34283447265625E-06	9.47034308751427E-08	53296.70703125	2.19537050725194E-05
315	180.229628544964	-0.076141357421875	-0.07611083984375	-1.3482666015625E-06	-3.59954833984375E-06	-2.25128173828125E-06	1.02617697450569E-07	56450.88671875	2.18866716750199E-05
316	180.279628544838	-0.0811767578125	-0.0810546875	-1.358642578125E-06	-3.531494140625E-06	-2.1728515625E-06	1.10124346974771E-07	59658.58203125	2.18189998122398E-05
317	180.329628544711	-0.086212158203125	-0.08612060546875	-1.36383056640625E-06	-3.47015380859375E-06	-2.1063232421875E-06	1.17453907932941E-07	63146.12109375	2.17509386857273E-05
318	180.379628544585	-0.09124755859375	-0.09112548828125	-1.3653564453125E-06	-3.41461181640625E-06	-2.04925537109375E-06	1.24418775726554E-07	66741.171875	2.16827083932003E-05
319	180.429628544459	-0.096282958984375	-0.09619140625	-1.363525390625E-06	-3.3642578125E-06	-2.000732421875E-06	1.3115942465447E-07	70546.109375	2.16144853766309E-05
320	180.479628544333	-0.101318359375	-0.101287841796875	-1.35955810546875E-06	-3.3184814453125E-06	-1.95892333984375E-06	1.37706706482277E-07	74500.5625	2.15464096982032E-05
321	180.529628544207	-0.106353759765625	-0.1063232421875	-1.353759765625E-06	-3.27850341796875E-06	-1.92474365234375E-06	1.43936134122669E-07	78539.2265625	2.14785759453662E-05
322	180.57962854408	-0.11138916015625	-0.111236572265625	-1.3470458984375E-06	-3.2415771484375E-06	-1.89453125E-06	1.49840772678544E-07	82578.1640625	2.1411056877696E-05
323	180.629628543954	-0.116424560546875	-0.116302490234375	-1.339111328125E-06	-3.20831298828125E-06	-1.86920166015625E-06	1.55741986418434E-07	86850.5	2.13439016079064E-05
324	180.679628543828	-0.1214599609375	-0.121429443359375	-1.33087158203125E-06	-3.17840576171875E-06	-1.8475341796875E-06	1.61606990900509E-07	91240.546875	2.12771519727539E-05
325	180.729628543702	-0.126495361328125	-0.126373291015625	-1.32232666015625E-06	-3.15216064453125E-06	-1.829833984375E-06	1.67106762205549E-07	95568.890625	2.12108225241536E-05
326	180.779628543575	-0.13153076171875	-0.13140869140625	-1.3128662109375E-06	-3.12835693359375E-06	-1.81549072265625E-06	1.72522021557597E-07	100092.984375	2.1144942365936E-05
327	180.829628543449	-0.136566162109375	-0.136383056640625	-1.30401611328125E-06	-3.10791015625E-06	-1.80389404296875E-06	1.77845706161861E-07	104586.9453125	2.10795205930481E-05
328	180.879628543323	-0.1416015625	-0.1414794921875	-1.29608154296875E-06	-3.0902099609375E-06	-1.79412841796875E-06	1.83368968009745E-07	109159.40625	2.10145190067124E-05
329	180.929628543197	-0.146636962890625	-0.146575927734375	-1.287841796875E-06	-3.07464599609375E-06	-1.78680419921875E-06	1.88766605901947E-07	113815.171875	2.09499194170348E-05
330	180.97962854307	-0.15167236328125	-0.15155029296875	-1.27960205078125E-06	-3.06182861328125E-06	-1.7822265625E-06	1.93924051927752E-07	118435.4921875	2.08857345569413E-05
331	181.029628542944	-0.156707763671875	-0.15655517578125	-1.2713623046875E-06	-3.05023193359375E-06	-1.77886962890625E-06	1.99038353798642E-07	123139.703125	2.0821960788453E-05
332	181.079628542818	-0.1617431640625	-0.16162109375	-1.2646484375E-06	-3.04107666015625E-06	-1.77642822265625E-06	2.04393856506613E-07	127799.234375	2.07585599127924E-05
333	181.129628542692	-0.166778564453125	-0.166656494140625	-1.25762939453125E-06	-3.03436279296875E-06	-1.7767333984375E-06	2.09592101896305E-07	132516.375	2.06955028261291E-05
334	181.179628542565	-0.17181396484375	-0.171661376953125	-1.2518310546875E-06	-3.0291748046875E-06	-1.77734375E-06	2.14891031191655E-07	137128.234375	2.06327658816008E-05
335	181.229628542439	-0.176849365234375	-0.176727294921875	-1.24664306640625E-06	-3.02581787109375E-06	-1.7791748046875E-06	2.20315854448927E-07	141762.546875	2.05703036044724E-05
336	181.279628542313	-0.181884765625	-0.18170166015625	-1.24176025390625E-06	-3.0242919921875E-06	-1.78253173828125E-06	2.25629889882839E-07	146325.890625	2.05080941668712E-05
337	181.329628542187	-0.186920166015625	-0.18670654296875	-1.23779296875E-06	-3.02520751953125E-06	-1.78741455078125E-06	2.31104039016827E-07	150838.265625	2.04461048269877E-05
338	181.37962854206	-0.19195556640625	-0.19171142578125	-1.23382568359375E-06	-3.02734375E-06	-1.79351806640625E-06	2.36538468811887E-07	155379.671875	2.03843155759387E-05
339	181.429628541934	-0.196990966796875	-0.19683837890625	-1.23199462890625E-06	-3.031005859375E-06	-1.79901123046875E-06	2.4250383034996E-07	159772.109375	2.03226700250525E-05
340	181.479628541808	-0.2020263671875	-0.201904296875	-1.23016357421875E-06	-3.03680419921875E-06	-1.806640625E-06	2.48375300770931E-07	164128.015625	2.02611154236365E-05
