Potential - Start 1.505 V, Stop -0.205 V, Step -0.005 V; Modulation - Amplitude -0.05 V, Time 0.025 s, Interval time 0.05 s
Index	Base.Time (s)	Potential applied (V)	WE(1).Base.Potential (V)	WE(1).Base.Current (A)	WE(1).Pulse.Current (A)	WE(1).δ.Current (A)	WE(1).Base.Power (W)	WE(1).Base.Resistance (Ω)	WE(1).Base.Charge (C)
1	164.029626585865	1.50497436523438	1.50482177734375	1.98822021484375E-06	1.163330078125E-06	-8.24890136718751E-07	2.99191697195056E-06	756868.75	0
2	164.079626585739	1.49993896484375	1.49993896484375	2.04437255859375E-06	1.17095947265625E-06	-8.73413085937501E-07	3.06643391922989E-06	733691.625	1.00814816050843E-07
3	164.129626585613	1.49490356445313	1.49444580078125	2.0013427734375E-06	1.1541748046875E-06	-8.47167968750001E-07	2.9908981105109E-06	746721.625	2.01957689682786E-07
4	164.179626585486	1.4898681640625	1.48956298828125	1.95159912109375E-06	1.1328125E-06	-8.18786621093751E-07	2.90702951133426E-06	763252.625	3.0078123813837E-07
5	164.22962658536	1.48483276367188	1.48468017578125	1.9024658203125E-06	1.11175537109375E-06	-7.9071044921875E-07	2.82455312117236E-06	780397.8125	3.97132851048809E-07
6	164.279626585234	1.47979736328125	1.4801025390625	1.856689453125E-06	1.09039306640625E-06	-7.6629638671875E-07	2.74809076472593E-06	797172.9375	4.9111173439087E-07
7	164.329626585108	1.47476196289063	1.4752197265625	1.81365966796875E-06	1.07025146484375E-06	-7.43408203125001E-07	2.67554651145474E-06	813393.9375	5.82870484322484E-07
8	164.379626584981	1.4697265625	1.4697265625	1.77398681640625E-06	1.05072021484375E-06	-7.232666015625E-07	2.60727551903983E-06	828487.875	6.72561611736455E-07
9	164.429626584855	1.46469116210938	1.4642333984375	1.7364501953125E-06	1.03302001953125E-06	-7.0343017578125E-07	2.54256838161382E-06	843233.75	7.60322564019589E-07
10	164.479626584729	1.45965576171875	1.45904541015625	1.70257568359375E-06	1.01531982421875E-06	-6.87255859375001E-07	2.48413516601431E-06	856963.625	8.46298178203142E-07
11	164.529626584603	1.45462036132813	1.45477294921875	1.6705322265625E-06	9.9822998046875E-07	-6.72302246093751E-07	2.43024487645016E-06	870844.0625	9.3062590167392E-07
12	164.579626584476	1.4495849609375	1.4495849609375	1.64093017578125E-06	9.8236083984375E-07	-6.58569335937499E-07	2.37866765928629E-06	883392.25	1.01341242952913E-06
13	164.62962658435	1.44454956054688	1.4447021484375	1.61407470703125E-06	9.674072265625E-07	-6.4666748046875E-07	2.33185710385442E-06	895065.25	1.09478753529402E-06
14	164.679626584224	1.43951416015625	1.439208984375	1.58905029296875E-06	9.53063964843751E-07	-6.35986328124999E-07	2.28697535931133E-06	905703.875	1.17486570161418E-06
15	164.729626584098	1.43447875976563	1.43463134765625	1.566162109375E-06	9.3994140625E-07	-6.26220703124999E-07	2.24686505134741E-06	916017.1875	1.25374594972527E-06
16	164.779626583971	1.429443359375	1.42974853515625	1.54449462890625E-06	9.259033203125E-07	-6.1859130859375E-07	2.20823881136312E-06	925706.4375	1.3315124078872E-06
17	164.829626583845	1.42440795898438	1.424560546875	1.5240478515625E-06	9.13391113281251E-07	-6.1065673828125E-07	2.17109823097417E-06	934721.6875	1.408226012245E-06
18	164.879626583719	1.41937255859375	1.419677734375	1.505126953125E-06	9.014892578125E-07	-6.03637695312499E-07	2.13679504668107E-06	943227.9375	1.48395531596179E-06
19	164.929626583593	1.41433715820313	1.4141845703125	1.48773193359375E-06	8.8958740234375E-07	-5.9814453125E-07	2.10392749977473E-06	950564.125	1.55877683027938E-06
20	164.979626583466	1.4093017578125	1.4093017578125	1.4715576171875E-06	8.7860107421875E-07	-5.92956542968749E-07	2.07386869988113E-06	957693.9375	1.63275899467408E-06
21	165.02962658334	1.40426635742188	1.4044189453125	1.456298828125E-06	8.67614746093751E-07	-5.88684082031249E-07	2.0452537228266E-06	964375.5	1.70595546933328E-06
22	165.079626583214	1.39923095703125	1.39984130859375	1.4422607421875E-06	8.56933593750001E-07	-5.85327148437499E-07	2.01893612938875E-06	970588.3125	1.77841945969703E-06
23	165.129626583088	1.39419555664063	1.3946533203125	1.4288330078125E-06	8.4686279296875E-07	-5.8197021484375E-07	1.99272676582041E-06	976078.625	1.85019678156095E-06
24	165.179626582962	1.38916015625	1.38916015625	1.4166259765625E-06	8.3648681640625E-07	-5.8013916015625E-07	1.96792029782955E-06	980611.8125	1.92133325072064E-06
25	165.229626582835	1.38412475585938	1.38397216796875	1.40472412109375E-06	8.2672119140625E-07	-5.780029296875E-07	1.94409903997439E-06	985227	1.99186706595356E-06
26	165.279626582709	1.37908935546875	1.37908935546875	1.3934326171875E-06	8.16650390625E-07	-5.767822265625E-07	1.92166817214456E-06	989706.5	2.06182085094042E-06
27	165.329626582583	1.37405395507813	1.3739013671875	1.383056640625E-06	8.074951171875E-07	-5.755615234375E-07	1.90018340617826E-06	993380.375	2.13123325920606E-06
28	165.379626582457	1.3690185546875	1.3690185546875	1.37359619140625E-06	7.98645019531249E-07	-5.74951171875E-07	1.880478748717E-06	996667.375	2.20014953811187E-06
29	165.42962658233	1.36398315429688	1.36444091796875	1.36383056640625E-06	7.89489746093749E-07	-5.74340820312501E-07	1.86086617759429E-06	1000447.5625	2.2685851490678E-06
30	165.479626582204	1.35894775390625	1.35894775390625	1.35528564453125E-06	7.8094482421875E-07	-5.74340820312499E-07	1.84176224138355E-06	1002702.125	2.33656305681507E-06
31	165.529626582078	1.35391235351563	1.3543701171875	1.34674072265625E-06	7.71179199218749E-07	-5.75561523437501E-07	1.8239852579427E-06	1005665.125	2.40411372942617E-06
32	165.579626581952	1.348876953125	1.348876953125	1.33880615234375E-06	7.62939453125E-07	-5.7586669921875E-07	1.80588472176169E-06	1007522.25	2.47125240093737E-06
33	165.629626581825	1.34384155273438	1.343994140625	1.331787109375E-06	7.5408935546875E-07	-5.77697753906251E-07	1.78991399479855E-06	1009165.9375	2.53801727012615E-06
34	165.679626581699	1.33880615234375	1.3385009765625	1.32537841796875E-06	7.45544433593751E-07	-5.79833984375E-07	1.7740203475114E-06	1009901	2.60444630839629E-06
35	165.729626581573	1.33377075195313	1.33392333984375	1.318359375E-06	7.373046875E-07	-5.810546875E-07	1.75859020146163E-06	1011805.625	2.67053974312148E-06
36	165.779626581447	1.3287353515625	1.32843017578125	1.312255859375E-06	7.28759765625001E-07	-5.8349609375E-07	1.74324020463246E-06	1012325.625	2.73630507763301E-06
37	165.82962658132	1.32369995117188	1.32354736328125	1.30645751953125E-06	7.20825195312499E-07	-5.8563232421875E-07	1.72915838447807E-06	1013081.0625	2.80177300737705E-06
38	165.879626581194	1.31866455078125	1.31866455078125	1.30096435546875E-06	7.122802734375E-07	-5.8868408203125E-07	1.71553551808756E-06	1013605.5	2.8669585390162E-06
39	165.929626581068	1.31362915039063	1.31317138671875	1.29547119140625E-06	7.037353515625E-07	-5.9173583984375E-07	1.70117573361495E-06	1013663.125	2.9318694032554E-06
40	165.979626580942	1.30859375	1.30889892578125	1.28997802734375E-06	6.9580078125E-07	-5.94177246093749E-07	1.68845076586877E-06	1014667.6875	2.99650560009468E-06
41	166.029626580815	1.30355834960938	1.3037109375	1.285400390625E-06	6.8817138671875E-07	-5.97229003906249E-07	1.67579048593325E-06	1014245.0625	3.06089009427524E-06
42	166.079626580689	1.29852294921875	1.2982177734375	1.280517578125E-06	6.8023681640625E-07	-6.00280761718749E-07	1.66239055943151E-06	1013822.75	3.12503811983333E-06
43	166.129626580563	1.29348754882813	1.29364013671875	1.275634765625E-06	6.72607421875E-07	-6.0302734375E-07	1.65021231168794E-06	1014114.8125	3.18894194606401E-06
44	166.179626580437	1.2884521484375	1.2890625	1.270751953125E-06	6.6558837890625E-07	-6.05163574218751E-07	1.63807862918475E-06	1014409.25	3.25260157296725E-06
45	166.229626580311	1.28341674804688	1.2835693359375	1.26678466796875E-06	6.57958984375E-07	-6.0882568359375E-07	1.62600588282658E-06	1013249.875	3.31603996528429E-06
46	166.279626580184	1.27838134765625	1.27838134765625	1.26220703125E-06	6.50939941406251E-07	-6.11267089843749E-07	1.61358184413984E-06	1012814.375	3.37926462634641E-06
47	166.329626580058	1.27334594726563	1.2738037109375	1.2579345703125E-06	6.439208984375E-07	-6.14013671875E-07	1.60236163537775E-06	1012615.25	3.442268280196E-06
48	166.379626579932	1.268310546875	1.26800537109375	1.253662109375E-06	6.378173828125E-07	-6.15844726562501E-07	1.58965019636526E-06	1011441.125	3.50505820279068E-06
49	166.429626579806	1.26327514648438	1.26373291015625	1.25E-06	6.304931640625E-07	-6.195068359375E-07	1.57966610458971E-06	1010986.375	3.56764962816669E-06
50	166.479626579679	1.25823974609375	1.25823974609375	1.246337890625E-06	6.23474121093751E-07	-6.2286376953125E-07	1.56819191943214E-06	1009549.4375	3.63005824510765E-06
51	166.529626579553	1.25320434570313	1.25335693359375	1.24237060546875E-06	6.170654296875E-07	-6.2530517578125E-07	1.55713371441379E-06	1008843.0625	3.69227586816123E-06
52	166.579626579427	1.2481689453125	1.24847412109375	1.23870849609375E-06	6.1065673828125E-07	-6.280517578125E-07	1.54649546857399E-06	1007883.75	3.7543029520748E-06
53	166.629626579301	1.24313354492188	1.24359130859375	1.23504638671875E-06	6.04248046875E-07	-6.30798339843749E-07	1.53589292040124E-06	1006918.6875	3.81614654543228E-06
54	166.679626579174	1.23809814453125	1.23809814453125	1.2322998046875E-06	5.96923828125E-07	-6.35375976562501E-07	1.52570805767027E-06	1004705.375	3.87783029509592E-06
55	166.729626579048	1.23306274414063	1.23321533203125	1.229248046875E-06	5.9051513671875E-07	-6.3873291015625E-07	1.51592746533424E-06	1003227.4375	3.93936898035463E-06
56	166.779626578922	1.22802734375	1.22772216796875	1.22650146484375E-06	5.8349609375E-07	-6.43005371093751E-07	1.50580308400095E-06	1000995.25	4.00076260120841E-06
57	166.829626578796	1.22299194335938	1.22344970703125	1.224365234375E-06	5.767822265625E-07	-6.47583007812499E-07	1.49794925619062E-06	999252.3125	4.06203434977215E-06
58	166.879626578669	1.21795654296875	1.21795654296875	1.221923828125E-06	5.69763183593749E-07	-6.52160644531251E-07	1.4882500636304E-06	996753.3125	4.12319150200346E-06
59	166.929626578543	1.21292114257813	1.21246337890625	1.2200927734375E-06	5.6182861328125E-07	-6.58264160156251E-07	1.47931768879062E-06	993746.9375	4.18424224335467E-06
60	166.979626578417	1.2078857421875	1.2078857421875	1.21856689453125E-06	5.535888671875E-07	-6.6497802734375E-07	1.47188950450072E-06	991234.75	4.24520840169862E-06
61	167.029626578291	1.20285034179688	1.20330810546875	1.21673583984375E-06	5.450439453125E-07	-6.7169189453125E-07	1.46410798151919E-06	988964.1875	4.30609134127735E-06
62	167.079626578164	1.19781494140625	1.19720458984375	1.2158203125E-06	5.36499023437501E-07	-6.793212890625E-07	1.45558556141623E-06	984688.8125	4.36690515925875E-06
63	167.129626578038	1.19277954101563	1.192626953125	1.2152099609375E-06	5.2642822265625E-07	-6.88781738281249E-07	1.44929219914047E-06	981416.375	4.42768077846267E-06
64	167.179626577912	1.187744140625	1.187744140625	1.21490478515625E-06	5.1605224609375E-07	-6.988525390625E-07	1.44299599469377E-06	977643.875	4.48843366029905E-06
65	167.229626577786	1.18270874023438	1.18255615234375	1.2152099609375E-06	5.0506591796875E-07	-7.10144042968749E-07	1.43705403843342E-06	973129.0625	4.54918654213543E-06
66	167.27962657766	1.17767333984375	1.17706298828125	1.2158203125E-06	4.91943359374999E-07	-7.23876953125001E-07	1.43109696182364E-06	968122.5625	4.60996216133935E-06
67	167.329626577533	1.17263793945313	1.17279052734375	1.217041015625E-06	4.779052734375E-07	-7.39135742187501E-07	1.42733415486873E-06	963640.9375	4.67078371002572E-06
68	167.379626577407	1.1676025390625	1.16790771484375	1.21856689453125E-06	4.62646484375E-07	-7.55920410156251E-07	1.42317355766863E-06	958427.3125	4.73167392556206E-06
69	167.429626577281	1.16256713867188	1.1627197265625	1.22161865234375E-06	4.45556640625E-07	-7.7606201171875E-07	1.42040005357558E-06	951786.1875	4.79267873743083E-06
70	167.479626577155	1.15753173828125	1.15814208984375	1.2255859375E-06	4.25109863281251E-07	-8.00476074218749E-07	1.41940267894825E-06	944970.125	4.85385862702969E-06
71	167.529626577028	1.15249633789063	1.15325927734375	1.23077392578125E-06	4.0283203125E-07	-8.27941894531251E-07	1.41940142839303E-06	937019.5625	4.9152677092934E-06
72	167.579626576902	1.1474609375	1.1474609375	1.2359619140625E-06	3.76281738281251E-07	-8.59680175781249E-07	1.41821806209919E-06	928395.0625	4.97693599754712E-06
73	167.629626576776	1.14242553710938	1.1419677734375	1.2432861328125E-06	3.466796875E-07	-8.96606445312501E-07	1.41979262480163E-06	918507.625	5.03891760672559E-06
74	167.67962657665	1.13739013671875	1.13739013671875	1.25244140625E-06	3.11889648437499E-07	-9.40551757812501E-07	1.42451449391956E-06	908138.4375	5.10131076225662E-06
75	167.729626576523	1.13235473632813	1.13250732421875	1.26251220703125E-06	2.7313232421875E-07	-9.89379882812499E-07	1.42980434247875E-06	897026.8125	5.16418458573753E-06
76	167.779626576397	1.1273193359375	1.12701416015625	1.2750244140625E-06	2.28271484375001E-07	-1.0467529296875E-06	1.43697047860769E-06	883915.75	5.22762275068089E-06
77	167.829626576271	1.12228393554688	1.12274169921875	1.2896728515625E-06	1.7669677734375E-07	-1.11297607421875E-06	1.44796945278358E-06	870563.1875	5.29174030816648E-06
78	167.879626576145	1.11724853515625	1.11724853515625	1.30706787109375E-06	1.1871337890625E-07	-1.1883544921875E-06	1.46031959502579E-06	854774.75	5.35665867573698E-06
79	167.929626576018	1.11221313476563	1.112060546875	1.326904296875E-06	5.340576171875E-08	-1.27349853515625E-06	1.47559785546036E-06	838086.5	5.42250791113474E-06
80	167.979626575892	1.107177734375	1.10748291015625	1.34918212890625E-06	-2.01416015624997E-08	-1.36932373046875E-06	1.49419611261692E-06	820855.0625	5.48941034139716E-06
81	168.029626575766	1.10214233398438	1.10198974609375	1.37359619140625E-06	-1.0040283203125E-07	-1.4739990234375E-06	1.5136889714995E-06	802266.125	5.55747965336195E-06
82	168.07962657564	1.09710693359375	1.09710693359375	1.4007568359375E-06	-1.8768310546875E-07	-1.58843994140625E-06	1.53678001879598E-06	783224.4375	5.62683862881386E-06
83	168.129626575513	1.09207153320313	1.09222412109375	1.4300537109375E-06	-2.8045654296875E-07	-1.71051025390625E-06	1.56193914335745E-06	763764.4375	5.69760868529556E-06
84	168.179626575387	1.0870361328125	1.08642578125	1.461181640625E-06	-3.7841796875E-07	-1.839599609375E-06	1.58746536271792E-06	743525.5	5.76988986722426E-06
85	168.229626575261	1.08200073242188	1.08184814453125	1.49322509765625E-06	-4.779052734375E-07	-1.97113037109375E-06	1.61544278398651E-06	724504.375	5.84374993195524E-06
86	168.279626575135	1.07696533203125	1.07757568359375	1.52496337890625E-06	-5.78918457031249E-07	-2.1038818359375E-06	1.64326331741904E-06	706624	5.91920434089843E-06
87	168.329626575009	1.07192993164063	1.07208251953125	1.5557861328125E-06	-6.76574707031249E-07	-2.23236083984375E-06	1.66793108746788E-06	689093.8125	5.99622308072867E-06
88	168.379626574882	1.06689453125	1.06658935546875	1.58355712890625E-06	-7.69653320312499E-07	-2.35321044921875E-06	1.6890051028895E-06	673540.25	6.07470701652346E-06
89	168.429626574756	1.06185913085938	1.06109619140625	1.6070556640625E-06	-8.53271484375E-07	-2.4603271484375E-06	1.70524060649768E-06	660273.4375	6.1544719756057E-06
90	168.47962657463	1.05682373046875	1.05712890625	1.6241455078125E-06	-9.2681884765625E-07	-2.55096435546875E-06	1.71693113770743E-06	650883.125	6.23525238552247E-06
91	168.529626574504	1.05178833007813	1.05194091796875	1.6339111328125E-06	-9.86633300781251E-07	-2.62054443359375E-06	1.71877798038622E-06	643817.75	6.3167035477818E-06
92	168.579626574377	1.0467529296875	1.0467529296875	1.6339111328125E-06	-1.03118896484375E-06	-2.66510009765625E-06	1.71030126239202E-06	640642.5	6.3983993641159E-06
93	168.629626574251	1.04171752929688	1.0418701171875	1.6241455078125E-06	-1.05987548828125E-06	-2.68402099609375E-06	1.69214865763934E-06	641488.1875	6.47985052637523E-06
94	168.679626574125	1.03668212890625	1.03668212890625	1.60400390625E-06	-1.07177734375E-06	-2.67578125E-06	1.66284212355094E-06	646309	6.56055453873705E-06
95	168.729626573999	1.03164672851563	1.0321044921875	1.572265625E-06	-1.0687255859375E-06	-2.6409912109375E-06	1.62274238846294E-06	656444.125	6.63996115690679E-06
96	168.779626573872	1.026611328125	1.026611328125	1.531982421875E-06	-1.051025390625E-06	-2.5830078125E-06	1.5727505342511E-06	670119.5	6.71756743031438E-06
97	168.829626573746	1.02157592773438	1.021728515625	1.483154296875E-06	-1.02142333984375E-06	-2.50457763671875E-06	1.51538097270532E-06	688888.875	6.79294544170261E-06
98	168.87962657362	1.01654052734375	1.0162353515625	1.4276123046875E-06	-9.808349609375E-07	-2.408447265625E-06	1.45079002322746E-06	711842.6875	6.86571502228617E-06
99	168.929626573494	1.01150512695313	1.01165771484375	1.36810302734375E-06	-9.3231201171875E-07	-2.3004150390625E-06	1.38405187044555E-06	739460.1875	6.93560787112801E-06
100	168.979626573367	1.0064697265625	1.00677490234375	1.3067626953125E-06	-8.78295898437501E-07	-2.18505859375E-06	1.31561580474227E-06	770434.375	7.00247937857057E-06
101	169.029626573241	1.00143432617188	1.0015869140625	1.2457275390625E-06	-8.221435546875E-07	-2.06787109375E-06	1.24770440379507E-06	804017.6875	7.06629180058371E-06
102	169.079626573115	0.99639892578125	0.9967041015625	1.18621826171875E-06	-7.6416015625E-07	-1.95037841796875E-06	1.18230855150614E-06	840236.6875	7.12709015715518E-06
103	169.129626572989	0.991363525390625	0.99151611328125	1.13128662109375E-06	-7.080078125E-07	-1.83929443359375E-06	1.12168891064357E-06	876450	7.18502769814222E-06
104	169.179626572863	0.986328125	0.9869384765625	1.080322265625E-06	-6.5460205078125E-07	-1.73492431640625E-06	1.06621155282483E-06	913559.3125	7.24031815479975E-06
105	169.229626572736	0.981292724609375	0.9808349609375	1.03485107421875E-06	-6.0394287109375E-07	-1.6387939453125E-06	1.01501802873827E-06	947803.0625	7.29319754100288E-06
106	169.27962657261	0.97625732421875	0.97625732421875	9.94262695312501E-07	-5.5877685546875E-07	-1.55303955078125E-06	9.70656174104079E-07	981890.75	7.34392506274162E-06
107	169.329626572484	0.971221923828125	0.97076416015625	9.5947265625E-07	-5.2001953125E-07	-1.4794921875E-06	9.31421709537972E-07	1011768.4375	7.39276856620563E-06
108	169.379626572358	0.9661865234375	0.96588134765625	9.31701660156251E-07	-4.901123046875E-07	-1.42181396484375E-06	8.99913231933169E-07	1036685.25	7.44004819352995E-06
109	169.429626572231	0.961151123046875	0.96160888671875	9.0911865234375E-07	-4.67529296874999E-07	-1.37664794921875E-06	8.74216539159534E-07	1057737.5	7.48606862543966E-06
110	169.479626572105	0.95611572265625	0.95611572265625	8.929443359375E-07	-4.5166015625E-07	-1.3446044921875E-06	8.53758081120759E-07	1070745.125	7.53111999074463E-06
111	169.529626571979	0.951080322265625	0.95062255859375	8.819580078125E-07	-4.4403076171875E-07	-1.32598876953125E-06	8.38409164316545E-07	1077854.75	7.57549241825473E-06
112	169.579626571853	0.946044921875	0.94635009765625	8.758544921875E-07	-4.41894531250001E-07	-1.3177490234375E-06	8.28864983759559E-07	1080487.875	7.61943783800234E-06
113	169.629626571726	0.941009521484375	0.94085693359375	8.73718261718751E-07	-4.4677734375E-07	-1.32049560546875E-06	8.22043887183099E-07	1076842.5	7.66317771194736E-06
114	169.6796265716	0.93597412109375	0.93597412109375	8.7493896484375E-07	-4.5623779296875E-07	-1.3311767578125E-06	8.1892022762986E-07	1069759.375	7.70689348428277E-06
115	169.729626571474	0.930938720703125	0.931396484375	8.80126953125E-07	-4.70886230468751E-07	-1.35101318359375E-06	8.19747128844028E-07	1058252.375	7.7507702371804E-06
116	169.779626571348	0.9259033203125	0.92559814453125	8.868408203125E-07	-4.90417480468749E-07	-1.37725830078125E-06	8.20858190309082E-07	1043702.75	7.79494439484552E-06
117	169.829626571221	0.920867919921875	0.92132568359375	8.96606445312501E-07	-5.1239013671875E-07	-1.40899658203125E-06	8.26066525405622E-07	1027569.8125	7.83953055361053E-06
118	169.879626571095	0.91583251953125	0.91644287109375	9.06982421874999E-07	-5.3741455078125E-07	-1.44439697265625E-06	8.31197553452512E-07	1010430.6875	7.88462057244033E-06
119	169.929626570969	0.910797119140625	0.91094970703125	9.185791015625E-07	-5.62438964843751E-07	-1.48101806640625E-06	8.36779349810968E-07	991694.375	7.93025992606999E-06
120	169.979626570843	0.90576171875	0.90576171875	9.28955078125E-07	-5.88073730468749E-07	-1.51702880859375E-06	8.41411917917867E-07	975032.875	7.97644770500483E-06
121	170.029626570716	0.900726318359375	0.90087890625	9.3994140625E-07	-6.11572265625E-07	-1.551513671875E-06	8.46773389184818E-07	958441.5625	8.02317026682431E-06
122	170.07962657059	0.89569091796875	0.89599609375	9.478759765625E-07	-6.329345703125E-07	-1.580810546875E-06	8.4929314425608E-07	945267.25	8.07036576588871E-06
123	170.129626570464	0.890655517578125	0.89080810546875	9.54589843750001E-07	-6.50634765624999E-07	-1.605224609375E-06	8.50356343562453E-07	933184.125	8.11792688182322E-06
124	170.179626570338	0.8856201171875	0.88623046875	9.58251953125E-07	-6.6436767578125E-07	-1.62261962890625E-06	8.49232037580805E-07	924840.8125	8.16574811324244E-06
125	170.229626570212	0.880584716796875	0.880126953125	9.5855712890625E-07	-6.73522949218749E-07	-1.632080078125E-06	8.43651889681496E-07	918179	8.21366847958416E-06
126	170.279626570085	0.87554931640625	0.8758544921875	9.55810546875E-07	-6.7779541015625E-07	-1.63360595703125E-06	8.37150935240061E-07	916347.4375	8.26152790978085E-06
127	170.329626569959	0.870513916015625	0.87066650390625	9.4879150390625E-07	-6.77490234375E-07	-1.62628173828125E-06	8.26080963634013E-07	917658.4375	8.30914268590277E-06
128	170.379626569833	0.865478515625	0.86578369140625	9.38720703125E-07	-6.7291259765625E-07	-1.61163330078125E-06	8.12729069821216E-07	922301.6875	8.35633090900956E-06
129	170.429626569707	0.860443115234375	0.86090087890625	9.26513671875E-07	-6.6436767578125E-07	-1.59088134765625E-06	7.97636403149227E-07	929183.1875	8.40296161186416E-06
130	170.47962656958	0.85540771484375	0.855712890625	9.1094970703125E-07	-6.53991699218751E-07	-1.56494140625E-06	7.79511367454688E-07	939363.5	8.4488983702613E-06
131	170.529626569454	0.850372314453125	0.850830078125	8.94775390624999E-07	-6.427001953125E-07	-1.5374755859375E-06	7.61301805596304E-07	950886.75	8.4940411397838E-06
132	170.579626569328	0.8453369140625	0.8453369140625	8.7738037109375E-07	-6.30798339843749E-07	-1.5081787109375E-06	7.41681958515983E-07	963478.3125	8.53834535519127E-06
133	170.629626569202	0.840301513671875	0.8404541015625	8.6090087890625E-07	-6.20422363281251E-07	-1.4813232421875E-06	7.2354765734417E-07	976249.5625	8.58180192153668E-06
134	170.679626569075	0.83526611328125	0.83526611328125	8.453369140625E-07	-6.1370849609375E-07	-1.45904541015625E-06	7.06081266343972E-07	988086.6875	8.62445813254453E-06
135	170.729626568949	0.830230712890625	0.83038330078125	8.3160400390625E-07	-6.11572265625E-07	-1.44317626953125E-06	6.90550052695471E-07	998532.125	8.66638129082276E-06
136	170.779626568823	0.8251953125	0.8258056640625	8.209228515625E-07	-6.146240234375E-07	-1.435546875E-06	6.77922741942893E-07	1005948	8.70769508765079E-06
137	170.829626568697	0.820159912109375	0.8197021484375	8.1329345703125E-07	-6.2530517578125E-07	-1.4385986328125E-06	6.66658365844341E-07	1007880	8.74855049914913E-06
138	170.87962656857	0.81512451171875	0.8154296875	8.099365234375E-07	-6.44531249999999E-07	-1.4544677734375E-06	6.60446289657557E-07	1006782.1875	8.78913124324754E-06
139	170.929626568444	0.810089111328125	0.80963134765625	8.1146240234375E-07	-6.72607421875E-07	-1.48406982421875E-06	6.56985378100217E-07	997743.5625	8.82966560311615E-06
140	170.979626568318	0.8050537109375	0.8050537109375	8.1787109375E-07	-7.122802734375E-07	-1.5301513671875E-06	6.58430167277402E-07	984328.375	8.87039914232446E-06
141	171.029626568192	0.800018310546875	0.79986572265625	8.28857421875E-07	-7.66601562499999E-07	-1.595458984375E-06	6.62974628085067E-07	965022.0625	8.91156742000021E-06
142	171.079626568065	0.79498291015625	0.7952880859375	8.441162109375E-07	-8.32519531250001E-07	-1.6766357421875E-06	6.71315547151607E-07	942154.75	8.95339144335594E-06
143	171.129626567939	0.789947509765625	0.79010009765625	8.6639404296875E-07	-9.1217041015625E-07	-1.778564453125E-06	6.84538008499658E-07	911940.8125	8.9961549747386E-06
144	171.179626567813	0.784912109375	0.78521728515625	8.94775390624999E-07	-1.007080078125E-06	-1.90185546875E-06	7.02593069945578E-07	877558	9.04018361325143E-06
145	171.229626567687	0.779876708984375	0.78033447265625	9.28649902343751E-07	-1.11663818359375E-06	-2.0452880859375E-06	7.24657468254009E-07	840289.25	9.08576930669369E-06
146	171.279626567561	0.77484130859375	0.77484130859375	9.686279296875E-07	-1.24267578125E-06	-2.2113037109375E-06	7.50532876736543E-07	799937	9.13320127438055E-06
147	171.329626567434	0.769805908203125	0.76995849609375	1.01348876953125E-06	-1.383056640625E-06	-2.39654541015625E-06	7.80344237227837E-07	759711	9.18275418371195E-06
148	171.379626567308	0.7647705078125	0.76507568359375	1.0638427734375E-06	-1.536865234375E-06	-2.6007080078125E-06	8.13920223663445E-07	719162.375	9.23468724067789E-06
149	171.429626567182	0.759735107421875	0.7598876953125	1.11785888671875E-06	-1.70135498046875E-06	-2.8192138671875E-06	8.49447246764612E-07	679770.6875	9.28922963794321E-06
150	171.479626567056	0.75469970703125	0.75439453125	1.17462158203125E-06	-1.87408447265625E-06	-3.0487060546875E-06	8.86128020738397E-07	642244.8125	9.34654235607013E-06
151	171.529626566929	0.749664306640625	0.749603271484375	1.2347412109375E-06	-2.05078125E-06	-3.2855224609375E-06	9.25565984744026E-07	607093.4375	9.40677637117915E-06
152	171.579626566803	0.74462890625	0.7445068359375	1.2884521484375E-06	-2.2271728515625E-06	-3.515625E-06	9.59261456046079E-07	577830.4375	9.46985619521001E-06
153	171.629626566677	0.739593505859375	0.739471435546875	1.34002685546875E-06	-2.39532470703125E-06	-3.7353515625E-06	9.90911644294101E-07	551833.3125	9.53556809690781E-06
154	171.679626566551	0.73455810546875	0.73443603515625	1.385498046875E-06	-2.552490234375E-06	-3.93798828125E-06	1.01755961168237E-06	530088.125	9.60370653046994E-06
155	171.729626566424	0.729522705078125	0.729400634765625	1.42120361328125E-06	-2.6910400390625E-06	-4.11224365234375E-06	1.03662682704453E-06	513227.40625	9.67387404671172E-06
156	171.779626566298	0.7244873046875	0.724395751953125	1.44317626953125E-06	-2.8070068359375E-06	-4.25018310546875E-06	1.04543073575769E-06	501945.46875	9.74548311205581E-06
157	171.829626566172	0.719451904296875	0.71942138671875	1.448974609375E-06	-2.8948974609375E-06	-4.3438720703125E-06	1.0424232641526E-06	496503.8125	9.81778703135205E-06
158	171.879626566046	0.71441650390625	0.714385986328125	1.4361572265625E-06	-2.95257568359375E-06	-4.38873291015625E-06	1.02597050499753E-06	497428.84375	9.88991541817086E-06
159	171.929626565919	0.709381103515625	0.709320068359375	1.40350341796875E-06	-2.97882080078125E-06	-4.38232421875E-06	9.95533127934323E-07	505392.5	9.96090693661245E-06
160	171.979626565793	0.704345703125	0.70428466796875	1.35101318359375E-06	-2.9718017578125E-06	-4.32281494140625E-06	9.51497838741489E-07	521301.125	1.00297693279572E-05
161	172.029626565667	0.699310302734375	0.699249267578125	1.27777099609375E-06	-2.93487548828125E-06	-4.212646484375E-06	8.93480375907529E-07	547241.5	1.00954894151073E-05
162	172.079626565541	0.69427490234375	0.69415283203125	1.18896484375E-06	-2.8704833984375E-06	-4.0594482421875E-06	8.25323297704017E-07	583829.5625	1.0157157703361E-05
163	172.129626565414	0.689239501953125	0.68914794921875	1.085205078125E-06	-2.78289794921875E-06	-3.86810302734375E-06	7.47866863548552E-07	635039.375	1.02140120361582E-05
164	172.179626565288	0.6842041015625	0.68414306640625	9.716796875E-07	-2.67730712890625E-06	-3.64898681640625E-06	6.64767924263288E-07	704082.9375	1.02654339571018E-05
165	172.229626565162	0.679168701171875	0.67901611328125	8.50524902343749E-07	-2.55828857421875E-06	-3.4088134765625E-06	5.77520097522211E-07	798349.5	1.03109887277242E-05
166	172.279626565036	0.67413330078125	0.67401123046875	7.275390625E-07	-2.4322509765625E-06	-3.1597900390625E-06	4.90369473027386E-07	926426.1875	1.03504407888977E-05
167	172.32962656491	0.669097900390625	0.6689453125	6.060791015625E-07	-2.30133056640625E-06	-2.90740966796875E-06	4.05433752348472E-07	1103726.125	1.03837810456753E-05
168	172.379626564783	0.6640625	0.663970947265625	4.89501953125E-07	-2.17010498046875E-06	-2.65960693359375E-06	3.25015065527623E-07	1356421.5	1.04111704786192E-05
169	172.429626564657	0.659027099609375	0.658905029296875	3.8116455078125E-07	-2.042236328125E-06	-2.42340087890625E-06	2.51151220709289E-07	1728663	1.04329374153167E-05
170	172.479626564531	0.65399169921875	0.653961181640625	2.83203125000001E-07	-1.91986083984375E-06	-2.20306396484375E-06	1.85203845148862E-07	2309159.5	1.04495466075605E-05
171	172.529626564405	0.648956298828125	0.64892578125	1.96228027343751E-07	-1.80389404296875E-06	-2.0001220703125E-06	1.27337429489671E-07	3306998.5	1.04615319287404E-05
172	172.579626564278	0.6439208984375	0.643890380859375	1.20849609375E-07	-1.69586181640625E-06	-1.81671142578125E-06	7.78139011003987E-08	5328030.5	1.04694590845611E-05
173	172.629626564152	0.638885498046875	0.63885498046875	5.73730468750006E-08	-1.5960693359375E-06	-1.6534423828125E-06	3.66530557016631E-08	11135106	1.04739146991051E-05
174	172.679626564026	0.63385009765625	0.63385009765625	5.18798828124945E-09	-1.50482177734375E-06	-1.510009765625E-06	3.28840688013088E-09	122176472	1.04754790299921E-05
175	172.7296265639	0.628814697265625	0.62884521484375	-3.57055664062494E-08	-1.42120361328125E-06	-1.385498046875E-06	-2.24532730186411E-08	-17611966	1.04747159639373E-05
176	172.779626563773	0.623779296875	0.623687744140625	-6.83593750000003E-08	-1.3470458984375E-06	-1.2786865234375E-06	-4.26349053839203E-08	-9123660	1.04721138995956E-05
177	172.829626563647	0.618743896484375	0.61865234375	-9.33837890624997E-08	-1.2786865234375E-06	-1.185302734375E-06	-5.77721017691601E-08	-6624836.5	1.04680702861515E-05
178	172.879626563521	0.61370849609375	0.6136474609375	-1.10473632812499E-07	-1.21826171875E-06	-1.1077880859375E-06	-6.77918592373317E-08	-5554696.5	1.04629743873375E-05
179	172.929626563395	0.608673095703125	0.608642578125	-1.2176513671875E-07	-1.16424560546875E-06	-1.04248046875E-06	-7.41114476454641E-08	-4998496	1.04571681731613E-05
180	172.979626563268	0.6036376953125	0.603607177734375	-1.28784179687499E-07	-1.1151123046875E-06	-9.86328125000001E-07	-7.77350521730114E-08	-4686967	1.04509044831502E-05
181	173.029626563142	0.598602294921875	0.59857177734375	-1.31835937499999E-07	-1.07147216796875E-06	-9.3963623046875E-07	-7.89132670320214E-08	-4540278	1.04443888631067E-05
182	173.079626563016	0.59356689453125	0.593505859375	-1.3153076171875E-07	-1.0333251953125E-06	-9.0179443359375E-07	-7.80642750441984E-08	-4512297	1.04378050309606E-05
183	173.12962656289	0.588531494140625	0.588470458984375	-1.28173828125E-07	-9.979248046875E-07	-8.697509765625E-07	-7.54265059299541E-08	-4591190.5	1.04313121482846E-05
184	173.179626562763	0.58349609375	0.58349609375	-1.239013671875E-07	-9.66491699218749E-07	-8.4259033203125E-07	-7.22959612176055E-08	-4709360	1.0425010259496E-05
185	173.229626562637	0.578460693359375	0.57843017578125	-1.18103027343749E-07	-9.3902587890625E-07	-8.209228515625E-07	-6.83143497326455E-08	-4897674.5	1.04189603007399E-05
186	173.279626562511	0.57342529296875	0.57342529296875	-1.11083984375E-07	-9.130859375E-07	-8.02001953124999E-07	-6.36983656931989E-08	-5162088	1.04132304841187E-05
187	173.329626562385	0.568389892578125	0.568389892578125	-1.025390625E-07	-8.9019775390625E-07	-7.8765869140625E-07	-5.82821648720255E-08	-5543155	1.04078899312299E-05
188	173.379626562259	0.5633544921875	0.563385009765625	-9.42993164062503E-08	-8.697509765625E-07	-7.7545166015625E-07	-5.31268220527181E-08	-5974433.5	1.04029686553986E-05
189	173.429626562132	0.558319091796875	0.558319091796875	-8.544921875E-08	-8.50524902343749E-07	-7.65075683593749E-07	-4.77079282745763E-08	-6533929	1.03984757515718E-05
190	173.479626562006	0.55328369140625	0.553314208984375	-7.62939453125E-08	-8.33740234374999E-07	-7.574462890625E-07	-4.22145234324489E-08	-7252400	1.03944321381277E-05
191	173.52962656188	0.548248291015625	0.54827880859375	-6.74438476562497E-08	-8.1817626953125E-07	-7.50732421875E-07	-3.69780295272903E-08	-8129412.5	1.0390838724561E-05
192	173.579626561754	0.543212890625	0.543182373046875	-5.79833984375E-08	-8.03527832031251E-07	-7.45544433593751E-07	-3.14955599378663E-08	-9367895	1.03877027868293E-05
193	173.629626561627	0.538177490234375	0.538177490234375	-5.00488281250003E-08	-7.91320800781251E-07	-7.4127197265625E-07	-2.69351509984972E-08	-10753049	1.03850015875651E-05
194	173.679626561501	0.53314208984375	0.533111572265625	-4.24194335937503E-08	-7.80334472656249E-07	-7.37915039062499E-07	-2.26142908843485E-08	-12567626	1.03826905615279E-05
195	173.729626561375	0.528106689453125	0.528106689453125	-3.47900390625003E-08	-7.7056884765625E-07	-7.3577880859375E-07	-1.83728516844894E-08	-15179825	1.0380759704276E-05
196	173.779626561249	0.5230712890625	0.523101806640625	-2.86865234375003E-08	-7.62023925781249E-07	-7.33337402343749E-07	-1.50059715764428E-08	-18235106	1.03791726360214E-05
197	173.829626561122	0.518035888671875	0.518035888671875	-2.19726562499994E-08	-7.54699707031251E-07	-7.32727050781251E-07	-1.13826237324588E-08	-23576390	1.03779066193965E-05
198	173.879626560996	0.51300048828125	0.512969970703125	-1.678466796875E-08	-7.48291015624999E-07	-7.3150634765625E-07	-8.61003091046086E-09	-30561818	1.03769380075391E-05
199	173.92962656087	0.507965087890625	0.50799560546875	-1.220703125E-08	-7.427978515625E-07	-7.305908203125E-07	-6.20111828553149E-09	-41615000	1.03762131402618E-05
200	173.979626560744	0.5029296875	0.5029296875	-7.93457031249972E-09	-7.37609863281249E-07	-7.2967529296875E-07	-3.99053101673985E-09	-63384616	1.0375709280197E-05
201	174.029626560617	0.497894287109375	0.49786376953125	-3.96728515625056E-09	-7.33642578125E-07	-7.2967529296875E-07	-1.97516758504435E-09	-125492304	1.03754118754296E-05
202	174.079626560491	0.49285888671875	0.492828369140625	-3.05175781249722E-10	-7.29980468749999E-07	-7.2967529296875E-07	-1.50399276366286E-10	-1614900096	1.03753045550548E-05
203	174.129626560365	0.487823486328125	0.487823486328125	3.66210937499945E-09	-7.2662353515625E-07	-7.30285644531249E-07	1.78646286652651E-09	133208336	1.0375389138062E-05
204	174.179626560239	0.4827880859375	0.48272705078125	6.71386718749945E-09	-7.2357177734375E-07	-7.30285644531249E-07	3.2409650518872E-09	71900008	1.0375648344052E-05
205	174.229626560112	0.477752685546875	0.477691650390625	1.09863281249997E-08	-7.20825195312499E-07	-7.31811523437499E-07	5.24807708401909E-09	43480560	1.03760903584771E-05
206	174.279626559986	0.47271728515625	0.47271728515625	1.40380859374997E-08	-7.171630859375E-07	-7.31201171875E-07	6.63604549089314E-09	33673916	1.03767160908319E-05
207	174.32962655986	0.467681884765625	0.4676513671875	1.80053710937503E-08	-7.14111328125E-07	-7.3211669921875E-07	8.42023695213356E-09	25972880	1.03775173556642E-05
208	174.379626559734	0.462646484375	0.462615966796875	2.16674804687497E-08	-7.10449218750001E-07	-7.3211669921875E-07	1.00237222966371E-08	21350704	1.03785096143838E-05
209	174.429626559608	0.457611083984375	0.4576416015625	2.593994140625E-08	-7.07397460937501E-07	-7.33337402343751E-07	1.18711955821027E-08	17642354	1.03796992334537E-05
210	174.479626559481	0.45257568359375	0.452606201171875	2.99072265625006E-08	-7.0343017578125E-07	-7.33337402343751E-07	1.35361961639546E-08	15133673	1.03810953078209E-05
211	174.529626559355	0.447540283203125	0.447540283203125	3.44848632812506E-08	-6.988525390625E-07	-7.33337402343751E-07	1.54333648083593E-08	12977876	1.03827051134431E-05
212	174.579626559229	0.4425048828125	0.44256591796875	3.90625000000006E-08	-6.939697265625E-07	-7.33032226562501E-07	1.72877303583618E-08	11329688	1.03845441117301E-05
213	174.629626559103	0.437469482421875	0.437469482421875	4.33349609374994E-08	-6.89697265625E-07	-7.33032226562499E-07	1.89577225029325E-08	10095071	1.03866041172296E-05
214	174.679626558976	0.43243408203125	0.43243408203125	4.85229492187503E-08	-6.84204101562499E-07	-7.3272705078125E-07	2.0982977133599E-08	8911950	1.03889005913516E-05
215	174.72962655885	0.427398681640625	0.427398681640625	5.21850585937497E-08	-6.793212890625E-07	-7.3150634765625E-07	2.23038245650287E-08	8190058.5	1.03914180726861E-05
216	174.779626558724	0.42236328125	0.42242431640625	5.70678710937494E-08	-6.73522949218749E-07	-7.30590820312499E-07	2.41068551787293E-08	7402139.5	1.03941492852755E-05
217	174.829626558598	0.417327880859375	0.417327880859375	6.19506835937506E-08	-6.67419433593749E-07	-7.293701171875E-07	2.58537458108776E-08	6736453.5	1.03971251519397E-05
218	174.879626558471	0.41229248046875	0.412322998046875	6.68334960937503E-08	-6.60400390625E-07	-7.27233886718751E-07	2.75569860264113E-08	6169406.5	1.0400344763184E-05
219	174.929626558345	0.407257080078125	0.407257080078125	7.23266601562494E-08	-6.5460205078125E-07	-7.26928710937499E-07	2.94555437818644E-08	5630802	1.04038235804182E-05
220	174.979626558219	0.4022216796875	0.4022216796875	7.781982421875E-08	-6.47583007812499E-07	-7.25402832031249E-07	3.13008179375629E-08	5168627.5	1.04075770650525E-05
221	175.029626558093	0.397186279296875	0.397186279296875	8.27026367187497E-08	-6.4208984375E-07	-7.2479248046875E-07	3.2848351594339E-08	4802583	1.04115906651714E-05
222	175.079626557966	0.39215087890625	0.39215087890625	8.78906250000006E-08	-6.35681152343751E-07	-7.23571777343751E-07	3.44663853013571E-08	4461805.5	1.0415855285828E-05
223	175.12962655784	0.387115478515625	0.387115478515625	9.307861328125E-08	-6.29577636718751E-07	-7.22656250000001E-07	3.60321728010149E-08	4159016.5	1.04203791124746E-05
224	175.179626557714	0.382080078125	0.382080078125	9.82666015624995E-08	-6.243896484375E-07	-7.22656249999999E-07	3.75457105405985E-08	3888199	1.04251630546059E-05
225	175.229626557588	0.377044677734375	0.377105712890625	1.04370117187499E-07	-6.182861328125E-07	-7.22656249999999E-07	3.93585679603348E-08	3613158	1.04302289400948E-05
226	175.279626557461	0.37200927734375	0.371978759765625	1.0955810546875E-07	-6.121826171875E-07	-7.2174072265625E-07	4.07532851909309E-08	3395264.75	1.04355767689412E-05
227	175.329626557335	0.366973876953125	0.366973876953125	1.15356445312501E-07	-6.0699462890625E-07	-7.22351074218751E-07	4.23328003762435E-08	3181217	1.04412001746823E-05
228	175.379626557209	0.3619384765625	0.3619384765625	1.20849609375E-07	-6.01806640625E-07	-7.22656249999999E-07	4.37401226349721E-08	2994949.5	1.04471055237809E-05
229	175.429626557083	0.356903076171875	0.35687255859375	1.2664794921875E-07	-5.97229003906249E-07	-7.23876953125E-07	4.51971757797764E-08	2817831.25	1.04532928162371E-05
230	175.479626556957	0.35186767578125	0.35186767578125	1.3275146484375E-07	-5.92041015625E-07	-7.2479248046875E-07	4.67109515511765E-08	2650574.75	1.04597775134607E-05
231	175.52962655683	0.346832275390625	0.34686279296875	1.37939453124999E-07	-5.877685546875E-07	-7.25708007812499E-07	4.78460648878354E-08	2514601.75	1.04665450635366E-05
232	175.579626556704	0.341796875	0.34185791015625	1.4312744140625E-07	-5.83801269531251E-07	-7.26928710937501E-07	4.89292482086512E-08	2388486.25	1.04735718196025E-05
233	175.629626556578	0.336761474609375	0.3367919921875	1.483154296875E-07	-5.7952880859375E-07	-7.2784423828125E-07	4.99514456464567E-08	2270782	1.04808577816584E-05
234	175.679626556452	0.33172607421875	0.331756591796875	1.53503417968751E-07	-5.76171875000001E-07	-7.29675292968751E-07	5.09257667147267E-08	2161232.75	1.04884029497043E-05
235	175.729626556325	0.326690673828125	0.32672119140625	1.5869140625E-07	-5.73120117187501E-07	-7.31811523437501E-07	5.18478451283499E-08	2058846.125	1.04962082332349E-05
236	175.779626556199	0.3216552734375	0.321685791015625	1.6326904296875E-07	-5.7098388671875E-07	-7.342529296875E-07	5.25213295077265E-08	1970280.5	1.05042572613456E-05
237	175.829626556073	0.316619873046875	0.316650390625	1.6815185546875E-07	-5.67626953125E-07	-7.3577880859375E-07	5.32453512391839E-08	1883121.625	1.05125427580788E-05
238	175.879626555947	0.31158447265625	0.311614990234375	1.73034667968749E-07	-5.6488037109375E-07	-7.37915039062499E-07	5.39201963078995E-08	1800881.875	1.0521071999392E-05
239	175.92962655582	0.306549072265625	0.3065185546875	1.77917480468751E-07	-5.6304931640625E-07	-7.40966796875001E-07	5.45350076208706E-08	1722813.125	1.052984589478E-05
240	175.979626555694	0.301513671875	0.30157470703125	1.8280029296875E-07	-5.60913085937501E-07	-7.43713378906251E-07	5.51279448757214E-08	1649749.625	1.05388635347481E-05
241	176.029626555568	0.296478271484375	0.296478271484375	1.873779296875E-07	-5.59387207031251E-07	-7.46765136718751E-07	5.55534818147407E-08	1582247.625	1.05481185528333E-05
242	176.079626555442	0.29144287109375	0.2913818359375	1.9195556640625E-07	-5.5877685546875E-07	-7.50732421875E-07	5.59323645177301E-08	1517965	1.05576018540887E-05
243	176.129626555315	0.286407470703125	0.286346435546875	1.96228027343751E-07	-5.57861328125001E-07	-7.54089355468751E-07	5.61891972949979E-08	1459253.5	1.05673061625566E-05
244	176.179626555189	0.2813720703125	0.28143310546875	2.00805664062501E-07	-5.5816650390625E-07	-7.58972167968751E-07	5.65133611019064E-08	1401519.75	1.05772323877318E-05
245	176.229626555063	0.276336669921875	0.276336669921875	2.044677734375E-07	-5.584716796875E-07	-7.62939453125E-07	5.65019426801427E-08	1351492.625	1.05873641587095E-05
246	176.279626554937	0.27130126953125	0.27130126953125	2.08740234375E-07	-5.5877685546875E-07	-7.6751708984375E-07	5.66314888317265E-08	1299707.625	1.05976941995323E-05
247	176.32962655481	0.266265869140625	0.266265869140625	2.13012695312501E-07	-5.59387207031251E-07	-7.72399902343751E-07	5.67180080679464E-08	1250000.125	1.06082379716099E-05
248	176.379626554684	0.26123046875	0.26116943359375	2.17285156249999E-07	-5.6121826171875E-07	-7.7850341796875E-07	5.67482381086393E-08	1201966.375	1.06189954749425E-05
249	176.429626554558	0.256195068359375	0.2562255859375	2.2125244140625E-07	-5.6304931640625E-07	-7.843017578125E-07	5.66905349330682E-08	1158069	1.06299585240777E-05
250	176.479626554432	0.25115966796875	0.251129150390625	2.25830078125E-07	-5.6610107421875E-07	-7.9193115234375E-07	5.67125155725989E-08	1112027	1.06411362139625E-05
251	176.529626554306	0.246124267578125	0.246124267578125	2.301025390625E-07	-5.694580078125E-07	-7.99560546875E-07	5.66338158591861E-08	1069628.75	1.06525340015651E-05
252	176.579626554179	0.2410888671875	0.241058349609375	2.34375000000001E-07	-5.74340820312499E-07	-8.087158203125E-07	5.64980489059508E-08	1028515.625	1.06641464299173E-05
253	176.629626554053	0.236053466796875	0.23602294921875	2.38647460937499E-07	-5.7952880859375E-07	-8.1817626953125E-07	5.63262787522945E-08	989002.5625	1.06759716800298E-05
254	176.679626553927	0.23101806640625	0.23101806640625	2.44140625E-07	-5.8624267578125E-07	-8.3038330078125E-07	5.64008928449766E-08	946250.0625	1.0688041584217E-05
255	176.729626553801	0.225982666015625	0.225982666015625	2.4871826171875E-07	-5.94482421875001E-07	-8.43200683593751E-07	5.62060158415534E-08	908588.9375	1.07003625089419E-05
256	176.779626553674	0.220947265625	0.22088623046875	2.5360107421875E-07	-6.0394287109375E-07	-8.575439453125E-07	5.60169830521318E-08	870998.875	1.0712920811784E-05
257	176.829626553548	0.215911865234375	0.215911865234375	2.5970458984375E-07	-6.15539550781249E-07	-8.75244140624999E-07	5.60733042220818E-08	831374.875	1.0725753782026E-05
258	176.879626553422	0.21087646484375	0.210845947265625	2.66113281249999E-07	-6.28662109375E-07	-8.94775390625E-07	5.61089024131434E-08	792316.5625	1.07388987089507E-05
259	176.929626553296	0.205841064453125	0.205841064453125	2.7313232421875E-07	-6.44836425781251E-07	-9.17968750000001E-07	5.62218467337061E-08	753631.3125	1.07523801489151E-05
260	176.979626553169	0.2008056640625	0.2008056640625	2.8106689453125E-07	-6.6375732421875E-07	-9.4482421875E-07	5.64398234814689E-08	714440.8125	1.07662353912019E-05
261	177.029626553043	0.195770263671875	0.195831298828125	2.8961181640625E-07	-6.866455078125E-07	-9.7625732421875E-07	5.6715059315593E-08	676185.4375	1.07805017250939E-05
262	177.079626552917	0.19073486328125	0.190765380859375	2.99682617187499E-07	-7.1380615234375E-07	-1.01348876953125E-06	5.71690641493205E-08	636558.0625	1.07952346297679E-05
263	177.129626552791	0.185699462890625	0.1856689453125	3.1097412109375E-07	-7.464599609375E-07	-1.05743408203125E-06	5.77382373023738E-08	597055.9375	1.08105004983372E-05
264	177.179626552664	0.1806640625	0.180572509765625	3.2379150390625E-07	-7.85217285156251E-07	-1.1090087890625E-06	5.84678403470207E-08	557681.5	1.08263702713884E-05
265	177.229626552538	0.175628662109375	0.1756591796875	3.387451171875E-07	-8.306884765625E-07	-1.16943359375E-06	5.95036873107802E-08	518558.5625	1.08429330794024E-05
266	177.279626552412	0.17059326171875	0.17059326171875	3.5675048828125E-07	-8.84399414062501E-07	-1.24114990234375E-06	6.08592287676402E-08	478186.46875	1.08603207991109E-05
267	177.329626552286	0.165557861328125	0.165557861328125	3.7689208984375E-07	-9.490966796875E-07	-1.32598876953125E-06	6.23974472091504E-08	439271.28125	1.08786616692669E-05
268	177.379626552159	0.1605224609375	0.1605224609375	4.00390624999999E-07	-1.02508544921875E-06	-1.42547607421875E-06	6.4271688415829E-08	400914.65625	1.0898093933065E-05
269	177.429626552033	0.155487060546875	0.155487060546875	4.2755126953125E-07	-1.1138916015625E-06	-1.54144287109375E-06	6.64786909965187E-08	363668.8125	1.09187922134879E-05
270	177.479626551907	0.15045166015625	0.150482177734375	4.595947265625E-07	-1.21826171875E-06	-1.6778564453125E-06	6.91608121883291E-08	327423.65625	1.09409711512853E-05
271	177.529626551781	0.145416259765625	0.14544677734375	4.96826171875001E-07	-1.33941650390625E-06	-1.83624267578125E-06	7.22617627957334E-08	292751.84375	1.09648817669949E-05
272	177.579626551655	0.140380859375	0.14044189453125	5.3924560546875E-07	-1.47979736328125E-06	-2.01904296875E-06	7.57326716893658E-08	260441.421875	1.09907832666067E-05
273	177.629626551528	0.135345458984375	0.135406494140625	5.88073730468749E-07	-1.640625E-06	-2.22869873046875E-06	7.96289967297525E-08	230254.296875	1.10189666884253E-05
274	177.679626551402	0.13031005859375	0.130462646484375	6.4422607421875E-07	-1.824951171875E-06	-2.46917724609375E-06	8.40474356778032E-08	202510.65625	1.10497740024584E-05
275	177.729626551276	0.125274658203125	0.125335693359375	7.0648193359375E-07	-2.0330810546875E-06	-2.73956298828125E-06	8.85473951939275E-08	177408.21875	1.10835417217459E-05
276	177.77962655115	0.1202392578125	0.12030029296875	7.769775390625E-07	-2.264404296875E-06	-3.0413818359375E-06	9.34706250177442E-08	154831.109375	1.11206281872001E-05
277	177.829626551023	0.115203857421875	0.11517333984375	8.5357666015625E-07	-2.51800537109375E-06	-3.37158203125E-06	9.83092718342959E-08	134930.28125	1.11613917397335E-05
278	177.879626550897	0.11016845703125	0.110198974609375	9.37499999999999E-07	-2.794189453125E-06	-3.731689453125E-06	1.03311535326611E-07	117545.578125	1.12061688923859E-05
279	177.929626550771	0.105133056640625	0.105194091796875	1.0272216796875E-06	-3.08929443359375E-06	-4.11651611328125E-06	1.08057648162685E-07	102406.421875	1.12552870632499E-05
280	177.979626550645	0.10009765625	0.10009765625	1.12030029296875E-06	-3.4002685546875E-06	-4.52056884765625E-06	1.12139424857105E-07	89348.953125	1.13089745354955E-05
281	178.029626550518	0.095062255859375	0.095123291015625	1.2152099609375E-06	-3.71551513671875E-06	-4.93072509765625E-06	1.15594772864824E-07	78277.25	1.13673622763599E-05
282	178.079626550392	0.09002685546875	0.090087890625	1.3140869140625E-06	-4.0380859375E-06	-5.3521728515625E-06	1.1838331204217E-07	68555.5078125	1.14305948955007E-05
283	178.129626550266	0.084991455078125	0.0850830078125	1.40350341796875E-06	-4.35791015625E-06	-5.76141357421875E-06	1.19414281130048E-07	60621.87890625	1.14985350592178E-05
284	178.17962655014	0.0799560546875	0.0799560546875	1.48223876953125E-06	-4.6661376953125E-06	-6.14837646484375E-06	1.18513966640421E-07	53942.76171875	1.15706779979519E-05
285	178.229626550013	0.074920654296875	0.074920654296875	1.54510498046875E-06	-4.949951171875E-06	-6.49505615234375E-06	1.15760272478838E-07	48489.0390625	1.16463615995599E-05
286	178.279626549887	0.06988525390625	0.0699462890625	1.58843994140625E-06	-5.2093505859375E-06	-6.79779052734375E-06	1.11105478595164E-07	44034.58203125	1.17247009256971E-05
287	178.329626549761	0.064849853515625	0.064849853515625	1.607666015625E-06	-5.4290771484375E-06	-7.0367431640625E-06	1.04256898225685E-07	40337.890625	1.18046036732267E-05
288	178.379626549635	0.059814453125	0.05987548828125	1.597900390625E-06	-5.60302734375E-06	-7.200927734375E-06	9.56750625391578E-08	37471.3515625	1.1884741979884E-05
289	178.429626549508	0.054779052734375	0.054779052734375	1.55853271484375E-06	-5.7281494140625E-06	-7.28668212890625E-06	8.53749426710237E-08	35147.83984375	1.19636533781886E-05
290	178.479626549382	0.04974365234375	0.0498077392578125	1.48193359375E-06	-5.8013916015625E-06	-7.2833251953125E-06	7.38117549303752E-08	33609.96875	1.2039665307384E-05
291	178.529626549256	0.044708251953125	0.044769287109375	1.38458251953125E-06	-5.8135986328125E-06	-7.19818115234375E-06	6.19867677187358E-08	32334.142578125	1.21113280329155E-05
292	178.57962654913	0.0396728515625	0.0397064208984375	1.25274658203125E-06	-5.7708740234375E-06	-7.02362060546875E-06	4.97420806766513E-08	31695.494140625	1.21772609418258E-05
293	178.629626549004	0.034637451171875	0.034674072265625	1.09527587890625E-06	-5.6793212890625E-06	-6.77459716796875E-06	3.79776707859492E-08	31657.84375	1.22359615488676E-05
294	178.679626548877	0.02960205078125	0.029644775390625	9.17663574218749E-07	-5.5419921875E-06	-6.45965576171875E-06	2.72039315518668E-08	32304.623046875	1.22862848002114E-05
295	178.729626548751	0.024566650390625	0.0246185302734375	7.25402832031249E-07	-5.3680419921875E-06	-6.09344482421875E-06	1.78583512422392E-08	33937.73828125	1.2327362128417E-05
296	178.779626548625	0.01953125	0.0195892333984375	5.2154541015625E-07	-5.169677734375E-06	-5.69122314453125E-06	1.02166755056032E-08	37559.9765625	1.23585350593203E-05
297	178.829626548499	0.014495849609375	0.014556884765625	3.155517578125E-07	-4.949951171875E-06	-5.2655029296875E-06	4.59345050884963E-09	46131.53125	1.23794625324081E-05
298	178.879626548372	0.00946044921875	0.00954284667968749	1.1138916015625E-07	-4.72412109375E-06	-4.83551025390625E-06	1.06296971225106E-09	85671.2421875	1.23901363622281E-05
299	178.929626548246	0.004425048828125	0.00454101562500001	-8.60595703124994E-08	-4.4952392578125E-06	-4.4091796875E-06	-3.9079783853424E-10	-52765.9609375	1.23907693705405E-05
300	178.97962654812	-0.0006103515625	-0.000558471679687506	-2.70996093750001E-07	-4.2755126953125E-06	-4.0045166015625E-06	1.51343632071033E-10	2060.81079101563	1.23818435895373E-05
301	179.029626547994	-0.005645751953125	-0.00559387207031251	-4.44946289062501E-07	-4.06005859375E-06	-3.6151123046875E-06	2.48897258359193E-09	12572.017578125	1.23639447338064E-05
302	179.079626547867	-0.01068115234375	-0.010565185546875	-5.963134765625E-07	-3.85650634765625E-06	-3.26019287109375E-06	6.30016216973672E-09	17717.50390625	1.23379131764523E-05
303	179.129626547741	-0.015716552734375	-0.0156219482421875	-7.28759765625001E-07	-3.6676025390625E-06	-2.9388427734375E-06	1.13846470028989E-08	21436.349609375	1.23047866509296E-05
304	179.179626547615	-0.020751953125	-0.0206817626953125	-8.4197998046875E-07	-3.49365234375E-06	-2.65167236328125E-06	1.74136296493543E-08	24563.248046875	1.22655173981912E-05
305	179.229626547489	-0.025787353515625	-0.025689697265625	-9.368896484375E-07	-3.3355712890625E-06	-2.398681640625E-06	2.4068411264011E-08	27420.1953125	1.22210458357586E-05
306	179.279626547362	-0.03082275390625	-0.03070068359375	-1.01318359375E-06	-3.192138671875E-06	-2.178955078125E-06	3.11054293433699E-08	30301.205078125	1.21722941912594E-05
307	179.329626547236	-0.035858154296875	-0.035748291015625	-1.0736083984375E-06	-3.06396484375E-06	-1.9903564453125E-06	3.83796638914191E-08	33297.328125	1.2120124665671E-05
308	179.37962654711	-0.0408935546875	-0.0407867431640625	-1.12060546875E-06	-2.94921875E-06	-1.82861328125E-06	4.57058462188797E-08	36397.05859375	1.20652694022283E-05
309	179.429626546984	-0.045928955078125	-0.0457977294921875	-1.15509033203125E-06	-2.84698486328125E-06	-1.69189453125E-06	5.29005141913785E-08	39648.61328125	1.20083768706536E-05
310	179.479626546858	-0.05096435546875	-0.0509033203125	-1.1767578125E-06	-2.75665283203125E-06	-1.57989501953125E-06	5.99008771473564E-08	43257.26171875	1.19500800792594E-05
311	179.529626546731	-0.055999755859375	-0.055908203125	-1.19415283203125E-06	-2.67730712890625E-06	-1.483154296875E-06	6.67629365125322E-08	46818.30078125	1.18908074000501E-05
312	179.579626546605	-0.06103515625	-0.060943603515625	-1.20269775390625E-06	-2.60711669921875E-06	-1.4044189453125E-06	7.32967322392142E-08	50672.41796875	1.18308862511185E-05
313	179.629626546479	-0.066070556640625	-0.066070556640625	-1.20513916015625E-06	-2.54486083984375E-06	-1.3397216796875E-06	7.96242147771409E-08	54824.0078125	1.1770690434787E-05
314	179.679626546353	-0.07110595703125	-0.071044921875	-1.20391845703125E-06	-2.49114990234375E-06	-1.2872314453125E-06	8.55322852544305E-08	59011.41015625	1.17104636956356E-05
315	179.729626546226	-0.076141357421875	-0.076080322265625	-1.1993408203125E-06	-2.442626953125E-06	-1.2432861328125E-06	9.12462354563104E-08	63435.1171875	1.16503824756364E-05
316	179.7796265461	-0.0811767578125	-0.08111572265625	-1.19232177734375E-06	-2.40020751953125E-06	-1.2078857421875E-06	9.67160431741831E-08	68031.7421875	1.15905913844472E-05
317	179.829626545974	-0.086212158203125	-0.086151123046875	-1.182861328125E-06	-2.3626708984375E-06	-1.1798095703125E-06	1.01904831240063E-07	72832.8203125	1.15312113848631E-05
318	179.879626545848	-0.09124755859375	-0.09112548828125	-1.1724853515625E-06	-2.33062744140625E-06	-1.15814208984375E-06	1.06843295100134E-07	77719.9375	1.14723279693862E-05
319	179.929626545721	-0.096282958984375	-0.096160888671875	-1.1614990234375E-06	-2.30194091796875E-06	-1.14044189453125E-06	1.11690773962891E-07	82790.3359375	1.14139784272993E-05
320	179.979626545595	-0.101318359375	-0.101226806640625	-1.15020751953125E-06	-2.27691650390625E-06	-1.126708984375E-06	1.16431827734687E-07	88007.4296875	1.13561854959698E-05
321	180.029626545469	-0.106353759765625	-0.10626220703125	-1.13800048828125E-06	-2.25494384765625E-06	-1.116943359375E-06	1.20926443969438E-07	93376.2421875	1.12989800982177E-05
322	180.079626545343	-0.11138916015625	-0.111328125	-1.12640380859375E-06	-2.2357177734375E-06	-1.10931396484375E-06	1.25400418937716E-07	98835.0078125	1.12423704194953E-05
323	180.129626545216	-0.116424560546875	-0.116302490234375	-1.11572265625E-06	-2.21893310546875E-06	-1.10321044921875E-06	1.29761318135024E-07	104239.609375	1.11863173515303E-05
324	180.17962654509	-0.1214599609375	-0.121368408203125	-1.1041259765625E-06	-2.20367431640625E-06	-1.09954833984375E-06	1.34006015173327E-07	109922.609375	1.11308208943228E-05
325	180.229626544964	-0.126495361328125	-0.12640380859375	-1.09344482421875E-06	-2.1917724609375E-06	-1.09832763671875E-06	1.38215582978773E-07	115601.453125	1.10758819573675E-05
326	180.279626544838	-0.13153076171875	-0.13140869140625	-1.08367919921875E-06	-2.18109130859375E-06	-1.097412109375E-06	1.42404871894541E-07	121261.6171875	1.10214532469399E-05
327	180.329626544711	-0.136566162109375	-0.136444091796875	-1.0736083984375E-06	-2.171630859375E-06	-1.0980224609375E-06	1.46487522556527E-07	127089.2578125	1.09675211206195E-05
328	180.379626544585	-0.1416015625	-0.141510009765625	-1.06475830078125E-06	-2.16400146484375E-06	-1.0992431640625E-06	1.50673955090497E-07	132903.40625	1.0914061931544E-05
329	180.429626544459	-0.146636962890625	-0.14654541015625	-1.055908203125E-06	-2.15850830078125E-06	-1.10260009765625E-06	1.54738501123575E-07	138786.125	1.08610456663882E-05
330	180.479626544333	-0.15167236328125	-0.15155029296875	-1.0479736328125E-06	-2.1539306640625E-06	-1.10595703125E-06	1.58820697038209E-07	144612.703125	1.080844867829E-05
331	180.529626544207	-0.156707763671875	-0.156585693359375	-1.04156494140625E-06	-2.1502685546875E-06	-1.10870361328125E-06	1.6309417105731E-07	150336.953125	1.07562100311043E-05
332	180.57962654408	-0.1617431640625	-0.161590576171875	-1.0345458984375E-06	-2.14752197265625E-06	-1.11297607421875E-06	1.67172871101684E-07	156194.6875	1.07043069874635E-05
333	180.629626543954	-0.166778564453125	-0.1666259765625	-1.02874755859375E-06	-2.14691162109375E-06	-1.1181640625E-06	1.71416061789387E-07	161969.75	1.06527249954524E-05
334	180.679626543828	-0.17181396484375	-0.17169189453125	-1.0235595703125E-06	-2.1466064453125E-06	-1.123046875E-06	1.75736872165544E-07	167740.015625	1.06014176708413E-05
335	180.729626543702	-0.176849365234375	-0.176666259765625	-1.019287109375E-06	-2.14813232421875E-06	-1.12884521484375E-06	1.80073641331546E-07	173323.359375	1.0550345905358E-05
336	180.779626543575	-0.181884765625	-0.1817626953125	-1.0150146484375E-06	-2.1502685546875E-06	-1.13525390625E-06	1.84491796062503E-07	179073.96875	1.04994887806242E-05
337	180.829626543449	-0.186920166015625	-0.186798095703125	-1.01165771484375E-06	-2.15301513671875E-06	-1.141357421875E-06	1.88975732839936E-07	184645.5625	1.04488217402832E-05
338	180.879626543323	-0.19195556640625	-0.191802978515625	-1.0089111328125E-06	-2.156982421875E-06	-1.1480712890625E-06	1.93512150303832E-07	190108.890625	1.0398307495052E-05
339	180.929626543197	-0.196990966796875	-0.196868896484375	-1.007080078125E-06	-2.1624755859375E-06	-1.1553955078125E-06	1.98262739559141E-07	195484.84375	1.03479078461532E-05
340	180.97962654307	-0.2020263671875	-0.201904296875	-1.005859375E-06	-2.16796875E-06	-1.162109375E-06	2.03087310524097E-07	200728.171875	1.02975845948095E-05
