Potential - Start -0.205 V, Stop 1.505 V, Step 0.005 V; Modulation - Amplitude 0.05 V, Time 0.025 s, Interval time 0.05 s
Index	Base.Time (s)	Potential applied (V)	WE(1).Base.Potential (V)	WE(1).Base.Current (A)	WE(1).Pulse.Current (A)	WE(1).δ.Current (A)	WE(1).Base.Power (W)	WE(1).Base.Resistance (Ω)	WE(1).Base.Charge (C)
1	128.986146674341	-0.204925537109375		-4.58984375E-07	2.18505859375E-07	6.77490234375E-07	9.39875803851464E-08	446143.625	0
2	129.036146674215	-0.19989013671875		-6.55517578125001E-07	1.90124511718751E-07	8.45642089843751E-07	1.30931468333984E-07	304702.0625	-2.78625478244976E-08
3	129.086146674089	-0.194854736328125		-6.56738281249999E-07	1.97753906250001E-07	8.544921875E-07	1.27928473148131E-07	296607.8125	-6.06689454230036E-08
4	129.136146673963	-0.1898193359375		-6.4727783203125E-07	2.105712890625E-07	8.5784912109375E-07	1.22786829592769E-07	293069.3125	-9.32693495769854E-08
5	129.186146673836	-0.184783935546875		-6.365966796875E-07	2.25219726562501E-07	8.6181640625E-07	1.17535698507254E-07	290028.78125	-1.25366213410416E-07
6	129.23614667371	-0.17974853515625		-6.2591552734375E-07	2.4078369140625E-07	8.6669921875E-07	1.12450088352034E-07	287030.71875	-1.56929019112795E-07
7	129.286146673584	-0.174713134765625		-6.15844726562501E-07	2.56958007812499E-07	8.72802734375E-07	1.07539783300581E-07	283548.0625	-1.87973014931231E-07
8	129.336146673458	-0.169677734375		-6.072998046875E-07	2.73742675781249E-07	8.81042480468749E-07	1.02989652361885E-07	279246.25	-2.18551633679454E-07
9	129.386146673331	-0.164642333984375		-5.99365234375E-07	2.9266357421875E-07	8.92028808593751E-07	9.86260104696157E-08	274541.78125	-2.48718265538628E-07
10	129.436146673205	-0.15960693359375		-5.92651367187499E-07	3.12194824218751E-07	9.0484619140625E-07	9.4555090868198E-08	269207	-2.78518683671791E-07
11	129.486146673079	-0.154571533203125		-5.8746337890625E-07	3.33251953124999E-07	9.20715332031249E-07	9.07513282299988E-08	262961.03125	-3.08021526507218E-07
12	129.536146672953	-0.1495361328125		-5.82275390625001E-07	3.5736083984375E-07	9.3963623046875E-07	8.7000131543391E-08	256603.78125	-3.37265021244093E-07
13	129.586146672826	-0.144500732421875		-5.78918457031249E-07	3.84521484375E-07	9.6343994140625E-07	8.35834725876339E-08	249393.78125	-3.6629484156947E-07
14	129.6361466727	-0.13946533203125		-5.77392578124999E-07	4.1473388671875E-07	9.9212646484375E-07	8.04557629408009E-08	241331.9375	-3.95202619074553E-07
15	129.686146672574	-0.134429931640625		-5.77392578124999E-07	4.4891357421875E-07	1.02630615234375E-06	7.75131141494967E-08	232505.296875	-4.2407225464558E-07
16	129.736146672448	-0.12939453125		-5.79223632812501E-07	4.8828125E-07	1.0675048828125E-06	7.48776685099983E-08	223182.296875	-4.5298764916879E-07
17	129.786146672321	-0.124359130859375		-5.8349609375E-07	5.34667968749999E-07	1.1181640625E-06	7.25274560409161E-08	213023.015625	-4.82055668271641E-07
18	129.836146672195	-0.11932373046875		-5.902099609375E-07	5.877685546875E-07	1.177978515625E-06	7.0390029804912E-08	202068.265625	-5.11398297931009E-07
19	129.886146672069	-0.114288330078125		-5.999755859375E-07	6.500244140625E-07	1.25E-06	6.84969663211632E-08	190284.84375	-5.41152928690281E-07
20	129.936146671943	-0.1092529296875		-6.1309814453125E-07	7.220458984375E-07	1.33514404296875E-06	6.6907922757764E-08	177999.015625	-5.71479802147223E-07
21	129.986146671817	-0.104217529296875		-6.298828125E-07	8.06274414062499E-07	1.4361572265625E-06	6.55871588151058E-08	165310.09375	-6.02554280249024E-07
22	130.03614667169	-0.09918212890625		-6.5185546875E-07	9.02404785156249E-07	1.55426025390625E-06	6.46126210313014E-08	152059.9375	-6.34597768112144E-07
23	130.086146671564	-0.094146728515625		-6.8023681640625E-07	1.0150146484375E-06	1.69525146484375E-06	6.39590282958125E-08	138223.421875	-6.67900053485937E-07
24	130.136146671438	-0.089111328125		-7.122802734375E-07	1.146240234375E-06	1.8585205078125E-06	6.34070289606825E-08	124978.578125	-7.02713009559375E-07
25	130.186146671312	-0.084075927734375		-7.51647949218751E-07	1.29791259765625E-06	2.049560546875E-06	6.3172556963309E-08	111814.8671875	-7.39311190045555E-07
26	130.236146671185	-0.07904052734375		-7.9803466796875E-07	1.4678955078125E-06	2.26593017578125E-06	6.29796659268322E-08	98891.015625	-7.7805327691749E-07
27	130.286146671059	-0.074005126953125		-8.5113525390625E-07	1.66107177734375E-06	2.51220703125E-06	6.29883700753453E-08	86948.734375	-8.1928249073826E-07
28	130.336146670933	-0.0689697265625		-9.11560058593749E-07	1.876220703125E-06	2.78778076171875E-06	6.28422256454542E-08	75627.71875	-8.63349896462751E-07
29	130.386146670807	-0.063934326171875		-9.796142578125E-07	2.113037109375E-06	3.0926513671875E-06	6.26010816517919E-08	65233.64453125	-9.10629239569971E-07
30	130.43614667068	-0.05889892578125		-1.0540771484375E-06	2.37060546875E-06	3.4246826171875E-06	6.20196729528288E-08	55819.34375	-9.61471528171387E-07
31	130.486146670554	-0.053863525390625		-1.1346435546875E-06	2.64556884765625E-06	3.78021240234375E-06	6.10812733725652E-08	47444.86328125	-1.01618957160099E-06
32	130.536146670428	-0.048828125		-1.21673583984375E-06	2.93548583984375E-06	4.1522216796875E-06	5.92326898640749E-08	40010.03515625	-1.07497407952906E-06
33	130.586146670302	-0.043792724609375		-1.30615234375E-06	3.233642578125E-06	4.539794921875E-06	5.70365408236739E-08	33432.24609375	-1.13804628654179E-06
34	130.636146670175	-0.03875732421875		-1.39190673828125E-06	3.53485107421875E-06	4.9267578125E-06	5.37511830600579E-08	27743.916015625	-1.20549771054357E-06
35	130.686146670049	-0.033721923828125		-1.4727783203125E-06	3.83270263671875E-06	5.30548095703125E-06	4.945367493292E-08	22799.421875	-1.27711484765314E-06
36	130.736146669923	-0.0286865234375		-1.544189453125E-06	4.1168212890625E-06	5.6610107421875E-06	4.4075939342747E-08	18484.189453125	-1.35253901589749E-06
37	130.786146669797	-0.023651123046875		-1.6021728515625E-06	4.38232421875E-06	5.9844970703125E-06	3.77269451234952E-08	14697.142578125	-1.43119802942238E-06
38	130.83614666967	-0.01861572265625		-1.640625E-06	4.620361328125E-06	6.260986328125E-06	3.03411482605043E-08	11272.3212890625	-1.51226799971482E-06
39	130.886146669544	-0.013580322265625		-1.6546630859375E-06	4.82177734375E-06	6.4764404296875E-06	2.23143192812358E-08	8150.12939453125	-1.59465025717509E-06
40	130.936146669418	-0.008544921875		-1.6424560546875E-06	4.98046875E-06	6.6229248046875E-06	1.39143621069593E-08	5157.93408203125	-1.67707821674412E-06
41	130.986146669292	-0.003509521484375		-1.6015625E-06	5.0933837890625E-06	6.6949462890625E-06	5.4496522849945E-09	2124.61889648438	-1.75817865510908E-06
42	131.036146669166	0.00152587890625		-1.5301513671875E-06	5.157470703125E-06	6.6876220703125E-06	-2.50293297199278E-09	-1069.0068359375	-1.83647148332966E-06
43	131.086146669039	0.006561279296875		-1.42181396484375E-06	5.1666259765625E-06	6.58843994140625E-06	-9.40268218840856E-09	-4651.21240234375	-1.91027061191562E-06
44	131.136146668913	0.0115966796875		-1.29180908203125E-06	5.1239013671875E-06	6.41571044921875E-06	-1.50753116656688E-08	-9033.7822265625	-1.97811118596292E-06
45	131.186146668787	0.016632080078125		-1.13922119140625E-06	5.0323486328125E-06	6.17156982421875E-06	-1.90971114477634E-08	-14714.70703125	-2.03888703254052E-06
46	131.236146668661	0.02166748046875		-9.66491699218749E-07	4.901123046875E-06	5.86761474609375E-06	-2.10210764350904E-08	-22503.947265625	-2.09152972274751E-06
47	131.286146668534	0.026702880859375		-7.80029296875E-07	4.736328125E-06	5.516357421875E-06	-2.08790176259299E-08	-34315.3359375	-2.13519274439022E-06
48	131.336146668408	0.03173828125		-5.8441162109375E-07	4.5501708984375E-06	5.13458251953125E-06	-1.85999411428384E-08	-54459.53125	-2.16930379792757E-06
49	131.386146668282	0.036773681640625		-3.86962890625001E-07	4.345703125E-06	4.732666015625E-06	-1.4261933856119E-08	-95244.4765625	-2.19358821595961E-06
50	131.436146668156	0.04180908203125		-1.89819335937499E-07	4.13482666015625E-06	4.32464599609375E-06	-7.94833709960585E-09	-220594.859375	-2.20800779970887E-06
51	131.486146668029	0.046844482421875		-1.52587890625E-09	3.922119140625E-06	3.92364501953125E-06	-7.16466400096927E-11	-30772000	-2.21279128709284E-06
52	131.536146667903	0.0518798828125		1.7059326171875E-07	3.71337890625E-06	3.54278564453125E-06	8.86076989559115E-09	304472.28125	-2.20856463784003E-06
53	131.586146667777	0.056915283203125		3.34777832031249E-07	3.514404296875E-06	3.17962646484375E-06	1.9043758570092E-08	169917.953125	-2.19593039219035E-06
54	131.636146667651	0.06195068359375		4.791259765625E-07	3.32611083984375E-06	2.84698486328125E-06	2.96968032387213E-08	129363.0625	-2.17558272197493E-06
55	131.686146667524	0.066986083984375		6.0455322265625E-07	3.15032958984375E-06	2.5457763671875E-06	4.05519990920311E-08	110954.0703125	-2.1484909211722E-06
56	131.736146667398	0.072021484375		7.11669921874999E-07	2.98919677734375E-06	2.27752685546875E-06	5.12772402316841E-08	101243.5703125	-2.11558517548838E-06
57	131.786146667272	0.077056884765625		8.0078125E-07	2.8411865234375E-06	2.0404052734375E-06	6.17545836689715E-08	96303.359375	-2.07777407013054E-06
58	131.836146667146	0.08209228515625		8.746337890625E-07	2.7069091796875E-06	1.832275390625E-06	7.18540675848089E-08	93928.8203125	-2.03588865588245E-06
59	131.886146667019	0.087127685546875		9.326171875E-07	2.5860595703125E-06	1.6534423828125E-06	8.13137006616671E-08	93488.21875	-1.9907074602088E-06
60	131.936146666893	0.0921630859375		9.77783203125E-07	2.476806640625E-06	1.4990234375E-06	9.01453560686605E-08	94288.390625	-1.94294739230827E-06
61	131.986146666767	0.097198486328125		1.01104736328125E-06	2.379150390625E-06	1.36810302734375E-06	9.83031185342043E-08	96166.625	-1.89322656751756E-06
62	132.036146666641	0.10223388671875		1.03515625E-06	2.2918701171875E-06	1.2567138671875E-06	1.05828036112143E-07	98761.796875	-1.84207146958215E-06
63	132.086146666515	0.107269287109375		1.051025390625E-06	2.213134765625E-06	1.162109375E-06	1.12774820593131E-07	102090.59375	-1.78991695065633E-06
64	132.136146666388	0.1123046875		1.060791015625E-06	2.14263916015625E-06	1.08184814453125E-06	1.19261287068184E-07	105983.8984375	-1.73712157902628E-06
65	132.186146666262	0.117340087890625		1.06475830078125E-06	2.0794677734375E-06	1.01470947265625E-06	1.24938836165711E-07	110203.5	-1.68398275945947E-06
66	132.236146666136	0.12237548828125		1.06536865234375E-06	2.0233154296875E-06	9.5794677734375E-07	1.30440042767077E-07	114924.0859375	-1.63072968462075E-06
67	132.28614666601	0.127410888671875		1.06292724609375E-06	1.97235107421875E-06	9.09423828125E-07	1.35396064138149E-07	119839.21875	-1.57752219820395E-06
68	132.336146665883	0.1324462890625		1.05712890625E-06	1.92657470703125E-06	8.6944580078125E-07	1.40077318633303E-07	125346.421875	-1.52452082602395E-06
69	132.386146665757	0.137481689453125		1.05010986328125E-06	1.884765625E-06	8.3465576171875E-07	1.44370872590116E-07	130921.2421875	-1.47183982335264E-06
70	132.436146665631	0.14251708984375		1.041259765625E-06	1.84722900390625E-06	8.05969238281251E-07	1.48397319321703E-07	136869.875	-1.41955558774498E-06
71	132.486146665505	0.147552490234375		1.03240966796875E-06	1.8133544921875E-06	7.80944824218749E-07	1.52334607150806E-07	142920.5	-1.36771393499657E-06
72	132.536146665378	0.152587890625		1.02264404296875E-06	1.78192138671875E-06	7.59277343750001E-07	1.56043100218994E-07	149209.1875	-1.31633760247496E-06
73	132.586146665252	0.157623291015625		1.0125732421875E-06	1.75262451171875E-06	7.4005126953125E-07	1.59636016405784E-07	155696.203125	-1.26545717193949E-06
74	132.636146665126	0.16265869140625		1.0015869140625E-06	1.72637939453125E-06	7.2479248046875E-07	1.62916805379609E-07	162400.984375	-1.21510311146267E-06
75	132.686146665	0.167694091796875		9.906005859375E-07	1.7010498046875E-06	7.1044921875E-07	1.66087630759648E-07	169254.46875	-1.16529838578572E-06
76	132.736146664873	0.1727294921875		9.80224609374999E-07	1.6790771484375E-06	6.988525390625E-07	1.69283794093644E-07	176183.0625	-1.11602776087238E-06
77	132.786146664747	0.177764892578125		9.70458984375E-07	1.6583251953125E-06	6.878662109375E-07	1.72543138887704E-07	183207.5625	-1.06726076865016E-06
78	132.836146664621	0.18280029296875		9.60693359375001E-07	1.63787841796875E-06	6.77185058593749E-07	1.75615028297216E-07	190279.546875	-1.01898194770911E-06
79	132.886146664495	0.187835693359375		9.503173828125E-07	1.61956787109375E-06	6.69250488281249E-07	1.78503526626628E-07	197655.75	-9.71206645772327E-07
80	132.936146664368	0.19287109375		9.41162109375E-07	1.6021728515625E-06	6.610107421875E-07	1.81551683908765E-07	204961.09375	-9.2391962880356E-07
81	132.986146664242	0.197906494140625		9.320068359375E-07	1.58599853515625E-06	6.53991699218749E-07	1.84478636811036E-07	212377.21875	-8.77090428730298E-07
82	133.036146664116	0.20294189453125		9.234619140625E-07	1.5704345703125E-06	6.4697265625E-07	1.87465460044223E-07	219828.171875	-8.30703697829449E-07
83	133.08614666399	0.207977294921875		9.14611816406249E-07	1.5557861328125E-06	6.41174316406251E-07	1.90190576176974E-07	227360.703125	-7.84751875926304E-07
84	133.136146663864	0.2130126953125		9.0667724609375E-07	1.54205322265625E-06	6.35375976562501E-07	1.93161426409461E-07	234971.40625	-7.39219672141189E-07
85	133.186146663737	0.218048095703125		8.9874267578125E-07	1.5289306640625E-06	6.3018798828125E-07	1.95941694869362E-07	242580.65625	-6.94084121732885E-07
86	133.236146663611	0.22308349609375		8.91723632812499E-07	1.51702880859375E-06	6.2530517578125E-07	1.98901616954572E-07	250136.890625	-6.49322487333848E-07
87	133.286146663485	0.228118896484375		8.84399414062501E-07	1.50482177734375E-06	6.20422363281249E-07	2.01721235271179E-07	257902	-6.04919421220984E-07
88	133.336146663359	0.233154296875		8.7738037109375E-07	1.494140625E-06	6.1676025390625E-07	2.04591771080231E-07	265773.9375	-5.60874923394294E-07
89	133.386146663232	0.238189697265625		8.709716796875E-07	1.48345947265625E-06	6.1248779296875E-07	2.07429891929678E-07	273440.8125	-5.17166142799397E-07
90	133.436146663106	0.24322509765625		8.642578125E-07	1.473388671875E-06	6.09130859375001E-07	2.10209194051458E-07	281426.5625	-4.73785377153035E-07
91	133.48614666298	0.248260498046875		8.58154296874999E-07	1.46392822265625E-06	6.0577392578125E-07	2.13045808550305E-07	289295.875	-4.30725094702211E-07
92	133.536146662854	0.2532958984375		8.52050781249999E-07	1.45477294921875E-06	6.0272216796875E-07	2.1579495523838E-07	297242.125	-3.87969947723832E-07
93	133.586146662727	0.258331298828125		8.465576171875E-07	1.44622802734375E-06	5.9967041015625E-07	2.18666485807262E-07	305118.96875	-3.45504759025062E-07
94	133.636146662601	0.26336669921875		8.41064453125E-07	1.43890380859375E-06	5.9783935546875E-07	2.21482693518738E-07	313098.6875	-3.03314209304517E-07
95	133.686146662475	0.268402099609375		8.3526611328125E-07	1.43035888671875E-06	5.950927734375E-07	2.24161681217083E-07	321300.71875	-2.61405944002036E-07
96	133.736146662349	0.2734375		8.2977294921875E-07	1.42333984375E-06	5.9356689453125E-07	2.26916355927642E-07	329569.6875	-2.19779963117617E-07
97	133.786146662222	0.278472900390625		8.24890136718751E-07	1.4166259765625E-06	5.91735839843749E-07	2.29684360419924E-07	337550.875	-1.78413387175169E-07
98	133.836146662096	0.28350830078125		8.20312500000001E-07	1.4105224609375E-06	5.90209960937499E-07	2.32540372735457E-07	345572.90625	-1.37283322487747E-07
99	133.88614666197	0.288543701171875		8.15429687499999E-07	1.4044189453125E-06	5.889892578125E-07	2.35287089367375E-07	353854.8125	-9.63897690553495E-08
100	133.936146661844	0.2935791015625		8.10852050781249E-07	1.3995361328125E-06	5.8868408203125E-07	2.38024469467746E-07	362024.84375	-5.57327268779773E-08
101	133.986146661717	0.298614501953125		8.06579589843751E-07	1.39434814453125E-06	5.877685546875E-07	2.40807139562094E-07	370147.5625	-1.52969352740229E-08
102	134.036146661591	0.30364990234375		8.02001953125001E-07	1.3897705078125E-06	5.877685546875E-07	2.43503336605499E-07	378576.875	2.49176022038E-08
103	134.086146661465	0.308685302734375		7.97424316406251E-07	1.38519287109375E-06	5.877685546875E-07	2.46128820435842E-07	387064.6875	6.49032614319367E-08
104	134.136146661339	0.313720703125		7.9376220703125E-07	1.38092041015625E-06	5.87158203125E-07	2.48995405627284E-07	395194.15625	1.04682918333765E-07
105	134.186146661213	0.318756103515625		7.8887939453125E-07	1.37725830078125E-06	5.8837890625E-07	2.51436034659491E-07	404023.21875	1.44248957667514E-07
106	134.236146661086	0.32379150390625		7.84912109374999E-07	1.37420654296875E-06	5.89294433593751E-07	2.54171823144134E-07	412558.3125	1.83593741098775E-07
107	134.28614666096	0.328826904296875		7.80639648437501E-07	1.3714599609375E-06	5.908203125E-07	2.5669532988104E-07	421227.53125	2.2273253819094E-07
108	134.336146660834	0.3338623046875		7.769775390625E-07	1.36871337890625E-06	5.9173583984375E-07	2.59450928297156E-07	429772.21875	2.61672965962134E-07
109	134.386146660708	0.338897705078125		7.73010253906251E-07	1.36627197265625E-06	5.93261718749999E-07	2.61971393911153E-07	438412.96875	3.00422669852196E-07
110	134.436146660581	0.34393310546875		7.6904296875E-07	1.36444091796875E-06	5.9539794921875E-07	2.64499334434731E-07	447222.21875	3.38973990210434E-07
111	134.486146660455	0.348968505859375		7.6568603515625E-07	1.36260986328125E-06	5.96923828125E-07	2.6717694368017E-07	455719.40625	3.77342217916521E-07
112	134.536146660329	0.35400390625		7.62023925781249E-07	1.361083984375E-06	5.99060058593751E-07	2.6973617650583E-07	464517.4375	4.15534969988585E-07
113	134.586146660203	0.359039306640625		7.5836181640625E-07	1.35986328125E-06	6.0150146484375E-07	2.72304845339022E-07	473480.90625	4.53544600986788E-07
114	134.636146660076	0.36407470703125		7.54699707031251E-07	1.35833740234375E-06	6.03637695312499E-07	2.74744024864049E-07	482369.625	4.91371167754551E-07
115	134.68614665995	0.369110107421875		7.51342773437499E-07	1.357421875E-06	6.06079101562501E-07	2.77328211950589E-07	491267.25	5.29022202044871E-07
116	134.736146659824	0.3741455078125		7.48291015624999E-07	1.356201171875E-06	6.07910156250001E-07	2.79946874570669E-07	499959.25	5.66513051580841E-07
117	134.786146659698	0.379180908203125		7.45239257812499E-07	1.35467529296875E-06	6.09436035156251E-07	2.82580487009909E-07	508804.28125	6.03851333380589E-07
118	134.836146659571	0.38421630859375		7.421875E-07	1.35406494140625E-06	6.1187744140625E-07	2.85137872424457E-07	517639.8125	6.41036990600696E-07
119	134.886146659445	0.389251708984375		7.3974609375E-07	1.35284423828125E-06	6.1309814453125E-07	2.87924848407783E-07	526155.125	6.78085314120835E-07
120	134.936146659319	0.394287109375		7.37915039062501E-07	1.35223388671875E-06	6.14318847656249E-07	2.91017926201675E-07	534450	7.15026828856935E-07
121	134.986146659193	0.399322509765625		7.3516845703125E-07	1.35101318359375E-06	6.15844726562499E-07	2.93524436756343E-07	543088.4375	7.51853917790868E-07
122	135.036146659067	0.40435791015625		7.3272705078125E-07	1.34979248046875E-06	6.17065429687501E-07	2.9628395736836E-07	551853.4375	7.8855129004296E-07
123	135.08614665894	0.409393310546875		7.3089599609375E-07	1.34979248046875E-06	6.18896484375001E-07	2.99201616371647E-07	560083.5	8.25141910354432E-07
124	135.136146658814	0.4144287109375		7.293701171875E-07	1.348876953125E-06	6.195068359375E-07	3.02249645756092E-07	568159	8.61648516092828E-07
125	135.186146658688	0.419464111328125		7.2662353515625E-07	1.34765625E-06	6.2103271484375E-07	3.04792479255411E-07	577278.5	8.98048369890603E-07
126	135.236146658562	0.42449951171875		7.2479248046875E-07	1.3482666015625E-06	6.23474121093751E-07	3.07607706417912E-07	585557.875	9.34333797886211E-07
127	135.286146658435	0.429534912109375		7.2296142578125E-07	1.3482666015625E-06	6.2530517578125E-07	3.10537188852322E-07	594132.5625	9.70527594290616E-07
128	135.336146658309	0.4345703125		7.21130371093751E-07	1.34857177734375E-06	6.2744140625E-07	3.13359834080984E-07	602581.5	1.00662987279065E-06
129	135.386146658183	0.439605712890625		7.19604492187501E-07	1.34857177734375E-06	6.2896728515625E-07	3.16342237738354E-07	610899.0625	1.04264825040445E-06
130	135.436146658057	0.44464111328125		7.17773437499999E-07	1.34979248046875E-06	6.32019042968751E-07	3.19195379461235E-07	619557.8125	1.07858272713202E-06
131	135.48614665793	0.449676513671875		7.1624755859375E-07	1.3507080078125E-06	6.3446044921875E-07	3.22014130915704E-07	627694.9375	1.11443330297334E-06
132	135.536146657804	0.4547119140625		7.14111328125E-07	1.35101318359375E-06	6.36901855468749E-07	3.24714932276038E-07	636752.125	1.15019224722346E-06
133	135.586146657678	0.459747314453125		7.11669921874999E-07	1.3519287109375E-06	6.402587890625E-07	3.27188331539219E-07	646012.0625	1.18583670882799E-06
134	135.636146657552	0.46478271484375		7.08923339843751E-07	1.35284423828125E-06	6.439208984375E-07	3.29495293271975E-07	655617.75	1.22135156743752E-06
135	135.686146657425	0.469818115234375		7.0770263671875E-07	1.3543701171875E-06	6.4666748046875E-07	3.32491509880128E-07	663863.75	1.25676729112456E-06
136	135.736146657299	0.474853515625		7.061767578125E-07	1.35650634765625E-06	6.5032958984375E-07	3.35287410280216E-07	672342.25	1.29211423427478E-06
137	135.786146657173	0.479888916015625		7.04345703125001E-07	1.3580322265625E-06	6.536865234375E-07	3.3800768051151E-07	681325.875	1.32737727653875E-06
138	135.836146657047	0.48492431640625		7.03125E-07	1.35986328125E-06	6.56738281249999E-07	3.40919513064364E-07	689583.3125	1.36256403493462E-06
139	135.88614665692	0.489959716796875		7.01293945312501E-07	1.3616943359375E-06	6.60400390624999E-07	3.43562959415067E-07	698564	1.39767450946238E-06
140	135.936146656794	0.4949951171875		6.99462890624999E-07	1.3641357421875E-06	6.64672851562501E-07	3.46188016919768E-07	707591.625	1.43269346608577E-06
141	135.986146656668	0.500030517578125		6.9854736328125E-07	1.36627197265625E-06	6.67724609374999E-07	3.49273676647499E-07	715771.0625	1.46764375585917E-06
142	136.036146656542	0.50506591796875		6.96716308593751E-07	1.36871337890625E-06	6.71997070312499E-07	3.51845130808215E-07	724835.75	1.50252526509576E-06
143	136.086146656416	0.510101318359375		6.9549560546875E-07	1.3714599609375E-06	6.7596435546875E-07	3.54751989561919E-07	733391.8125	1.53733060415107E-06
144	136.136146656289	0.51513671875		6.9427490234375E-07	1.3739013671875E-06	6.7962646484375E-07	3.57646484872021E-07	741978.0625	1.57207489337452E-06
145	136.186146656163	0.520172119140625		6.927490234375E-07	1.3763427734375E-06	6.8359375E-07	3.60348707317826E-07	750881.125	1.60675040206115E-06
146	136.236146656037	0.52520751953125		6.915283203125E-07	1.37939453125E-06	6.878662109375E-07	3.63153674243222E-07	759399.8125	1.64135735758464E-06
147	136.286146655911	0.530242919921875		6.903076171875E-07	1.3824462890625E-06	6.92138671875E-07	3.66009658137045E-07	768081.375	1.67590326327627E-06
148	136.336146655784	0.5352783203125		6.89086914062501E-07	1.385498046875E-06	6.96411132812499E-07	3.6881121445731E-07	776705.0625	1.71038811913604E-06
149	136.386146655658	0.540313720703125		6.878662109375E-07	1.38916015625E-06	7.01293945312499E-07	3.71621553085788E-07	785403.75	1.74481192516396E-06
150	136.436146655532	0.54534912109375		6.8695068359375E-07	1.39251708984375E-06	7.05566406250001E-07	3.74606969444358E-07	793825	1.77918241206498E-06
151	136.486146655406	0.550384521484375		6.86035156250001E-07	1.39617919921875E-06	7.10144042968749E-07	3.77604067125503E-07	802313.1875	1.81350708317041E-06
152	136.536146655279	0.555419921875		6.8511962890625E-07	1.40045166015625E-06	7.1533203125E-07	3.80529087351533E-07	810690.4375	1.84778593848023E-06
153	136.586146655153	0.560455322265625		6.84509277343751E-07	1.40411376953125E-06	7.19604492187499E-07	3.83595079256338E-07	818680.375	1.88202659501258E-06
154	136.636146655027	0.56549072265625		6.8328857421875E-07	1.40869140625E-06	7.25402832031249E-07	3.86393338658308E-07	827601.6875	1.916221663123E-06
155	136.686146654901	0.570526123046875		6.82373046875E-07	1.41265869140625E-06	7.30285644531251E-07	3.89311622939204E-07	836091.25	1.95036318473285E-06
156	136.736146654774	0.5755615234375		6.81457519531251E-07	1.41754150390625E-06	7.36083984375E-07	3.92199922316649E-07	844558.9375	1.98445877686027E-06
157	136.786146654648	0.580596923828125		6.81152343749999E-07	1.42242431640625E-06	7.4127197265625E-07	3.95412570242115E-07	852240.1875	2.01852412828885E-06
158	136.836146654522	0.58563232421875		6.79931640625001E-07	1.427001953125E-06	7.47070312499999E-07	3.98148443991886E-07	861220.8125	2.05255128093995E-06
159	136.886146654396	0.590667724609375		6.793212890625E-07	1.431884765625E-06	7.525634765625E-07	4.01253146264935E-07	869496.875	2.08653250410862E-06
160	136.936146654269	0.595703125		6.793212890625E-07	1.43707275390625E-06	7.57751464843751E-07	4.04632345407663E-07	876819.4375	2.12049872061471E-06
161	136.986146654143	0.600738525390625		6.7779541015625E-07	1.44256591796875E-06	7.647705078125E-07	4.07157131121494E-07	886267.4375	2.15442651096964E-06
162	137.036146654017	0.60577392578125		6.7779541015625E-07	1.44744873046875E-06	7.69653320312501E-07	4.10570095255025E-07	893696.5	2.18831632992078E-06
163	137.086146653891	0.610809326171875		6.7718505859375E-07	1.45294189453125E-06	7.75756835937499E-07	4.13589589243202E-07	901892.8125	2.22219091483566E-06
164	137.136146653765	0.6158447265625		6.76879882812501E-07	1.458740234375E-06	7.81860351562499E-07	4.16790953750024E-07	909693.375	2.25604253500933E-06
165	137.186146653638	0.620880126953125		6.76879882812501E-07	1.46453857421875E-06	7.8765869140625E-07	4.20219947727674E-07	917177.625	2.28988642447803E-06
166	137.236146653512	0.62591552734375		6.7718505859375E-07	1.46942138671875E-06	7.92236328125E-07	4.23798638848893E-07	924155.0625	2.32373804465169E-06
167	137.286146653386	0.630950927734375		6.7718505859375E-07	1.4752197265625E-06	7.9803466796875E-07	4.27249858603318E-07	931681	2.35759739553032E-06
168	137.33614665326	0.635986328125		6.7779541015625E-07	1.4801025390625E-06	8.0230712890625E-07	4.30985863886235E-07	938136	2.39147175307153E-06
169	137.386146653133	0.641021728515625		6.78100585937499E-07	1.484375E-06	8.06274414062501E-07	4.34615117228532E-07	945184.5625	2.42536930272763E-06
170	137.436146653007	0.64605712890625		6.793212890625E-07	1.4886474609375E-06	8.09326171875001E-07	4.38797428614635E-07	950853.5625	2.45930482378753E-06
171	137.486146652881	0.651092529296875		6.8023681640625E-07	1.492919921875E-06	8.12683105468749E-07	4.4287631340012E-07	957110.875	2.49329377766117E-06
172	137.536146652755	0.6561279296875		6.8206787109375E-07	1.49658203125E-06	8.1451416015625E-07	4.47440527295839E-07	961789.6875	2.52735139838478E-06
173	137.586146652628	0.661163330078125		6.8389892578125E-07	1.50054931640625E-06	8.16650390625E-07	4.52085402002922E-07	966577.4375	2.56150042332592E-06
174	137.636146652502	0.66619873046875		6.86035156250001E-07	1.50299072265625E-06	8.16955566406249E-07	4.56951994465271E-07	970907.5	2.59574881056324E-06
175	137.686146652376	0.671234130859375		6.88781738281249E-07	1.50604248046875E-06	8.17260742187501E-07	4.62291751546218E-07	974435.125	2.63011929746426E-06
176	137.73614665225	0.67626953125		6.915283203125E-07	1.50909423828125E-06	8.1756591796875E-07	4.67617326194159E-07	977846.4375	2.66462711806525E-06
177	137.786146652123	0.681304931640625		6.9427490234375E-07	1.51092529296875E-06	8.16650390625E-07	4.7294935257014E-07	981186.8125	2.69927204499254E-06
178	137.836146651997	0.68634033203125		6.9732666015625E-07	1.51336669921875E-06	8.160400390625E-07	4.78539561754587E-07	984113.8125	2.73406203632476E-06
179	137.886146651871	0.691375732421875		7.000732421875E-07	1.51580810546875E-06	8.15734863281249E-07	4.83928147332335E-07	987402	2.76899709206191E-06
180	137.936146651745	0.6964111328125		7.03125E-07	1.51824951171875E-06	8.1512451171875E-07	4.89599699449172E-07	990321.1875	2.80407698483032E-06
181	137.986146651618	0.701446533203125		7.0556640625E-07	1.51947021484375E-06	8.13903808593751E-07	4.94809455631184E-07	993944.6875	2.83929443867237E-06
182	138.036146651492	0.70648193359375		7.0770263671875E-07	1.52191162109375E-06	8.14208984374999E-07	4.99957536703732E-07	998232.0625	2.87462603409949E-06
183	138.086146651366	0.711517333984375		7.10144042968749E-07	1.5240478515625E-06	8.13903808593751E-07	5.05236471326498E-07	1001847.875	2.91007222585904E-06
184	138.13614665124	0.716552734375		7.1319580078125E-07	1.5264892578125E-06	8.1329345703125E-07	5.10955317167827E-07	1004535.75	2.94565575131855E-06
185	138.186146651114	0.721588134765625		7.159423828125E-07	1.52923583984375E-06	8.1329345703125E-07	5.16528132266103E-07	1007715.3125	2.98138411380933E-06
186	138.236146650987	0.72662353515625		7.1868896484375E-07	1.5325927734375E-06	8.1390380859375E-07	5.22150514825626E-07	1010912.9375	3.01725003737374E-06
187	138.286146650861	0.731658935546875		7.2052001953125E-07	1.53411865234375E-06	8.135986328125E-07	5.27108909409435E-07	1015332.5	3.05323032989691E-06
188	138.336146650735	0.7366943359375		7.2296142578125E-07	1.5374755859375E-06	8.1451416015625E-07	5.32491299054527E-07	1018784.3125	3.08931726067385E-06
189	138.386146650609	0.741729736328125		7.2509765625E-07	1.54052734375E-06	8.15429687500001E-07	5.37782227638672E-07	1022853.5	3.12551878778322E-06
190	138.436146650482	0.74676513671875		7.2784423828125E-07	1.54327392578125E-06	8.15429687499999E-07	5.43484247828019E-07	1025912	3.16184218718263E-06
191	138.486146650356	0.751800537109375		7.30285644531251E-07	1.54632568359375E-06	8.16040039062499E-07	5.49140565908601E-07	1029669.875	3.19829541695071E-06
192	138.53614665023	0.7568359375		7.3272705078125E-07	1.54937744140625E-06	8.16650390625E-07	5.5433054058085E-07	1032486.5	3.23487074638251E-06
193	138.586146650104	0.761871337890625		7.3455810546875E-07	1.55181884765625E-06	8.172607421875E-07	5.59302520741767E-07	1036560	3.27155294144177E-06
194	138.636146649977	0.76690673828125		7.37609863281249E-07	1.55487060546875E-06	8.17260742187501E-07	5.65903064853046E-07	1040132.375	3.30835723616474E-06
195	138.686146649851	0.771942138671875		7.4005126953125E-07	1.5576171875E-06	8.1756591796875E-07	5.7138964848491E-07	1043299	3.345298637214E-06
196	138.736146649725	0.7769775390625		7.4310302734375E-07	1.55975341796875E-06	8.16650390625E-07	5.77147545754997E-07	1045174.625	3.38237759933691E-06
197	138.786146649599	0.782012939453125		7.45239257812499E-07	1.56158447265625E-06	8.1634521484375E-07	5.82900440804224E-07	1049549.625	3.41958616445481E-06
198	138.836146649472	0.78704833984375		7.48596191406251E-07	1.56280517578125E-06	8.14208984374999E-07	5.8940980807165E-07	1051773.375	3.45693206327269E-06
199	138.886146649346	0.792083740234375		7.51342773437499E-07	1.563720703125E-06	8.12377929687501E-07	5.94782477492117E-07	1053614.875	3.49443052982679E-06
200	138.93614664922	0.797119140625		7.550048828125E-07	1.56524658203125E-06	8.1024169921875E-07	6.02059230914165E-07	1056184.375	3.5320890674484E-06
201	138.986146649094	0.802154541015625		7.586669921875E-07	1.56524658203125E-06	8.0657958984375E-07	6.091469799685E-07	1058326.625	3.56993086825241E-06
202	139.036146648967	0.80718994140625		7.62023925781249E-07	1.56524658203125E-06	8.03222656250001E-07	6.15098031175876E-07	1059271.125	3.60794820153387E-06
203	139.086146648841	0.812225341796875		7.66601562499999E-07	1.56524658203125E-06	7.98645019531251E-07	6.22770187419519E-07	1059713.375	3.64616380466032E-06
204	139.136146648715	0.8172607421875		7.708740234375E-07	1.56494140625E-06	7.94067382812501E-07	6.30240322152531E-07	1060570.125	3.68460064237297E-06
205	139.186146648589	0.822296142578125		7.7484130859375E-07	1.563720703125E-06	7.8887939453125E-07	6.37267248748685E-07	1061441.5	3.72324370800925E-06
206	139.236146648463	0.82733154296875		7.79113769531251E-07	1.56219482421875E-06	7.830810546875E-07	6.44823160200758E-07	1062279.75	3.7620925468218E-06
207	139.286146648336	0.832366943359375		7.8338623046875E-07	1.56097412109375E-06	7.77587890625001E-07	6.52423409519542E-07	1063108.75	3.80115511688928E-06
208	139.33614664821	0.83740234375		7.86743164062501E-07	1.55914306640625E-06	7.7239990234375E-07	6.59060674479406E-07	1064778.875	3.84040822609677E-06
209	139.386146648084	0.842437744140625		7.9071044921875E-07	1.55731201171875E-06	7.66601562500001E-07	6.66486243972031E-07	1065997.75	3.87984437111299E-06
210	139.436146647958	0.84747314453125		7.94677734375E-07	1.5557861328125E-06	7.611083984375E-07	6.7371053091847E-07	1066820.375	3.91947924072156E-06
211	139.486146647831	0.852508544921875		7.98950195312501E-07	1.5545654296875E-06	7.55615234375E-07	6.81477558828192E-07	1067608.875	3.95932011088007E-06
212	139.536146647705	0.8575439453125		8.03222656249999E-07	1.5533447265625E-06	7.50122070312501E-07	6.89288981448044E-07	1068389.125	3.99937425754615E-06
213	139.586146647579	0.862579345703125		8.06579589843751E-07	1.55181884765625E-06	7.45239257812499E-07	6.95861956501176E-07	1069617.875	4.0396193980996E-06
214	139.636146647453	0.86761474609375		8.1024169921875E-07	1.55059814453125E-06	7.403564453125E-07	7.03224884546216E-07	1071186.5	4.0800400711305E-06
215	139.686146647326	0.872650146484375		8.12683105468751E-07	1.54876708984375E-06	7.36083984375E-07	7.09312018898345E-07	1073976.75	4.12061308452394E-06
216	139.7361466472	0.877685546875		8.160400390625E-07	1.54815673828125E-06	7.3211669921875E-07	7.1647559707344E-07	1075916.25	4.16133116232231E-06
217	139.786146647074	0.882720947265625		8.18481445312499E-07	1.54693603515625E-06	7.28454589843751E-07	7.22365768979216E-07	1078299.875	4.20219430452562E-06
218	139.836146646948	0.88775634765625		8.21838378906251E-07	1.54693603515625E-06	7.2509765625E-07	7.29341422811558E-07	1079836.625	4.24320205638651E-06
219	139.886146646821	0.892791748046875		8.2427978515625E-07	1.54693603515625E-06	7.22656250000001E-07	7.35784396965755E-07	1082932.25	4.28435487265233E-06
220	139.936146646695	0.8978271484375		8.2672119140625E-07	1.546630859375E-06	7.1990966796875E-07	7.42252723284764E-07	1086009.625	4.32563001595554E-06
221	139.986146646569	0.902862548828125		8.29162597656249E-07	1.54632568359375E-06	7.171630859375E-07	7.48493278024398E-07	1088700.875	4.36702703154879E-06
222	140.036146646443	0.90789794921875		8.319091796875E-07	1.546630859375E-06	7.14721679687501E-07	7.55542487240746E-07	1091709.5	4.40855410488439E-06
223	140.086146646316	0.912933349609375		8.33740234374999E-07	1.54693603515625E-06	7.13195800781251E-07	7.61276453431492E-07	1095168.375	4.45019531980506E-06
224	140.13614664619	0.91796875		8.3587646484375E-07	1.5472412109375E-06	7.1136474609375E-07	7.67818619351601E-07	1098941.25	4.49193566964823E-06
225	140.186146646064	0.923004150390625		8.3831787109375E-07	1.5478515625E-06	7.0953369140625E-07	7.73387114350044E-07	1100473.25	4.53379061582382E-06
226	140.236146645938	0.92803955078125		8.40148925781251E-07	1.5484619140625E-06	7.0831298828125E-07	7.79435026743158E-07	1104249.875	4.57575197287952E-06
227	140.286146645812	0.933074951171875		8.41674804687501E-07	1.54937744140625E-06	7.07702636718749E-07	7.8547407156293E-07	1108774.5	4.61779791294248E-06
228	140.336146645685	0.9381103515625		8.43505859375E-07	1.54998779296875E-06	7.0648193359375E-07	7.91044158177101E-07	1111794.5	4.65992707177065E-06
229	140.386146645559	0.943145751953125		8.465576171875E-07	1.55120849609375E-06	7.0465087890625E-07	7.98556413883489E-07	1114275.375	4.70217901238357E-06
230	140.436146645433	0.94818115234375		8.48388671875E-07	1.55242919921875E-06	7.04040527343749E-07	8.04426122158475E-07	1117625.875	4.74455237053917E-06
231	140.486146645307	0.953216552734375		8.502197265625E-07	1.553955078125E-06	7.037353515625E-07	8.10573226317501E-07	1121320.875	4.78701758765965E-06
232	140.53614664518	0.958251953125		8.526611328125E-07	1.55517578125E-06	7.02514648437499E-07	8.17064176317217E-07	1123836.875	4.82958967040759E-06
233	140.586146645054	0.963287353515625		8.544921875E-07	1.55609130859375E-06	7.0159912109375E-07	8.2325186667731E-07	1127500	4.87226861878298E-06
234	140.636146644928	0.96832275390625		8.56933593750001E-07	1.5576171875E-06	7.0068359375E-07	8.29788291412115E-07	1129985.75	4.91505443278584E-06
235	140.686146644802	0.973358154296875		8.587646484375E-07	1.5594482421875E-06	7.0068359375E-07	8.36016567973275E-07	1133617.625	4.9579466576688E-06
236	140.736146644675	0.9783935546875		8.612060546875E-07	1.5606689453125E-06	6.99462890625001E-07	8.42335623474355E-07	1135719.375	5.00094574817922E-06
237	140.786146644549	0.983428955078125		8.636474609375E-07	1.5618896484375E-06	6.98242187500001E-07	8.49204070618725E-07	1138516	5.04406716572703E-06
238	140.836146644423	0.98846435546875		8.65783691406249E-07	1.56402587890625E-06	6.98242187500001E-07	8.55796258747432E-07	1141699	5.08730317960726E-06
239	140.886146644297	0.993499755859375		8.67919921875E-07	1.56524658203125E-06	6.9732666015625E-07	8.62410615809495E-07	1144866.5	5.1306456043676E-06
240	140.93614664417	0.99853515625		8.70361328124999E-07	1.566162109375E-06	6.9580078125E-07	8.69351993060263E-07	1147615.75	5.17410262546036E-06
241	140.986146644044	1.00357055664063		8.7249755859375E-07	1.56768798828125E-06	6.95190429687499E-07	8.75745968187402E-07	1150402.25	5.21767424288555E-06
242	141.036146643918	1.00860595703125		8.7493896484375E-07	1.56951904296875E-06	6.94580078125001E-07	8.82468668805814E-07	1152772.875	5.26136000189581E-06
243	141.086146643792	1.01364135742188		8.7738037109375E-07	1.57135009765625E-06	6.939697265625E-07	8.89482862476143E-07	1155478.375	5.30516808794346E-06
244	141.136146643665	1.0186767578125		8.8043212890625E-07	1.5728759765625E-06	6.9244384765625E-07	8.96875690159504E-07	1157019.125	5.34911350769107E-06
245	141.186146643539	1.02371215820313		8.831787109375E-07	1.57379150390625E-06	6.90612792968749E-07	9.04255557543365E-07	1159295.125	5.39320353709627E-06
246	141.236146643413	1.02874755859375		8.8531494140625E-07	1.57562255859375E-06	6.90307617187501E-07	9.10765550088399E-07	1162013.125	5.43741589353886E-06
247	141.286146643287	1.03378295898438		8.8775634765625E-07	1.5771484375E-06	6.8939208984375E-07	9.18153716611414E-07	1165005.25	5.48174284631386E-06
248	141.336146643161	1.038818359375		8.9019775390625E-07	1.578369140625E-06	6.8817138671875E-07	9.24482094433188E-07	1166609.625	5.52619167137891E-06
249	141.386146643034	1.04385375976563		8.93249511718749E-07	1.57989501953125E-06	6.866455078125E-07	9.32285502130981E-07	1168431.875	5.57077783014392E-06
250	141.436146642908	1.04888916015625		8.953857421875E-07	1.58111572265625E-06	6.85729980468749E-07	9.38887126267218E-07	1171097.5	5.61549359190394E-06
251	141.486146642782	1.05392456054688		8.978271484375E-07	1.5826416015625E-06	6.84814453125E-07	9.46105046750745E-07	1173691.375	5.66032394999638E-06
252	141.536146642656	1.0589599609375		9.0057373046875E-07	1.58416748046875E-06	6.8359375E-07	9.53946369008918E-07	1176211.5	5.70528391108382E-06
253	141.586146642529	1.06399536132813		9.02404785156249E-07	1.585693359375E-06	6.8328857421875E-07	9.60292140916863E-07	1179235.75	5.75035846850369E-06
254	141.636146642403	1.06903076171875		9.051513671875E-07	1.58660888671875E-06	6.81457519531251E-07	9.67634605331114E-07	1181052	5.79554716750863E-06
255	141.686146642277	1.07406616210938		9.075927734375E-07	1.588134765625E-06	6.805419921875E-07	9.74953195509443E-07	1183591.125	5.84086592425592E-06
256	141.736146642151	1.0791015625		9.10339355468751E-07	1.5899658203125E-06	6.79626464843749E-07	9.82348637990071E-07	1185383.875	5.88631428399822E-06
257	141.786146642024	1.08413696289063		9.130859375E-07	1.59149169921875E-06	6.78405761718751E-07	9.89770796877565E-07	1187165.875	5.93189997744048E-06
258	141.836146641898	1.08917236328125		9.1522216796875E-07	1.59271240234375E-06	6.77490234375E-07	9.96555399979115E-07	1189730	5.97760754317278E-06
259	141.886146641772	1.09420776367188		9.173583984375E-07	1.59423828125E-06	6.768798828125E-07	1.00392060176091E-06	1192947.5	6.02342197453254E-06
260	141.936146641646	1.0992431640625		9.197998046875E-07	1.5960693359375E-06	6.7626953125E-07	1.01108366834524E-06	1195089.625	6.06935100222472E-06
261	141.986146641519	1.10427856445313		9.2193603515625E-07	1.597900390625E-06	6.7596435546875E-07	1.01793352769164E-06	1197616.75	6.11539462624933E-06
262	142.036146641393	1.10931396484375		9.2498779296875E-07	1.5997314453125E-06	6.7474365234375E-07	1.02581952887704E-06	1198944.25	6.16156739852158E-06
263	142.086146641267	1.11434936523438		9.2681884765625E-07	1.60125732421875E-06	6.744384765625E-07	1.03265858797386E-06	1202173.25	6.20786249783123E-06
264	142.136146641141	1.119384765625		9.29870605468749E-07	1.6033935546875E-06	6.73522949218751E-07	1.04088292118831E-06	1203807.125	6.25427992417826E-06
265	142.186146641014	1.12442016601563		9.3231201171875E-07	1.60552978515625E-06	6.732177734375E-07	1.04759908481356E-06	1205237.375	6.30083468422526E-06
266	142.236146640888	1.12945556640625		9.344482421875E-07	1.607666015625E-06	6.73217773437501E-07	1.05541778339102E-06	1208687.125	6.34750358585734E-06
267	142.286146640762	1.13449096679688		9.37499999999999E-07	1.6107177734375E-06	6.73217773437501E-07	1.06344225514476E-06	1209961	6.39430209048442E-06
268	142.336146640636	1.1395263671875		9.39331054687501E-07	1.61285400390625E-06	6.73522949218749E-07	1.07039249996888E-06	1213125.5	6.44122292214888E-06
269	142.38614664051	1.14456176757813		9.4146728515625E-07	1.614990234375E-06	6.73522949218749E-07	1.0777110901472E-06	1215883.375	6.48824288873584E-06
270	142.436146640383	1.14959716796875		9.43908691406251E-07	1.61773681640625E-06	6.73828124999999E-07	1.08540280052694E-06	1218234.75	6.53537745165522E-06
271	142.486146640257	1.15463256835938		9.46044921875E-07	1.62078857421875E-06	6.7474365234375E-07	1.09247866930673E-06	1220645.125	6.58262615615968E-06
272	142.536146640131	1.15966796875		9.490966796875E-07	1.6241455078125E-06	6.75048828124999E-07	1.10063695046847E-06	1221865	6.63000491840648E-06
273	142.586146640005	1.16470336914063		9.51232910156249E-07	1.62750244140625E-06	6.76269531250001E-07	1.10804933228792E-06	1224574.875	6.67751282890094E-06
274	142.636146639878	1.16973876953125		9.53063964843751E-07	1.63116455078125E-06	6.781005859375E-07	1.1151266789966E-06	1227665.75	6.72512032906525E-06
275	142.686146639752	1.17477416992188		9.55810546875E-07	1.63482666015625E-06	6.7901611328125E-07	1.12300733690063E-06	1229246.5	6.77284242556198E-06
276	142.736146639626	1.1798095703125		9.5855712890625E-07	1.6387939453125E-06	6.8023681640625E-07	1.1306223086649E-06	1230500	6.82070140101132E-06
277	142.7861466395	1.18484497070313		9.6099853515625E-07	1.64337158203125E-06	6.82373046875E-07	1.13790099476319E-06	1232137.25	6.86869043420302E-06
278	142.836146639373	1.18988037109375		9.63745117187501E-07	1.64764404296875E-06	6.8389892578125E-07	1.14644717541523E-06	1234325.625	6.91680907038972E-06
279	142.886146639247	1.19491577148438		9.66796875000001E-07	1.65283203125E-06	6.86035156249999E-07	1.15538830414152E-06	1236111.125	6.965072316234E-06
280	142.936146639121	1.199951171875		9.6954345703125E-07	1.65771484375E-06	6.8817138671875E-07	1.16370063096838E-06	1237960.375	7.01348108123057E-06
281	142.986146638995	1.20498657226563		9.7198486328125E-07	1.66351318359375E-06	6.915283203125E-07	1.1710803846654E-06	1239560.5	7.06201899447478E-06
282	143.036146638868	1.21002197265625		9.7503662109375E-07	1.66961669921875E-06	6.94580078125E-07	1.18011337235657E-06	1241314.5	7.11069469616632E-06
283	143.086146638742	1.21505737304688		9.783935546875E-07	1.6754150390625E-06	6.97021484375E-07	1.18895366085781E-06	1242046.125	7.15953046892537E-06
284	143.136146638616	1.2200927734375		9.81750488281249E-07	1.68212890625E-06	7.0037841796875E-07	1.19752701266407E-06	1242462	7.20853404345689E-06
285	143.18614663849	1.22512817382813		9.8541259765625E-07	1.68914794921875E-06	7.037353515625E-07	1.2074070809831E-06	1243419	7.25771315046586E-06
286	143.236146638363	1.23016357421875		9.8907470703125E-07	1.69708251953125E-06	7.080078125E-07	1.2164217650934E-06	1243443.375	7.30707552065724E-06
287	143.286146638237	1.23519897460938		9.9334716796875E-07	1.70440673828125E-06	7.110595703125E-07	1.22652670597745E-06	1243010.75	7.35663570594625E-06
288	143.336146638111	1.240234375		9.9761962890625E-07	1.712646484375E-06	7.15026855468749E-07	1.23697770959552E-06	1242887.75	7.40641007723752E-06
289	143.386146637985	1.24526977539063		1.002197265625E-06	1.72210693359375E-06	7.1990966796875E-07	1.24815881008544E-06	1242691.875	7.45640545574133E-06
290	143.436146637859	1.25030517578125		1.00677490234375E-06	1.73187255859375E-06	7.2509765625E-07	1.25846850096423E-06	1241588.5	7.50662957216264E-06
291	143.486146637732	1.25534057617188		1.01226806640625E-06	1.7413330078125E-06	7.2906494140625E-07	1.27089560919558E-06	1240277.375	7.55710561861633E-06
292	143.536146637606	1.2603759765625		1.01715087890625E-06	1.75201416015625E-06	7.34863281249999E-07	1.28168210267177E-06	1238823.875	7.60784132580739E-06
293	143.58614663748	1.26541137695313		1.02294921875E-06	1.76361083984375E-06	7.40661621093751E-07	1.2942954299433E-06	1236873.625	7.65884396969341E-06
294	143.636146637354	1.27044677734375		1.0296630859375E-06	1.77581787109375E-06	7.4615478515625E-07	1.3078179108561E-06	1233550.75	7.71015947975684E-06
295	143.686146637227	1.27548217773438		1.03546142578125E-06	1.7889404296875E-06	7.53479003906249E-07	1.32087063775543E-06	1231948.125	7.76178694650298E-06
296	143.736146637101	1.280517578125		1.04248046875E-06	1.802978515625E-06	7.60498046875001E-07	1.33523269596481E-06	1228630	7.81373546487885E-06
297	143.786146636975	1.28555297851563		1.04949951171875E-06	1.81671142578125E-06	7.672119140625E-07	1.34966762743716E-06	1225356.25	7.8660350482096E-06
298	143.836146636849	1.29058837890625		1.05621337890625E-06	1.83074951171875E-06	7.745361328125E-07	1.36345897772117E-06	1222190.125	7.91867842053762E-06
299	143.886146636722	1.29562377929688		1.063232421875E-06	1.846923828125E-06	7.83691406249999E-07	1.37738697958412E-06	1218427.125	7.97166467236821E-06
300	143.936146636596	1.3006591796875		1.0711669921875E-06	1.86370849609375E-06	7.9254150390625E-07	1.39322310133139E-06	1214245.125	8.02502381702652E-06
301	143.98614663647	1.30569458007813		1.07940673828125E-06	1.8798828125E-06	8.00476074218751E-07	1.40954023208906E-06	1209782.25	8.07878859632183E-06
302	144.036146636344	1.31072998046875		1.08734130859375E-06	1.89697265625E-06	8.09631347656249E-07	1.42554267767991E-06	1205725.5	8.13295719126472E-06
303	144.086146636217	1.31576538085938		1.0955810546875E-06	1.9146728515625E-06	8.19091796875001E-07	1.44202920182579E-06	1201392.75	8.18753051134991E-06
304	144.136146636091	1.32080078125		1.10443115234375E-06	1.93359375E-06	8.2916259765625E-07	1.45940759921359E-06	1196463.125	8.24253038445022E-06
305	144.186146635965	1.32583618164063		1.11297607421875E-06	1.9525146484375E-06	8.39538574218751E-07	1.47579373788176E-06	1191390.25	8.29796590551268E-06
306	144.236146635839	1.33087158203125		1.1224365234375E-06	1.97113037109375E-06	8.4869384765625E-07	1.49381889968936E-06	1185698.75	8.35385071695782E-06
307	144.286146635712	1.33590698242188		1.13128662109375E-06	1.99005126953125E-06	8.587646484375E-07	1.51077574628289E-06	1180469.375	8.41019391373266E-06
308	144.336146635586	1.3409423828125		1.14044189453125E-06	2.00927734375E-06	8.68835449218751E-07	1.52857080593094E-06	1175274.25	8.46698731038487E-06
309	144.38614663546	1.34597778320313		1.1492919921875E-06	2.0281982421875E-06	8.7890625E-07	1.5470967582587E-06	1171269.25	8.52423090691445E-06
310	144.436146635334	1.35101318359375		1.15814208984375E-06	2.0477294921875E-06	8.8958740234375E-07	1.56431167397386E-06	1166271.5	8.5819165178691E-06
311	144.486146635208	1.35604858398438		1.1669921875E-06	2.06756591796875E-06	9.0057373046875E-07	1.58232001012948E-06	1161872.375	8.64004505274352E-06
312	144.536146635081	1.361083984375		1.17584228515625E-06	2.08740234375E-06	9.11560058593749E-07	1.60042009156314E-06	1157539.625	8.69861560204299E-06
313	144.586146634955	1.36611938476563		1.18438720703125E-06	2.1075439453125E-06	9.2315673828125E-07	1.61855643909803E-06	1153826.375	8.75762179930462E-06
314	144.636146634829	1.37115478515625		1.19293212890625E-06	2.12860107421875E-06	9.356689453125E-07	1.63569461619772E-06	1149398.875	8.81705454958137E-06
315	144.686146634703	1.37619018554688		1.2017822265625E-06	2.1502685546875E-06	9.48486328124999E-07	1.65333074164664E-06	1144743.5	8.87692203832557E-06
316	144.736146634576	1.3812255859375		1.21063232421875E-06	2.1746826171875E-06	9.6405029296875E-07	1.6721562587918E-06	1140912.625	8.93723245098954E-06
317	144.78614663445	1.38626098632813		1.2200927734375E-06	2.200927734375E-06	9.80834960937499E-07	1.69118072790297E-06	1136068.125	8.9980012489832E-06
318	144.836146634324	1.39129638671875		1.23016357421875E-06	2.22869873046875E-06	9.98535156250001E-07	1.71114663771732E-06	1130736.875	9.05925753613701E-06
319	144.886146634198	1.39633178710938		1.2408447265625E-06	2.2601318359375E-06	1.019287109375E-06	1.73282012383424E-06	1125430.5	9.12103223527083E-06
320	144.936146634071	1.4013671875		1.2518310546875E-06	2.29461669921875E-06	1.04278564453125E-06	1.75312879946432E-06	1118722.625	9.18334899324691E-06
321	144.986146633945	1.40640258789063		1.2646484375E-06	2.33245849609375E-06	1.06781005859375E-06	1.77802587586484E-06	1111727.875	9.24626147025265E-06
322	145.036146633819	1.41143798828125		1.27838134765625E-06	2.374267578125E-06	1.09588623046875E-06	1.80357574208756E-06	1103604.75	9.30983696889598E-06
323	145.086146633693	1.41647338867188		1.29302978515625E-06	2.41973876953125E-06	1.126708984375E-06	1.83134488906944E-06	1095350.5	9.3741227829014E-06
324	145.136146633566	1.4215087890625		1.3092041015625E-06	2.47039794921875E-06	1.16119384765625E-06	1.86104512067686E-06	1085780.875	9.43917802942451E-06
325	145.18614663344	1.42654418945313		1.32659912109375E-06	2.5244140625E-06	1.19781494140625E-06	1.89265460903698E-06	1075454.375	9.50507364905206E-06
326	145.236146633314	1.43157958984375		1.34490966796875E-06	2.584228515625E-06	1.23931884765625E-06	1.92534503185016E-06	1064443	9.57186148298206E-06
327	145.286146633188	1.43661499023438		1.365966796875E-06	2.65045166015625E-06	1.28448486328125E-06	1.96216001313587E-06	1051608.625	9.63963339017937E-06
328	145.336146633062	1.441650390625		1.3885498046875E-06	2.72186279296875E-06	1.33331298828125E-06	2.0013794710394E-06	1038022	9.70849578152411E-06
329	145.386146632935	1.44668579101563		1.412353515625E-06	2.799072265625E-06	1.38671875E-06	2.04301636586024E-06	1024200.5	9.77851868810831E-06
330	145.436146632809	1.45172119140625		1.44073486328125E-06	2.88299560546875E-06	1.4422607421875E-06	2.09154541153111E-06	1007625.5	9.84984581009485E-06
331	145.486146632683	1.45675659179688		1.4703369140625E-06	2.97271728515625E-06	1.50238037109375E-06	2.14169858736568E-06	990660.0625	9.92262266663602E-06
332	145.536146632557	1.4617919921875		1.50421142578125E-06	3.06884765625E-06	1.56463623046875E-06	2.19930325329187E-06	972002.5	9.99698659143178E-06
333	145.58614663243	1.46682739257813		1.54052734375E-06	3.16986083984375E-06	1.62933349609375E-06	2.26039287554158E-06	952456.5	1.00731049315073E-05
334	145.636146632304	1.47186279296875		1.57989501953125E-06	3.27484130859375E-06	1.6949462890625E-06	2.32538855016173E-06	931620.6875	1.01511150205624E-05
335	145.686146632178	1.47689819335938		1.62139892578125E-06	3.38531494140625E-06	1.763916015625E-06	2.39389873968321E-06	910596.6875	1.02311478258343E-05
336	145.736146632052	1.48193359375		1.6656494140625E-06	3.49700927734375E-06	1.83135986328125E-06	2.4683818082849E-06	889703.1875	1.03133234006236E-05
337	145.786146631925	1.48696899414063		1.71234130859375E-06	3.609619140625E-06	1.89727783203125E-06	2.54645965469535E-06	868472.6875	1.03977736216621E-05
338	145.836146631799	1.49200439453125		1.761474609375E-06	3.72344970703125E-06	1.96197509765625E-06	2.62759022007231E-06	846846.875	1.04846185422502E-05
339	145.886146631673	1.49703979492188		1.81060791015625E-06	3.8348388671875E-06	2.02423095703125E-06	2.71027579401562E-06	826731.875	1.05739209175226E-05
340	145.936146631547	1.5020751953125		1.86187744140625E-06	3.94317626953125E-06	2.081298828125E-06	2.79554342341726E-06	806425.1875	1.06657334981719E-05
