Potential - Start -0.205 V, Stop 1.505 V, Step 0.005 V; Modulation - Amplitude 0.05 V, Time 0.025 s, Interval time 0.05 s
Index	Base.Time (s)	Potential applied (V)	WE(1).Base.Potential (V)	WE(1).Base.Current (A)	WE(1).Pulse.Current (A)	WE(1).δ.Current (A)	WE(1).Base.Power (W)	WE(1).Base.Resistance (Ω)	WE(1).Base.Charge (C)
1	136.552288655239	-0.204925537109375		-4.58374023437499E-07	4.62646484375E-07	9.21020507812499E-07	9.38346218504194E-08	446604.53125	0
2	136.602288655112	-0.19989013671875		-7.794189453125E-07	4.19921875E-07	1.1993408203125E-06	1.55655442313218E-07	256225.53125	-3.09448253688061E-08
3	136.652288654986	-0.194854736328125		-7.8277587890625E-07	4.26635742187501E-07	1.20941162109375E-06	1.52432036770733E-07	248771.921875	-6.99996931530222E-08
4	136.70228865486	-0.1898193359375		-7.7178955078125E-07	4.3975830078125E-07	1.2115478515625E-06	1.46406364365248E-07	245788.859375	-1.08863829950678E-07
5	136.752288654734	-0.184783935546875		-7.59277343750001E-07	4.5440673828125E-07	1.21368408203125E-06	1.40186401154097E-07	243167.203125	-1.47140497119835E-07
6	136.802288654607	-0.17974853515625		-7.47070312500001E-07	4.7027587890625E-07	1.21734619140625E-06	1.34193598455568E-07	240441.171875	-1.84799191060847E-07
7	136.852288654481	-0.174713134765625		-7.3455810546875E-07	4.86145019531251E-07	1.220703125E-06	1.28224868944926E-07	237640.21875	-2.21839897562859E-07
8	136.902288654355	-0.169677734375		-7.2479248046875E-07	5.02624511718749E-07	1.2274169921875E-06	1.22892672038688E-07	233936.84375	-2.58323666457727E-07
9	136.952288654229	-0.164642333984375		-7.1441650390625E-07	5.20935058593749E-07	1.2353515625E-06	1.17535989829776E-07	230286.203125	-2.94303902137472E-07
10	137.002288654102	-0.15960693359375		-7.061767578125E-07	5.3924560546875E-07	1.24542236328125E-06	1.12667606799732E-07	225929.125	-3.29818732325293E-07
11	137.052288653976	-0.154571533203125		-6.9854736328125E-07	5.59387207031251E-07	1.2579345703125E-06	1.07911581892495E-07	221144.609375	-3.64936823871176E-07
12	137.10228865385	-0.1495361328125		-6.92138671875001E-07	5.810546875E-07	1.273193359375E-06	1.03457495015391E-07	215961.203125	-3.99703964149012E-07
13	137.152288653724	-0.144500732421875		-6.8634033203125E-07	6.04858398437499E-07	1.29119873046875E-06	9.91138477957065E-08	210404.625	-4.34165940532694E-07
14	137.202288653598	-0.13946533203125		-6.8206787109375E-07	6.317138671875E-07	1.31378173828125E-06	9.50831946511244E-08	204384.78125	-4.68376157414241E-07
15	137.252288653471	-0.134429931640625		-6.7962646484375E-07	6.6192626953125E-07	1.341552734375E-06	9.12791762175402E-08	197620.125	-5.02418515679892E-07
16	137.302288653345	-0.12939453125		-6.7779541015625E-07	6.9549560546875E-07	1.373291015625E-06	8.75995951332698E-08	190679.875	-5.36354036739795E-07
17	137.352288653219	-0.124359130859375		-6.7901611328125E-07	7.34863281250001E-07	1.41387939453125E-06	8.43796854610446E-08	183011.25	-5.70274323763442E-07
18	137.402288653093	-0.11932373046875		-6.8206787109375E-07	7.794189453125E-07	1.46148681640625E-06	8.13660676612926E-08	174899.328125	-6.04301419571129E-07
19	137.452288652966	-0.114288330078125		-6.8695068359375E-07	8.30078125E-07	1.51702880859375E-06	7.84475560067222E-08	166237.234375	-6.38526898910641E-07
20	137.50228865284	-0.1092529296875		-6.95190429687501E-07	8.892822265625E-07	1.58447265625E-06	7.58879394879841E-08	157023.703125	-6.73080421620398E-07
21	137.552288652714	-0.104217529296875		-7.06787109375E-07	9.5855712890625E-07	1.66534423828125E-06	7.35948972874212E-08	147322.96875	-7.08129903159715E-07
22	137.602288652588	-0.09918212890625		-7.21435546875E-07	1.0345458984375E-06	1.7559814453125E-06	7.15094756742474E-08	137394.25	-7.43835414596106E-07
23	137.652288652461	-0.094146728515625		-7.43713378906249E-07	1.12518310546875E-06	1.868896484375E-06	6.9972784899619E-08	126508	-7.80464176841633E-07
24	137.702288652335	-0.089111328125		-7.672119140625E-07	1.2298583984375E-06	1.9970703125E-06	6.8320439083891E-08	116070.015625	-8.18237310795666E-07
25	137.752288652209	-0.084075927734375		-7.9620361328125E-07	1.35101318359375E-06	2.147216796875E-06	6.69172592893119E-08	105557.6875	-8.57322675074101E-07
26	137.802288652083	-0.07904052734375		-8.319091796875E-07	1.48681640625E-06	2.3187255859375E-06	6.57037659834714E-08	94937.640625	-8.98025518836221E-07
27	137.852288651956	-0.074005126953125		-8.72192382812501E-07	1.640625E-06	2.5128173828125E-06	6.45200870508233E-08	84814.5625	-9.40628012813249E-07
28	137.90228865183	-0.0689697265625		-9.1888427734375E-07	1.812744140625E-06	2.73162841796875E-06	6.33191135079869E-08	74991.6953125	-9.85404994935379E-07
29	137.952288651704	-0.063934326171875		-9.716796875E-07	2.00225830078125E-06	2.97393798828125E-06	6.20643803017629E-08	65734.921875	-1.03266904716293E-06
30	138.002288651578	-0.05889892578125		-1.03118896484375E-06	2.20916748046875E-06	3.2403564453125E-06	6.06729813057427E-08	57058.30078125	-1.08274082322168E-06
31	138.052288651451	-0.053863525390625		-1.09466552734375E-06	2.431640625E-06	3.52630615234375E-06	5.88957327352091E-08	49149.70703125	-1.13588714611979E-06
32	138.102288651325	-0.048828125		-1.15997314453125E-06	2.6690673828125E-06	3.82904052734375E-06	5.65012499009754E-08	41991.58203125	-1.19225308026216E-06
33	138.152288651199	-0.043792724609375		-1.234130859375E-06	2.91717529296875E-06	4.15130615234375E-06	5.38990683196516E-08	35388.2265625	-1.25210567603062E-06
34	138.202288651073	-0.03875732421875		-1.3043212890625E-06	3.17230224609375E-06	4.47662353515625E-06	5.04047257265938E-08	29627.984375	-1.31556703308888E-06
35	138.252288650947	-0.033721923828125		-1.37176513671875E-06	3.43048095703125E-06	4.80224609375E-06	4.60785436473543E-08	24487.208984375	-1.38246912229079E-06
36	138.30228865082	-0.0286865234375		-1.4324951171875E-06	3.6871337890625E-06	5.11962890625E-06	4.09534095524577E-08	19957.392578125	-1.45257570238755E-06
37	138.352288650694	-0.023651123046875		-1.48284912109375E-06	3.935546875E-06	5.41839599609375E-06	3.49307605063132E-08	15885.986328125	-1.52545931086934E-06
38	138.402288650568	-0.01861572265625		-1.519775390625E-06	4.16961669921875E-06	5.68939208984375E-06	2.81525753820233E-08	12188.755859375	-1.60052491082752E-06
39	138.452288650442	-0.013580322265625		-1.53900146484375E-06	4.38232421875E-06	5.92132568359375E-06	2.07968078314025E-08	8780.4873046875	-1.67699431585788E-06
40	138.502288650315	-0.008544921875		-1.53961181640625E-06	4.571533203125E-06	6.11114501953125E-06	1.3066590476285E-08	5512.38916015625	-1.75395962287439E-06
41	138.552288650189	-0.003509521484375		-1.51763916015625E-06	4.7271728515625E-06	6.24481201171875E-06	5.26134646960941E-09	2284.33544921875	-1.83039094281412E-06
42	138.602288650063	0.00152587890625		-1.47125244140625E-06	4.8553466796875E-06	6.32659912109375E-06	-2.31679142537189E-09	-1070.3173828125	-1.90511320852238E-06
43	138.652288649937	0.006561279296875		-1.396484375E-06	4.9346923828125E-06	6.3311767578125E-06	-9.2607432833347E-09	-4748.68896484375	-1.97680651581322E-06
44	138.70228864981	0.0115966796875		-1.30584716796875E-06	4.9713134765625E-06	6.27716064453125E-06	-1.5263044161884E-08	-8950.689453125	-2.04436491912929E-06
45	138.752288649684	0.016632080078125		-1.19537353515625E-06	4.9652099609375E-06	6.16058349609375E-06	-1.99763956487686E-08	-13980.0859375	-2.10689540836029E-06
46	138.802288649558	0.02166748046875		-1.06719970703125E-06	4.9163818359375E-06	5.98358154296875E-06	-2.32179786507913E-08	-20386.044921875	-2.16345983972133E-06
47	138.852288649432	0.026702880859375		-9.246826171875E-07	4.827880859375E-06	5.7525634765625E-06	-2.47848106482706E-08	-28986.798828125	-2.21325672100647E-06
48	138.902288649305	0.03173828125		-7.72705078124999E-07	4.705810546875E-06	5.478515625E-06	-2.46162965567009E-08	-41228.28125	-2.25569147005444E-06
49	138.952288649179	0.036773681640625		-6.12792968750001E-07	4.55322265625E-06	5.166015625E-06	-2.26019771787378E-08	-60189.2421875	-2.29032889365044E-06
50	139.002288649053	0.04180908203125		-4.486083984375E-07	4.3792724609375E-06	4.827880859375E-06	-1.88147737389954E-08	-93489.8046875	-2.31686385632202E-06
51	139.052288648927	0.046844482421875		-2.8564453125E-07	4.1900634765625E-06	4.4757080078125E-06	-1.34131230566936E-08	-164391.03125	-2.3352201878879E-06
52	139.1022886488	0.0518798828125		-1.30615234375001E-07	3.997802734375E-06	4.12841796875E-06	-6.78028921896612E-09	-397429.90625	-2.34562685363926E-06
53	139.152288648674	0.056915283203125		2.44140625E-08	3.8037109375E-06	3.779296875E-06	1.39102340757091E-09	2333750	-2.34828189604741E-06
54	139.202288648548	0.06195068359375		1.6632080078125E-07	3.6138916015625E-06	3.44757080078125E-06	1.03087627323362E-08	372660.53125	-2.34351341532602E-06
55	139.252288648422	0.066986083984375		2.9571533203125E-07	3.431396484375E-06	3.13568115234375E-06	1.98178362609269E-08	226625.390625	-2.33196260523982E-06
56	139.302288648296	0.072021484375		4.11071777343749E-07	3.26019287109375E-06	2.84912109375E-06	2.96185440618046E-08	175278.40625	-2.31429294217378E-06
57	139.352288648169	0.077056884765625		5.12084960937501E-07	3.10150146484375E-06	2.58941650390625E-06	3.94596710862061E-08	150476.75	-2.29121383199526E-06
58	139.402288648043	0.08209228515625		6.00280761718749E-07	2.95440673828125E-06	2.3541259765625E-06	4.93333764950421E-08	136909	-2.26340489462018E-06
59	139.452288647917	0.087127685546875		6.732177734375E-07	2.82073974609375E-06	2.14752197265625E-06	5.8655903245608E-08	129419.765625	-2.23156735046359E-06
60	139.502288647791	0.0921630859375		7.3394775390625E-07	2.7001953125E-06	1.96624755859375E-06	6.76652831543834E-08	125613.3125	-2.19638809539902E-06
61	139.552288647664	0.097198486328125		7.82470703125E-07	2.5909423828125E-06	1.8084716796875E-06	7.60788481102281E-08	124258.96875	-2.15847762774501E-06
62	139.602288647538	0.10223388671875		8.2061767578125E-07	2.49267578125E-06	1.67205810546875E-06	8.3894931890427E-08	124581.6328125	-2.11840051633772E-06
63	139.652288647412	0.107269287109375		8.502197265625E-07	2.40478515625E-06	1.5545654296875E-06	9.12802988750627E-08	126274.234375	-2.07662969842204E-06
64	139.702288647286	0.1123046875		8.709716796875E-07	2.32513427734375E-06	1.45416259765625E-06	9.78141940777277E-08	128941.84375	-2.03359991246543E-06
65	139.752288647159	0.117340087890625		8.85620117187499E-07	2.25494384765625E-06	1.36932373046875E-06	1.03891707681214E-07	132460.375	-1.98968496079033E-06
66	139.802288647033	0.12237548828125		8.95080566406251E-07	2.19146728515625E-06	1.29638671875E-06	1.09535918113579E-07	136720.09375	-1.9451674688753E-06
67	139.852288646907	0.127410888671875		8.9996337890625E-07	2.13470458984375E-06	1.2347412109375E-06	1.1469259675323E-07	141607.328125	-1.90029140867409E-06
68	139.902288646781	0.1324462890625		9.0179443359375E-07	2.08221435546875E-06	1.180419921875E-06	1.19549412147535E-07	147005.078125	-1.85524743301357E-06
69	139.952288646654	0.137481689453125		8.99658203125001E-07	2.0355224609375E-06	1.1358642578125E-06	1.23713988386953E-07	152849.390625	-1.81021118805802E-06
70	140.002288646528	0.14251708984375		8.9691162109375E-07	1.993408203125E-06	1.09649658203125E-06	1.27852601394807E-07	158931.609375	-1.76529692907934E-06
71	140.052288646402	0.147552490234375		8.92333984375E-07	1.95587158203125E-06	1.06353759765625E-06	1.31666098468486E-07	165355.6875	-1.72056581959623E-06
72	140.102288646276	0.152587890625		8.85620117187499E-07	1.920166015625E-06	1.0345458984375E-06	1.35107868004525E-07	172260.515625	-1.67611688084435E-06
73	140.152288646149	0.157623291015625		8.7890625E-07	1.888427734375E-06	1.009521484375E-06	1.38509264502318E-07	179305.5625	-1.63200377301109E-06
74	140.202288646023	0.16265869140625		8.7188720703125E-07	1.8585205078125E-06	9.86633300781251E-07	1.41873243819646E-07	186629.328125	-1.58823388574092E-06
75	140.252288645897	0.167694091796875		8.6395263671875E-07	1.83135986328125E-06	9.674072265625E-07	1.44906110222109E-07	194136.359375	-1.54483791448001E-06
76	140.302288645771	0.1727294921875		8.5601806640625E-07	1.8060302734375E-06	9.50012207031251E-07	1.47859566368425E-07	201782.53125	-1.50183871028275E-06
77	140.352288645645	0.177764892578125		8.48388671875E-07	1.78253173828125E-06	9.3414306640625E-07	1.50813718846621E-07	209532.375	-1.45922854244418E-06
78	140.402288645518	0.18280029296875		8.40148925781251E-07	1.75994873046875E-06	9.19799804687499E-07	1.5363075078767E-07	217653.46875	-1.41701502798242E-06
79	140.452288645392	0.187835693359375		8.32519531250001E-07	1.7401123046875E-06	9.07592773437499E-07	1.56427688580152E-07	225696.484375	-1.37519839427114E-06
80	140.502288645266	0.19287109375		8.251953125E-07	1.7205810546875E-06	8.953857421875E-07	1.59156314794018E-07	233727.8125	-1.33375544919545E-06
81	140.55228864514	0.197906494140625		8.1787109375E-07	1.70196533203125E-06	8.8409423828125E-07	1.61861990477519E-07	241977.625	-1.2926788031109E-06
82	140.602288645013	0.20294189453125		8.11157226562501E-07	1.68426513671875E-06	8.7310791015625E-07	1.64617773634745E-07	250188.125	-1.2519531082944E-06
83	140.652288644887	0.207977294921875		8.04443359375E-07	1.66839599609375E-06	8.6395263671875E-07	1.67330497902185E-07	258573.59375	-1.21156313070969E-06
84	140.702288644761	0.2130126953125		7.97424316406251E-07	1.65252685546875E-06	8.551025390625E-07	1.69861507970381E-07	267125.90625	-1.17151637368806E-06
85	140.752288644635	0.218048095703125		7.9193115234375E-07	1.63818359375E-06	8.46252441406251E-07	1.7267907992391E-07	275337.1875	-1.13178248284385E-06
86	140.802288644508	0.22308349609375		7.85217285156251E-07	1.62353515625E-06	8.3831787109375E-07	1.75169006411124E-07	284104.15625	-1.09235384115891E-06
87	140.852288644382	0.228118896484375		7.7972412109375E-07	1.61041259765625E-06	8.306884765625E-07	1.77893596742251E-07	292602.75	-1.05323022125958E-06
88	140.902288644256	0.233154296875		7.74536132812501E-07	1.5985107421875E-06	8.23974609375E-07	1.80586411602235E-07	301024.4375	-1.0143737654289E-06
89	140.95228864413	0.238189697265625		7.69653320312499E-07	1.585693359375E-06	8.160400390625E-07	1.83323479063802E-07	309476.625	-9.75769012256933E-07
90	141.002288644003	0.24322509765625		7.6416015625E-07	1.57379150390625E-06	8.09631347656249E-07	1.85862916168844E-07	318290.75	-9.37423692448647E-07
91	141.052288643877	0.248260498046875		7.5958251953125E-07	1.5631103515625E-06	8.03527832031249E-07	1.8859751094169E-07	326878.25	-8.99330132142495E-07
92	141.102288643751	0.2532958984375		7.54699707031251E-07	1.5521240234375E-06	7.97424316406249E-07	1.91162328633254E-07	335624.75	-8.61473097302223E-07
93	141.152288643625	0.258331298828125		7.50122070312501E-07	1.541748046875E-06	7.91625976562499E-07	1.93802904391305E-07	344426.375	-8.23852531084412E-07
94	141.202288643498	0.26336669921875		7.45849609375E-07	1.53228759765625E-06	7.86437988281249E-07	1.96477472513834E-07	353191.5	-7.86453256296227E-07
95	141.252288643372	0.268402099609375		7.415771484375E-07	1.5234375E-06	7.81860351562499E-07	1.99063492800633E-07	361975.3125	-7.4926759907612E-07
96	141.302288643246	0.2734375		7.3822021484375E-07	1.514892578125E-06	7.7667236328125E-07	2.01834552626678E-07	370359.65625	-7.12272651526291E-07
97	141.35228864312	0.278472900390625		7.3394775390625E-07	1.50665283203125E-06	7.72705078124999E-07	2.04384548396774E-07	379417.90625	-6.75468470490159E-07
98	141.402288642994	0.28350830078125		7.3089599609375E-07	1.4990234375E-06	7.68127441406249E-07	2.07170472776852E-07	387807.9375	-6.38847325262759E-07
99	141.452288642867	0.288543701171875		7.27233886718751E-07	1.49169921875E-06	7.6446533203125E-07	2.09816562346532E-07	396726.8125	-6.02394095494674E-07
100	141.502288642741	0.2935791015625		7.23876953125E-07	1.48468017578125E-06	7.60803222656251E-07	2.12537230481757E-07	405607.09375	-5.66116341360612E-07
101	141.552288642615	0.298614501953125		7.20825195312499E-07	1.4776611328125E-06	7.568359375E-07	2.15248860513384E-07	414267.5625	-5.299987719809E-07
102	141.602288642489	0.30364990234375		7.1746826171875E-07	1.47216796875E-06	7.54699707031251E-07	2.17837268223775E-07	423181.625	-4.94041444198956E-07
103	141.652288642362	0.308685302734375		7.14111328125E-07	1.466064453125E-06	7.51953125E-07	2.20392081473619E-07	432179.5	-4.58251946611199E-07
104	141.702288642236	0.313720703125		7.110595703125E-07	1.4605712890625E-06	7.4951171875E-07	2.23074110294874E-07	441201.71875	-4.2262269062121E-07
105	141.75228864211	0.318756103515625		7.080078125E-07	1.455078125E-06	7.47070312500001E-07	2.25725017344303E-07	450301.71875	-3.87146002367444E-07
106	141.802288641984	0.32379150390625		7.049560546875E-07	1.45111083984375E-06	7.4615478515625E-07	2.28301800575537E-07	459393.9375	-3.5182191027161E-07
107	141.852288641857	0.328826904296875		7.02514648437499E-07	1.4471435546875E-06	7.4462890625E-07	2.31048588261729E-07	468158.125	-3.16635123454034E-07
108	141.902288641731	0.3338623046875		6.9915771484375E-07	1.44256591796875E-06	7.43408203125E-07	2.33422397855065E-07	477520.75	-2.81593315776263E-07
109	141.952288641605	0.338897705078125		6.96716308593751E-07	1.43951416015625E-06	7.42797851562499E-07	2.36094294336908E-07	486377.5625	-2.46696487238296E-07
110	142.002288641479	0.34393310546875		6.939697265625E-07	1.436767578125E-06	7.427978515625E-07	2.38636800986569E-07	495514.53125	-2.11929332749605E-07
111	142.052288641352	0.348968505859375		6.9122314453125E-07	1.43402099609375E-06	7.427978515625E-07	2.41257282596052E-07	504944.8125	-1.77299511960882E-07
112	142.102288641226	0.35400390625		6.884765625E-07	1.43096923828125E-06	7.4249267578125E-07	2.4372337747991E-07	514184.4375	-1.42807010661272E-07
113	142.1522886411	0.359039306640625		6.85729980468749E-07	1.4288330078125E-06	7.4310302734375E-07	2.46203995857286E-07	523587.03125	-1.08451857272485E-07
114	142.202288640974	0.36407470703125		6.8359375E-07	1.427001953125E-06	7.43408203125E-07	2.48837466187979E-07	532500	-7.42187609148459E-08
115	142.252288640847	0.369110107421875		6.81457519531251E-07	1.42486572265625E-06	7.43408203125E-07	2.51553643693114E-07	541692.8125	-4.0092480446674E-08
116	142.302288640721	0.3741455078125		6.793212890625E-07	1.42333984375E-06	7.44018554687501E-07	2.54144254085986E-07	550718.8125	-6.07301231525526E-09
117	142.352288640595	0.379180908203125		6.76574707031249E-07	1.4208984375E-06	7.4432373046875E-07	2.56544211651999E-07	560442.0625	2.78243863505168E-08
118	142.402288640469	0.38421630859375		6.7474365234375E-07	1.41998291015625E-06	7.45239257812501E-07	2.59226936805135E-07	569380.375	6.16073450032673E-08
119	142.452288640343	0.389251708984375		6.72607421875E-07	1.41845703125E-06	7.45849609375E-07	2.61793076106187E-07	578675.125	9.52911207718898E-08
120	142.502288640216	0.394287109375		6.7108154296875E-07	1.4166259765625E-06	7.45544433593749E-07	2.64619274048528E-07	587585.3125	1.2888334310901E-07
121	142.55228864009	0.399322509765625		6.69250488281251E-07	1.41571044921875E-06	7.464599609375E-07	2.67267211029321E-07	596716.8125	1.62391643243609E-07
122	142.602288639964	0.40435791015625		6.6802978515625E-07	1.414794921875E-06	7.46765136718749E-07	2.70143516445387E-07	605344.9375	1.95823659510097E-07
123	142.652288639838	0.409393310546875		6.6680908203125E-07	1.4141845703125E-06	7.4737548828125E-07	2.72966815373366E-07	613913.0625	2.29194625944729E-07
124	142.702288639711	0.4144287109375		6.65893554687499E-07	1.4129638671875E-06	7.47070312500001E-07	2.75965390983401E-07	622364.8125	2.62512202198195E-07
125	142.752288639585	0.419464111328125		6.64672851562501E-07	1.412353515625E-06	7.476806640625E-07	2.78806396636355E-07	631083.5625	2.95776345637933E-07
126	142.802288639459	0.42449951171875		6.634521484375E-07	1.41204833984375E-06	7.48596191406249E-07	2.81594594753187E-07	639742.4375	3.28979467667523E-07
127	142.852288639333	0.429534912109375		6.622314453125E-07	1.4117431640625E-06	7.4951171875E-07	2.84431308728017E-07	648571.5	3.62121568286966E-07
128	142.902288639206	0.4345703125		6.610107421875E-07	1.41204833984375E-06	7.5103759765625E-07	2.87275810251231E-07	657479.25	3.95202619074553E-07
129	142.95228863908	0.439605712890625		6.60095214843751E-07	1.41143798828125E-06	7.51342773437499E-07	2.90181645823395E-07	665973.1875	4.2823026547012E-07
130	143.002288638954	0.44464111328125		6.58569335937501E-07	1.41204833984375E-06	7.53479003906249E-07	2.9282699642863E-07	675162.1875	4.6119686203383E-07
131	143.052288638828	0.449676513671875		6.573486328125E-07	1.41265869140625E-06	7.5531005859375E-07	2.95554116291896E-07	683983.3125	4.94094820169266E-07
132	143.102288638701	0.4547119140625		6.56738281249999E-07	1.41357421875E-06	7.568359375E-07	2.98626730454998E-07	692379.1875	5.26947019352519E-07
133	143.152288638575	0.459747314453125		6.5460205078125E-07	1.41510009765625E-06	7.60498046874999E-07	3.00951541021277E-07	702331	5.5973049484237E-07
134	143.202288638449	0.46478271484375		6.536865234375E-07	1.4166259765625E-06	7.62939453125E-07	3.03862094597207E-07	711111.125	5.92437743307528E-07
135	143.252288638323	0.469818115234375		6.52465820312501E-07	1.41815185546875E-06	7.65686035156249E-07	3.06520348658523E-07	720018.6875	6.25091502115538E-07
136	143.302288638197	0.474853515625		6.5155029296875E-07	1.41998291015625E-06	7.68432617187501E-07	3.09371074536102E-07	728758.75	6.57691941796656E-07
137	143.35228863807	0.479888916015625		6.500244140625E-07	1.4215087890625E-06	7.71484375000001E-07	3.11919649220727E-07	738216	6.902312748025E-07
138	143.402288637944	0.48492431640625		6.4971923828125E-07	1.42333984375E-06	7.7362060546875E-07	3.15084463409221E-07	746406.8125	7.22724905699579E-07
139	143.452288637818	0.489959716796875		6.47888183593751E-07	1.42547607421875E-06	7.77587890624999E-07	3.17478651368219E-07	756335.375	7.5516504693951E-07
140	143.502288637692	0.4949951171875		6.4666748046875E-07	1.42791748046875E-06	7.8125E-07	3.20097228723171E-07	765455.4375	7.87528961154749E-07
141	143.552288637565	0.500030517578125		6.45751953125E-07	1.4306640625E-06	7.84912109375001E-07	3.22856266166127E-07	774243.875	8.19839442556258E-07
142	143.602288637439	0.50506591796875		6.44836425781251E-07	1.4337158203125E-06	7.8887939453125E-07	3.25704576198405E-07	783293.9375	8.52104165005585E-07
143	143.652288637313	0.510101318359375		6.4422607421875E-07	1.43585205078125E-06	7.916259765625E-07	3.28600918919619E-07	791757.4375	8.84330688677437E-07
144	143.702288637187	0.51513671875		6.43005371093749E-07	1.43890380859375E-06	7.95898437500001E-07	3.3121605724773E-07	801091.625	9.16511510240525E-07
145	143.75228863706	0.520172119140625		6.4239501953125E-07	1.44195556640625E-06	7.99560546875E-07	3.34175553007299E-07	809786.25	9.48646516008012E-07
146	143.802288636934	0.52520751953125		6.41479492187499E-07	1.4453125E-06	8.038330078125E-07	3.36851115889658E-07	818601.375	9.80743379841442E-07
147	143.852288636808	0.530242919921875		6.4117431640625E-07	1.44866943359375E-06	8.074951171875E-07	3.39939020932434E-07	826891.9375	1.01280966191553E-06
148	143.902288636682	0.5352783203125		6.40258789062501E-07	1.45233154296875E-06	8.1207275390625E-07	3.4269709203727E-07	835986.6875	1.04484558960394E-06
149	143.952288636555	0.540313720703125		6.4056396484375E-07	1.456298828125E-06	8.15734863281249E-07	3.46066400425116E-07	843401.625	1.07686605588242E-06
150	144.002288636429	0.54534912109375		6.39953613281249E-07	1.46026611328125E-06	8.20312500000001E-07	3.48978602460193E-07	852122.0625	1.10887901882961E-06
151	144.052288636303	0.550384521484375		6.38732910156251E-07	1.463623046875E-06	8.24890136718749E-07	3.51568189671525E-07	861729.5625	1.1408461659812E-06
152	144.102288636177	0.555419921875		6.38732910156251E-07	1.4678955078125E-06	8.2916259765625E-07	3.54745480990459E-07	869517.4375	1.17278284506028E-06
153	144.15228863605	0.560455322265625		6.38427734375E-07	1.47216796875E-06	8.33740234375001E-07	3.5779072504738E-07	877820.3125	1.20471190712124E-06
154	144.202288635924	0.56549072265625		6.3812255859375E-07	1.47674560546875E-06	8.38623046875001E-07	3.60832899559682E-07	886131.125	1.2366256214591E-06
155	144.252288635798	0.570526123046875		6.38732910156251E-07	1.48101806640625E-06	8.4228515625E-07	3.64413807574238E-07	893215.5	1.26854706650192E-06
156	144.302288635672	0.5755615234375		6.3812255859375E-07	1.485595703125E-06	8.47473144531251E-07	3.67239806564612E-07	901865.1875	1.30046839785791E-06
157	144.352288635546	0.580596923828125		6.38732910156251E-07	1.490478515625E-06	8.5174560546875E-07	3.70826853668405E-07	908934.5625	1.3323897292139E-06
158	144.402288635419	0.58563232421875		6.3934326171875E-07	1.49505615234375E-06	8.55712890625E-07	3.74361519561717E-07	915847.3125	1.36434164232924E-06
159	144.452288635293	0.590667724609375		6.396484375E-07	1.4996337890625E-06	8.59985351562501E-07	3.77800148498864E-07	923377.875	1.39631652018579E-06
160	144.502288635167	0.595703125		6.396484375E-07	1.50421142578125E-06	8.64562988281251E-07	3.81040564434443E-07	931297.75	1.42829890137364E-06
161	144.552288635041	0.600738525390625		6.39953613281249E-07	1.5087890625E-06	8.68835449218751E-07	3.84444803103179E-07	938722	1.46028889957961E-06
162	144.602288634914	0.60577392578125		6.4056396484375E-07	1.513671875E-06	8.7310791015625E-07	3.88036937692959E-07	945688.4375	1.4923018625268E-06
163	144.652288634788	0.610809326171875		6.41479492187499E-07	1.5185546875E-06	8.770751953125E-07	3.91782492670245E-07	952093.3125	1.52435302425147E-06
164	144.702288634662	0.6158447265625		6.427001953125E-07	1.5228271484375E-06	8.80126953125E-07	3.95764288896316E-07	958119.6875	1.55645750510303E-06
165	144.752288634536	0.620880126953125		6.43310546875001E-07	1.5264892578125E-06	8.83178710937499E-07	3.99399112893661E-07	965085.375	1.58860768806335E-06
166	144.802288634409	0.62591552734375		6.44531249999999E-07	1.53045654296875E-06	8.85925292968751E-07	4.03402424353771E-07	971070.125	1.62080380050611E-06
167	144.852288634283	0.630950927734375		6.4605712890625E-07	1.53472900390625E-06	8.88671875000001E-07	4.07630324161801E-07	976617.875	1.65306846611202E-06
168	144.902288634157	0.635986328125		6.48193359375E-07	1.53839111328125E-06	8.9019775390625E-07	4.12182771469816E-07	981026.375	1.68542476330913E-06
169	144.952288634031	0.641021728515625		6.4971923828125E-07	1.54205322265625E-06	8.92333984375E-07	4.16444464690358E-07	986519.5625	1.71787257841061E-06
170	145.002288633904	0.64605712890625		6.5185546875E-07	1.5447998046875E-06	8.929443359375E-07	4.21076180145974E-07	990964.5	1.75041191141645E-06
171	145.052288633778	0.651092529296875		6.54296875E-07	1.5478515625E-06	8.93554687499999E-07	4.2598782101777E-07	995056	1.78306572706788E-06
172	145.102288633652	0.6561279296875		6.56738281249999E-07	1.55029296875E-06	8.93554687500001E-07	4.30884284696731E-07	999024.1875	1.81584164238302E-06
173	145.152288633526	0.661163330078125		6.591796875E-07	1.55242919921875E-06	8.93249511718749E-07	4.35805304732639E-07	1002963	1.84873954367504E-06
174	145.202288633399	0.66619873046875		6.622314453125E-07	1.55487060546875E-06	8.9263916015625E-07	4.41137302686911E-07	1005898.6875	1.88177477866702E-06
175	145.252288633273	0.671234130859375		6.6558837890625E-07	1.5557861328125E-06	8.90197753906251E-07	4.46745303861462E-07	1008436.5625	1.91497042578703E-06
176	145.302288633147	0.67626953125		6.6864013671875E-07	1.55731201171875E-06	8.88671875000001E-07	4.52119707006204E-07	1011273.4375	1.94832614397455E-06
177	145.352288633021	0.681304931640625		6.72302246093751E-07	1.55792236328125E-06	8.856201171875E-07	4.5804281967321E-07	1013390.875	1.98184966393455E-06
178	145.402288632895	0.68634033203125		6.756591796875E-07	1.55975341796875E-06	8.8409423828125E-07	4.63711529619104E-07	1015763.3125	2.015548716372E-06
179	145.452288632768	0.691375732421875		6.79931640625001E-07	1.55975341796875E-06	8.79821777343749E-07	4.70046728651141E-07	1016741.4375	2.04943830794946E-06
180	145.502288632642	0.6964111328125		6.8328857421875E-07	1.56036376953125E-06	8.770751953125E-07	4.75745480343903E-07	1018981.75	2.08351889341429E-06
181	145.552288632516	0.701446533203125		6.8634033203125E-07	1.55975341796875E-06	8.734130859375E-07	4.81347285585798E-07	1021831.9375	2.11775954994664E-06
182	145.60228863239	0.70648193359375		6.8939208984375E-07	1.55975341796875E-06	8.70361328125E-07	4.87022020934091E-07	1024745.4375	2.15215300158889E-06
183	145.652288632263	0.711517333984375		6.93359374999999E-07	1.56005859375E-06	8.6669921875E-07	4.93294862735638E-07	1026100.375	2.1867217583349E-06
184	145.702288632137	0.716552734375		6.96411132812499E-07	1.56005859375E-06	8.636474609375E-07	4.98972781315388E-07	1028834.375	2.22146604755835E-06
185	145.752288632011	0.721588134765625		6.9915771484375E-07	1.56036376953125E-06	8.61206054687501E-07	5.04439867654582E-07	1031951.1875	2.25635517381306E-06
186	145.802288631885	0.72662353515625		7.02514648437499E-07	1.56097412109375E-06	8.58459472656251E-07	5.1042076165686E-07	1034231.125	2.29139709517767E-06
187	145.852288631758	0.731658935546875		7.061767578125E-07	1.56158447265625E-06	8.55407714843749E-07	5.16615898504824E-07	1035955.0625	2.32661432164605E-06
188	145.902288631632	0.7366943359375		7.08923339843751E-07	1.5625E-06	8.5357666015625E-07	5.22194909535756E-07	1039044.375	2.36199184655561E-06
189	145.952288631506	0.741729736328125		7.122802734375E-07	1.5631103515625E-06	8.50830078124999E-07	5.28319446857495E-07	1041345.3125	2.3975219392014E-06
190	146.00228863138	0.74676513671875		7.14721679687499E-07	1.56402587890625E-06	8.49304199218751E-07	5.33707407157635E-07	1044790.8125	2.43319686887844E-06
191	146.052288631253	0.751800537109375		7.183837890625E-07	1.56585693359375E-06	8.4747314453125E-07	5.39971665602934E-07	1046304.1875	2.46902459366538E-06
192	146.102288631127	0.7568359375		7.2052001953125E-07	1.5673828125E-06	8.4686279296875E-07	5.4531545856662E-07	1050402.375	2.50499715548358E-06
193	146.152288631001	0.761871337890625		7.220458984375E-07	1.56890869140625E-06	8.4686279296875E-07	5.499958888322E-07	1054945.125	2.54106134889298E-06
194	146.202288630875	0.76690673828125		7.23876953125E-07	1.57073974609375E-06	8.4686279296875E-07	5.55367023480358E-07	1059865.125	2.57720944318862E-06
195	146.252288630748	0.771942138671875		7.26318359375E-07	1.57379150390625E-06	8.47473144531249E-07	5.60786531877966E-07	1063025.25	2.61346417573805E-06
196	146.302288630622	0.7769775390625		7.28454589843749E-07	1.575927734375E-06	8.47473144531251E-07	5.66215135222592E-07	1067029.75	2.64983350461989E-06
197	146.352288630496	0.782012939453125		7.293701171875E-07	1.5777587890625E-06	8.48388671875E-07	5.70710710690037E-07	1072803.375	2.68627923105669E-06
198	146.40228863037	0.78704833984375		7.31201171875E-07	1.580810546875E-06	8.49609375E-07	5.75936951463518E-07	1077212	2.72279339696979E-06
199	146.452288630244	0.792083740234375		7.3272705078125E-07	1.583251953125E-06	8.50524902343751E-07	5.80492951485212E-07	1081216.25	2.75939169114281E-06
200	146.502288630117	0.797119140625		7.3394775390625E-07	1.58538818359375E-06	8.514404296875E-07	5.85267741826101E-07	1086486.5	2.79605865216581E-06
201	146.552288629991	0.802154541015625		7.3516845703125E-07	1.58721923828125E-06	8.52050781249999E-07	5.89830904118571E-07	1091324.25	2.83278654933383E-06
202	146.602288629865	0.80718994140625		7.366943359375E-07	1.58935546875E-06	8.526611328125E-07	5.94652192376088E-07	1095691.875	2.86958311335184E-06
203	146.652288629739	0.812225341796875		7.37915039062501E-07	1.591796875E-06	8.53881835937499E-07	5.99691077241005E-07	1101323.5	2.90644834421983E-06
204	146.702288629612	0.8172607421875		7.4005126953125E-07	1.5924072265625E-06	8.52355957031251E-07	6.04588990427146E-07	1103917.625	2.94339747597405E-06
205	146.752288629486	0.822296142578125		7.427978515625E-07	1.5936279296875E-06	8.50830078124999E-07	6.10686470281507E-07	1106820	2.98046870739199E-06
206	146.80228862936	0.82733154296875		7.45239257812499E-07	1.59423828125E-06	8.48999023437501E-07	6.16332499703276E-07	1109746.125	3.01766954180493E-06
207	146.852288629234	0.832366943359375		7.4737548828125E-07	1.59393310546875E-06	8.465576171875E-07	6.22204652245273E-07	1113924.125	3.0549849725503E-06
208	146.902288629107	0.83740234375		7.50732421875E-07	1.59332275390625E-06	8.4259033203125E-07	6.28894156307069E-07	1115853.75	3.09243773699563E-06
209	146.952288628981	0.842437744140625		7.5408935546875E-07	1.5924072265625E-06	8.38317871093751E-07	6.35618505384627E-07	1117766.125	3.13005807583977E-06
210	147.002288628855	0.84747314453125		7.574462890625E-07	1.5911865234375E-06	8.33740234375001E-07	6.4214651729344E-07	1119258.625	3.16784667120373E-06
211	147.052288628729	0.852508544921875		7.6141357421875E-07	1.58935546875E-06	8.27941894531251E-07	6.49227729354607E-07	1119839.75	3.20581807500275E-06
212	147.102288628602	0.8575439453125		7.647705078125E-07	1.5875244140625E-06	8.2275390625E-07	6.56057693504408E-07	1121707.875	3.24397274198418E-06
213	147.152288628476	0.862579345703125		7.6904296875E-07	1.58538818359375E-06	8.1634521484375E-07	6.6347791971566E-07	1121825.375	3.28231794810563E-06
214	147.20228862835	0.86761474609375		7.733154296875E-07	1.583251953125E-06	8.099365234375E-07	6.70939868996356E-07	1121941.625	3.32087688548199E-06
215	147.252288628224	0.872650146484375		7.763671875E-07	1.5814208984375E-06	8.05053710937499E-07	6.77141542837489E-07	1123427.625	3.35961908604077E-06
216	147.302288628097	0.877685546875		7.80639648437501E-07	1.5789794921875E-06	7.9833984375E-07	6.84917893067905E-07	1123924.875	3.39854409503459E-06
217	147.352288627971	0.882720947265625		7.8460693359375E-07	1.57745361328125E-06	7.92846679687501E-07	6.92469257046469E-07	1124854.125	3.43767533195205E-06
218	147.402288627845	0.88775634765625		7.87963867187499E-07	1.57562255859375E-06	7.87658691406251E-07	6.99279439686507E-07	1126258.75	3.47698960467824E-06
219	147.452288627719	0.892791748046875		7.91320800781251E-07	1.57379150390625E-06	7.82470703124999E-07	7.06363891822548E-07	1128037.125	3.5164716791769E-06
220	147.502288627593	0.8978271484375		7.9376220703125E-07	1.57257080078125E-06	7.78808593750001E-07	7.12903499788808E-07	1131487.875	3.5560988180805E-06
221	147.552288627466	0.902862548828125		7.97119140624999E-07	1.57135009765625E-06	7.74230957031251E-07	7.19810657301423E-07	1132848.375	3.59587079401535E-06
222	147.60228862734	0.90789794921875		7.99560546875E-07	1.56982421875E-06	7.70263671875E-07	7.25919392152719E-07	1135496.125	3.63578783435514E-06
223	147.652288627214	0.912933349609375		8.0230712890625E-07	1.56890869140625E-06	7.66601562499999E-07	7.32330477148935E-07	1137695	3.67583447768993E-06
224	147.702288627088	0.91796875		8.0535888671875E-07	1.56829833984375E-06	7.62939453125E-07	7.39294250706735E-07	1139825.75	3.71602618542966E-06
225	147.752288626961	0.923004150390625		8.074951171875E-07	1.56768798828125E-06	7.6019287109375E-07	7.45198121876456E-07	1142857.125	3.75634749616438E-06
226	147.802288626835	0.92803955078125		8.099365234375E-07	1.5667724609375E-06	7.568359375E-07	7.51653146835451E-07	1145817.625	3.79678340323153E-06
227	147.852288626709	0.933074951171875		8.123779296875E-07	1.5667724609375E-06	7.54394531250001E-07	7.57885516122769E-07	1148384.75	3.83734140996239E-06
228	147.902288626583	0.9381103515625		8.1512451171875E-07	1.566162109375E-06	7.5103759765625E-07	7.64427966259973E-07	1150505.375	3.87802856494091E-06
229	147.952288626456	0.943145751953125		8.1695556640625E-07	1.56585693359375E-06	7.489013671875E-07	7.70632823332562E-07	1154650.75	3.91883077099919E-06
230	148.00228862633	0.94818115234375		8.1939697265625E-07	1.5655517578125E-06	7.4615478515625E-07	7.77186812683794E-07	1157541.875	3.95973938793759E-06
231	148.052288626204	0.953216552734375		8.2122802734375E-07	1.56585693359375E-06	7.4462890625E-07	7.83184077590704E-07	1161278.375	4.00075532525079E-06
232	148.102288626078	0.958251953125		8.2366943359375E-07	1.566162109375E-06	7.42492675781249E-07	7.89031503245496E-07	1163023.375	4.04187767344411E-06
233	148.152288625951	0.963287353515625		8.2550048828125E-07	1.56585693359375E-06	7.403564453125E-07	7.95068217485095E-07	1166728.25	4.08310688726488E-06
234	148.202288625825	0.96832275390625		8.2763671875E-07	1.56646728515625E-06	7.38830566406251E-07	8.00914335741254E-07	1169247.75	4.12443523600814E-06
235	148.252288625699	0.973358154296875		8.29162597656249E-07	1.56646728515625E-06	7.37304687500001E-07	8.06945593012642E-07	1173721.125	4.16585544371628E-06
236	148.302288625573	0.9783935546875		8.31298828125E-07	1.56707763671875E-06	7.3577880859375E-07	8.13337408089865E-07	1176945.75	4.2073666008946E-06
237	148.352288625446	0.983428955078125		8.3282470703125E-07	1.56707763671875E-06	7.342529296875E-07	8.18896864984708E-07	1180652.25	4.24897007178515E-06
238	148.40228862532	0.98846435546875		8.349609375E-07	1.56707763671875E-06	7.3211669921875E-07	8.25583924779494E-07	1184210.5	4.29066449214588E-06
239	148.452288625194	0.993499755859375		8.3648681640625E-07	1.5673828125E-06	7.3089599609375E-07	8.31177032978303E-07	1187887.75	4.33245077147149E-06
240	148.502288625068	0.99853515625		8.38623046875001E-07	1.5679931640625E-06	7.293701171875E-07	8.37394566133298E-07	1190684.125	4.37432845501462E-06
241	148.552288624942	1.00357055664063		8.40148925781251E-07	1.5679931640625E-06	7.2784423828125E-07	8.43276893647271E-07	1194696.75	4.41629799752263E-06
242	148.602288624815	1.00860595703125		8.4259033203125E-07	1.568603515625E-06	7.2601318359375E-07	8.49841626404668E-07	1197030	4.45836622020579E-06
243	148.652288624689	1.01364135742188		8.441162109375E-07	1.5692138671875E-06	7.2509765625E-07	8.55759878959361E-07	1201012.375	4.50053403255879E-06
244	148.702288624563	1.0186767578125		8.4686279296875E-07	1.5704345703125E-06	7.2357177734375E-07	8.62420961311727E-07	1202522.625	4.5428082557919E-06
245	148.752288624437	1.02371215820313		8.47778320312501E-07	1.57073974609375E-06	7.22961425781249E-07	8.67751623445656E-07	1207343.375	4.58517433798988E-06
246	148.80228862431	1.02874755859375		8.49609375E-07	1.571044921875E-06	7.21435546875E-07	8.74033560194221E-07	1210847.75	4.62760908703785E-06
247	148.852288624184	1.03378295898438		8.514404296875E-07	1.572265625E-06	7.20825195312499E-07	8.80074651377072E-07	1213978.5	4.67013524030335E-06
248	148.902288624058	1.038818359375		8.53881835937501E-07	1.57318115234375E-06	7.1929931640625E-07	8.87028136276058E-07	1216583.25	4.71276825919631E-06
249	148.952288623932	1.04385375976563		8.55712890625E-07	1.57318115234375E-06	7.1746826171875E-07	8.92847367595095E-07	1219329.5	4.75550814371672E-06
250	149.002288623805	1.04888916015625		8.56933593750001E-07	1.57470703125E-06	7.17773437499999E-07	8.9908985501097E-07	1224359	4.79832442579209E-06
251	149.052288623679	1.05392456054688		8.5906982421875E-07	1.57562255859375E-06	7.16552734375001E-07	9.05263675576862E-07	1226643	4.84122438138002E-06
252	149.102288623553	1.0589599609375		8.612060546875E-07	1.5771484375E-06	7.15942382812501E-07	9.11982738216466E-07	1229624.375	4.88423165734275E-06
253	149.152288623427	1.06399536132813		8.62731933593749E-07	1.578369140625E-06	7.1563720703125E-07	9.18074363198684E-07	1233463.125	4.92732988277567E-06
254	149.2022886233	1.06903076171875		8.648681640625E-07	1.57989501953125E-06	7.15026855468749E-07	9.24834580473544E-07	1236415	4.97051996717346E-06
255	149.252288623174	1.07406616210938		8.6639404296875E-07	1.58050537109375E-06	7.14111328125E-07	9.30432292989281E-07	1239521	5.01380145578878E-06
256	149.302288623048	1.0791015625		8.6822509765625E-07	1.58203125E-06	7.1380615234375E-07	9.37168010750611E-07	1243233.75	5.05716707266401E-06
257	149.352288622922	1.08413696289063		8.697509765625E-07	1.58355712890625E-06	7.1380615234375E-07	9.42796475555951E-07	1246315.75	5.10061636305181E-06
258	149.402288622795	1.08917236328125		8.7188720703125E-07	1.58538818359375E-06	7.13500976562501E-07	9.49635477809352E-07	1249212.5	5.14415705765714E-06
259	149.452288622669	1.09420776367188		8.73718261718751E-07	1.5869140625E-06	7.1319580078125E-07	9.55895984589006E-07	1252183	5.18779734193231E-06
260	149.502288622543	1.0992431640625		8.75244140625001E-07	1.58935546875E-06	7.14111328125E-07	9.62106128099549E-07	1255927.5	5.23152129972004E-06
261	149.552288622417	1.10427856445313		8.7738037109375E-07	1.5911865234375E-06	7.1380615234375E-07	9.68738390838553E-07	1258434.875	5.27533711647266E-06
262	149.602288622291	1.10931396484375		8.7921142578125E-07	1.59393310546875E-06	7.14721679687501E-07	9.75053239926638E-07	1261367.625	5.31925206814776E-06
263	149.652288622164	1.11434936523438		8.81347656250001E-07	1.59576416015625E-06	7.1441650390625E-07	9.82263713922293E-07	1264542.875	5.36326569999801E-06
264	149.702288622038	1.119384765625		8.8348388671875E-07	1.59820556640625E-06	7.147216796875E-07	9.89228055914282E-07	1267357.5	5.40738665222307E-06
265	149.752288621912	1.12442016601563		8.8531494140625E-07	1.60125732421875E-06	7.159423828125E-07	9.95600998976442E-07	1270251.625	5.45160673937062E-06
266	149.802288621786	1.12945556640625		8.8714599609375E-07	1.60369873046875E-06	7.16552734375E-07	1.00199190455896E-06	1273133.875	5.4959182307357E-06
267	149.852288621659	1.13449096679688		8.8958740234375E-07	1.60675048828125E-06	7.171630859375E-07	1.00909312550357E-06	1275128.625	5.54033658772823E-06
268	149.902288621533	1.1395263671875		8.92028808593751E-07	1.60980224609375E-06	7.177734375E-07	1.01676255326311E-06	1277796.875	5.58487681701081E-06
269	149.952288621407	1.14456176757813		8.941650390625E-07	1.6131591796875E-06	7.18994140625E-07	1.02329067885876E-06	1279863.5	5.62953164262581E-06
270	150.002288621281	1.14959716796875		8.9691162109375E-07	1.61651611328125E-06	7.19604492187499E-07	1.03136073903443E-06	1282068.75	5.67430879527819E-06
271	150.052288621154	1.15463256835938		8.990478515625E-07	1.619873046875E-06	7.20825195312501E-07	1.03765842141001E-06	1283774.625	5.71920782022062E-06
272	150.102288621028	1.15966796875		9.014892578125E-07	1.62384033203125E-06	7.22351074218749E-07	1.04542812096042E-06	1286391.375	5.76422098674811E-06
273	150.152288620902	1.16470336914063		9.04235839843751E-07	1.6278076171875E-06	7.2357177734375E-07	1.0535804904066E-06	1288558.875	5.80936421101796E-06
274	150.202288620776	1.16973876953125		9.0667724609375E-07	1.632080078125E-06	7.25402832031251E-07	1.06085212792095E-06	1290474.625	5.85463703828282E-06
275	150.252288620649	1.17477416992188		9.10339355468751E-07	1.6363525390625E-06	7.26013183593749E-07	1.0693042895582E-06	1290311.75	5.90006220591022E-06
276	150.302288620523	1.1798095703125		9.1278076171875E-07	1.64031982421875E-06	7.275390625E-07	1.07690743789135E-06	1292544.25	5.94564062339487E-06
277	150.352288620397	1.18484497070313		9.1552734375E-07	1.6455078125E-06	7.29980468749999E-07	1.08489768990694E-06	1294333.375	5.99134818912717E-06
278	150.402288620271	1.18988037109375		9.185791015625E-07	1.650390625E-06	7.31811523437501E-07	1.09271888959483E-06	1295016.625	6.0372008192644E-06
279	150.452288620144	1.19491577148438		9.21630859375E-07	1.65557861328125E-06	7.3394775390625E-07	1.10113057871786E-06	1296357.625	6.08320624451153E-06
280	150.502288620018	1.199951171875		9.25292968749999E-07	1.66046142578125E-06	7.3516845703125E-07	1.11030635707721E-06	1296833.75	6.12937901678379E-06
281	150.552288619892	1.20498657226563		9.28344726562499E-07	1.66656494140625E-06	7.3822021484375E-07	1.11850124540069E-06	1297830.375	6.17572004557587E-06
282	150.602288619766	1.21002197265625		9.3231201171875E-07	1.67266845703125E-06	7.403564453125E-07	1.12811801500357E-06	1297872.375	6.2222366068454E-06
283	150.65228861964	1.21505737304688		9.3658447265625E-07	1.67877197265625E-06	7.421875E-07	1.13786097699631E-06	1297165.25	6.26895871391753E-06
284	150.702288619513	1.2200927734375		9.3994140625E-07	1.685791015625E-06	7.45849609375E-07	1.14681574814313E-06	1298052	6.31587181487703E-06
285	150.752288619387	1.22512817382813		9.4451904296875E-07	1.6925048828125E-06	7.4798583984375E-07	1.15701266167889E-06	1296930.625	6.36298364042887E-06
286	150.802288619261	1.23016357421875		9.48181152343749E-07	1.69921875E-06	7.51037597656251E-07	1.16641786007676E-06	1297393	6.4103010117833E-06
287	150.852288619135	1.23519897460938		9.527587890625E-07	1.7071533203125E-06	7.54394531250001E-07	1.17699198654009E-06	1296604.75	6.45782438368769E-06
288	150.902288619008	1.240234375		9.5703125E-07	1.71478271484375E-06	7.57751464843751E-07	1.18665104764659E-06	1295599.5	6.50556921755197E-06
289	150.952288618882	1.24526977539063		9.6221923828125E-07	1.7236328125E-06	7.6141357421875E-07	1.19807566534291E-06	1294005.75	6.5535505200387E-06
290	151.002288618756	1.25030517578125		9.6710205078125E-07	1.732177734375E-06	7.65075683593749E-07	1.20946776860364E-06	1293152.5	6.60178375255782E-06
291	151.05228861863	1.25534057617188		9.7198486328125E-07	1.74072265625E-06	7.6873779296875E-07	1.22002370517293E-06	1291365.875	6.65026072965702E-06
292	151.102288618503	1.2603759765625		9.771728515625E-07	1.75018310546875E-06	7.73010253906251E-07	1.23130689644313E-06	1289506.625	6.69898963678861E-06
293	151.152288618377	1.26541137695313		9.8297119140625E-07	1.76025390625E-06	7.77282714843751E-07	1.2437129726095E-06	1287177.875	6.74799321132014E-06
294	151.202288618251	1.27044677734375		9.8876953125E-07	1.77032470703125E-06	7.8155517578125E-07	1.25617907542619E-06	1284876.5	6.79728691466153E-06
295	151.252288618125	1.27548217773438		9.9456787109375E-07	1.78192138671875E-06	7.87353515625E-07	1.2680982308666E-06	1281988.375	6.84687029206543E-06
296	151.302288617998	1.280517578125		1.0009765625E-06	1.793212890625E-06	7.92236328125E-07	1.28207352645404E-06	1279573.125	6.89675880494178E-06
297	151.352288617872	1.28555297851563		1.007080078125E-06	1.80511474609375E-06	7.9803466796875E-07	1.29450108943274E-06	1276363.625	6.94696018399554E-06
298	151.402288617746	1.29058837890625		1.01470947265625E-06	1.8170166015625E-06	8.0230712890625E-07	1.30988189539494E-06	1272180.5	6.99750489729922E-06
299	151.45228861762	1.29562377929688		1.02081298828125E-06	1.829833984375E-06	8.0902099609375E-07	1.32243383177411E-06	1269058.25	7.04839294485282E-06
300	151.502288617493	1.3006591796875		1.02813720703125E-06	1.8426513671875E-06	8.1451416015625E-07	1.33725598061574E-06	1265063.875	7.09961705069873E-06
301	151.552288617367	1.30569458007813		1.03546142578125E-06	1.8572998046875E-06	8.21838378906249E-07	1.35215441332548E-06	1261125.875	7.15120677341474E-06
302	151.602288617241	1.31072998046875		1.0430908203125E-06	1.871337890625E-06	8.28247070312499E-07	1.36784706228354E-06	1257167.875	7.20317075320054E-06
303	151.652288617115	1.31576538085938		1.05133056640625E-06	1.885986328125E-06	8.3465576171875E-07	1.38346467792871E-06	1251669.125	7.25553127267631E-06
304	151.702288616989	1.32080078125		1.05926513671875E-06	1.90216064453125E-06	8.42895507812501E-07	1.39843155011476E-06	1246326.75	7.30829606254702E-06
305	151.752288616862	1.32583618164063		1.06719970703125E-06	1.91741943359375E-06	8.50219726562501E-07	1.4150948572933E-06	1242493.5	7.36145784685505E-06
306	151.802288616736	1.33087158203125		1.075439453125E-06	1.93328857421875E-06	8.5784912109375E-07	1.43127169849322E-06	1237514.25	7.41502344681066E-06
307	151.85228861661	1.33590698242188		1.08367919921875E-06	1.94976806640625E-06	8.66088867187501E-07	1.44719854233699E-06	1232328.875	7.46900150261354E-06
308	151.902288616484	1.3409423828125		1.09283447265625E-06	1.9671630859375E-06	8.7432861328125E-07	1.46542799939198E-06	1227031.625	7.52341429688386E-06
309	151.952288616357	1.34597778320313		1.10198974609375E-06	1.98455810546875E-06	8.82568359375001E-07	1.4827492123004E-06	1220991.5	7.57828502173652E-06
310	152.002288616231	1.35101318359375		1.11114501953125E-06	2.0025634765625E-06	8.9141845703125E-07	1.50151072375593E-06	1216149.375	7.63361367717152E-06
311	152.052288616105	1.35604858398438		1.12060546875E-06	2.02178955078125E-06	9.01184082031251E-07	1.51976644247043E-06	1210239.625	7.68940753914649E-06
312	152.102288615979	1.361083984375		1.1297607421875E-06	2.041015625E-06	9.11254882812501E-07	1.53804398905777E-06	1205024.375	7.74566615291405E-06
313	152.152288615852	1.36611938476563		1.13983154296875E-06	2.06207275390625E-06	9.222412109375E-07	1.55697205173055E-06	1198393.625	7.80240588937886E-06
314	152.202288615726	1.37115478515625		1.15020751953125E-06	2.083740234375E-06	9.3353271484375E-07	1.57676151957276E-06	1191828.125	7.85965676186606E-06
315	152.2522886156	1.37619018554688		1.160888671875E-06	2.1063232421875E-06	9.45434570312499E-07	1.59707201419224E-06	1185068.375	7.91743423178559E-06
316	152.302288615474	1.3812255859375		1.17095947265625E-06	2.13104248046875E-06	9.60083007812501E-07	1.61700177159219E-06	1179306.75	7.97573102317983E-06
317	152.352288615347	1.38626098632813		1.18255615234375E-06	2.15728759765625E-06	9.74731445312501E-07	1.63915103712498E-06	1172129	8.03456896392163E-06
318	152.402288615221	1.39129638671875		1.195068359375E-06	2.1856689453125E-06	9.906005859375E-07	1.66305892435048E-06	1164453.625	8.094008990156E-06
319	152.452288615095	1.39633178710938		1.20819091796875E-06	2.21649169921875E-06	1.00830078125E-06	1.68648216458678E-06	1155342.375	8.15409111964982E-06
320	152.502288614969	1.4013671875		1.2213134765625E-06	2.249755859375E-06	1.0284423828125E-06	1.71113595115457E-06	1147176.375	8.21482808532892E-06
321	152.552288614842	1.40640258789063		1.23626708984375E-06	2.28546142578125E-06	1.0491943359375E-06	1.7388778132954E-06	1137743.75	8.27626809041249E-06
322	152.602288614716	1.41143798828125		1.2518310546875E-06	2.3248291015625E-06	1.072998046875E-06	1.76688183728402E-06	1127498.875	8.33847025205614E-06
323	152.65228861459	1.41647338867188		1.26953125E-06	2.36785888671875E-06	1.09832763671875E-06	1.79806352207379E-06	1115625	8.40150460135192E-06
324	152.702288614464	1.4215087890625		1.28753662109375E-06	2.413330078125E-06	1.12579345703125E-06	1.83024462785397E-06	1104053.125	8.46543116495013E-06
325	152.752288614338	1.42654418945313		1.3067626953125E-06	2.4627685546875E-06	1.156005859375E-06	1.86435408977559E-06	1091779.625	8.53028814162826E-06
326	152.802288614211	1.43157958984375		1.32781982421875E-06	2.51556396484375E-06	1.187744140625E-06	1.90128491794894E-06	1078372.875	8.59615283843596E-06
327	152.852288614085	1.43661499023438		1.3494873046875E-06	2.5726318359375E-06	1.22314453125E-06	1.93889968613803E-06	1064676.625	8.66308528202353E-06
328	152.902288613959	1.441650390625		1.37298583984375E-06	2.63336181640625E-06	1.2603759765625E-06	1.97852750716265E-06	1049566.625	8.73114731803071E-06
329	152.952288613833	1.44668579101563		1.39739990234375E-06	2.69683837890625E-06	1.2994384765625E-06	2.02181172426208E-06	1035378.9375	8.80040715856012E-06
330	153.002288613706	1.45172119140625		1.42303466796875E-06	2.76458740234375E-06	1.341552734375E-06	2.06584945772192E-06	1020158.75	8.87091846379917E-06
331	153.05228861358	1.45675659179688		1.44989013671875E-06	2.83721923828125E-06	1.3873291015625E-06	2.1119155917404E-06	1004630.625	8.94274126039818E-06
332	153.102288613454	1.4617919921875		1.4788818359375E-06	2.9132080078125E-06	1.434326171875E-06	2.1618175196636E-06	988444.0625	9.01596013136441E-06
333	153.152288613328	1.46682739257813		1.50848388671875E-06	2.99346923828125E-06	1.4849853515625E-06	2.21199479710776E-06	972081.75	9.09064419829519E-06
334	153.202288613201	1.47186279296875		1.54083251953125E-06	3.07830810546875E-06	1.5374755859375E-06	2.26789393309446E-06	955238.6875	9.1668771347031E-06
335	153.252288613075	1.47689819335938		1.5740966796875E-06	3.16680908203125E-06	1.59271240234375E-06	2.3255008727574E-06	938542.125	9.244750799553E-06
336	153.302288612949	1.48193359375		1.60919189453125E-06	3.258056640625E-06	1.64886474609375E-06	2.38569759858365E-06	921297.1875	9.32433340494754E-06
337	153.352288612823	1.48696899414063		1.646728515625E-06	3.3514404296875E-06	1.7047119140625E-06	2.44838292928762E-06	902891.0625	9.40573136176681E-06
338	153.402288612696	1.49200439453125		1.68487548828125E-06	3.4466552734375E-06	1.76177978515625E-06	2.51281312557694E-06	885165.75	9.48902106756577E-06
339	153.45228861257	1.49703979492188		1.7254638671875E-06	3.5418701171875E-06	1.81640625E-06	2.58282466347737E-06	867527.4375	9.57427982939407E-06
340	153.502288612444	1.5020751953125		1.7657470703125E-06	3.63555908203125E-06	1.86981201171875E-06	2.65174594460404E-06	850501.25	9.66155948844971E-06
