Potential - Start 1.5 V, Stop -0.5 V, Step -0.005 V; Modulation - Amplitude -0.05 V, Time 0.025 s, Interval time 0.05 s
Index	Base.Time (s)	Potential applied (V)	WE(1).Base.Potential (V)	WE(1).Base.Current (A)	WE(1).Pulse.Current (A)	WE(1).δ.Current (A)	WE(1).Base.Power (W)	WE(1).Base.Resistance (Ω)	WE(1).Base.Charge (C)
1	180.700076543776	1.49993896484375	1.49810791015625	2.09136962890625E-06	1.702880859375E-06	-3.88488769531251E-07	3.13309737975942E-06	716328.625	0
2	180.75007654365	1.49490356445313	1.49322509765625	2.191162109375E-06	1.72271728515625E-06	-4.6844482421875E-07	3.27189832205477E-06	681476.3125	1.0706329334198E-07
3	180.800076543524	1.4898681640625	1.48834228515625	2.1832275390625E-06	1.71875E-06	-4.64477539062501E-07	3.24938969242794E-06	681716.5625	2.16423032384228E-07
4	180.850076543397	1.48483276367188	1.483154296875	2.17041015625E-06	1.70989990234375E-06	-4.60510253906249E-07	3.21905326927663E-06	683352.0625	3.25263982858814E-07
5	180.900076543271	1.47979736328125	1.4776611328125	2.1539306640625E-06	1.7010498046875E-06	-4.52880859375E-07	3.18277943733847E-06	686030.0625	4.33372491670525E-07
6	180.950076543145	1.47476196289063	1.47308349609375	2.13714599609375E-06	1.69036865234375E-06	-4.4677734375E-07	3.14819430968782E-06	689276.0625	5.40649409686012E-07
7	181.000076543019	1.4697265625	1.46820068359375	2.1221923828125E-06	1.68182373046875E-06	-4.40368652343751E-07	3.11580447487358E-06	691832	6.47132878839329E-07
8	181.050076542893	1.46469116210938	1.46270751953125	2.109375E-06	1.67205810546875E-06	-4.37316894531249E-07	3.08539847537759E-06	693431.75	7.52922062474681E-07
9	181.100076542766	1.45965576171875	1.4581298828125	2.0947265625E-06	1.6619873046875E-06	-4.327392578125E-07	3.05438334180508E-06	696095.5625	8.58024577610195E-07
10	181.15007654264	1.45462036132813	1.45263671875	2.083740234375E-06	1.65283203125E-06	-4.30908203125001E-07	3.02691751130624E-06	697129.5	9.6248629688489E-07
11	181.200076542514	1.4495849609375	1.44744873046875	2.0709228515625E-06	1.641845703125E-06	-4.290771484375E-07	2.99755470223317E-06	698939	1.06635286556411E-06
12	181.250076542388	1.44454956054688	1.44287109375	2.06146240234375E-06	1.6339111328125E-06	-4.2755126953125E-07	2.97442443297768E-06	699926	1.16966248242534E-06
13	181.300076542261	1.43951416015625	1.43829345703125	2.0489501953125E-06	1.62384033203125E-06	-4.25109863281251E-07	2.94699157166178E-06	701966.0625	1.27242276448669E-06
14	181.350076542135	1.43447875976563	1.43310546875	2.0404052734375E-06	1.61407470703125E-06	-4.26330566406249E-07	2.92411596092279E-06	702363.1875	1.37465667648939E-06
15	181.400076542009	1.429443359375	1.42791748046875	2.03216552734375E-06	1.60369873046875E-06	-4.28466796875E-07	2.90176444650569E-06	702658.125	1.47647097037407E-06
16	181.450076541883	1.42440795898438	1.4227294921875	2.025146484375E-06	1.59210205078125E-06	-4.3304443359375E-07	2.88123555947095E-06	702531.6875	1.57790373123134E-06
17	181.500076541756	1.41937255859375	1.4178466796875	2.0184326171875E-06	1.58111572265625E-06	-4.37316894531251E-07	2.86182785202982E-06	702449.375	1.6789931578387E-06
18	181.55007654163	1.41433715820313	1.41265869140625	2.01416015625E-06	1.56768798828125E-06	-4.46472167968751E-07	2.84532075056632E-06	701363.625	1.77980803073297E-06
19	181.600076541504	1.4093017578125	1.40777587890625	2.0086669921875E-06	1.55548095703125E-06	-4.5318603515625E-07	2.82775295090687E-06	700850.8125	1.8803787042998E-06
20	181.650076541378	1.40426635742188	1.40289306640625	2.00714111328125E-06	1.54022216796875E-06	-4.669189453125E-07	2.81580446426233E-06	698950.875	1.98077395907603E-06
21	181.700076541251	1.39923095703125	1.397705078125	2.00408935546875E-06	1.52313232421875E-06	-4.80957031249999E-07	2.80112590189674E-06	697426.5625	2.08105461751984E-06
22	181.750076541125	1.39419555664063	1.39312744140625	2.00225830078125E-06	1.5045166015625E-06	-4.9774169921875E-07	2.78940092357516E-06	695778.0625	2.18121340367361E-06
23	181.800076540999	1.38916015625	1.38763427734375	1.99981689453125E-06	1.484375E-06	-5.1544189453125E-07	2.77501430900884E-06	693880.75	2.28126509682625E-06
24	181.850076540873	1.38412475585938	1.38214111328125	2.000732421875E-06	1.46148681640625E-06	-5.3924560546875E-07	2.76529453913099E-06	690817.5625	2.38127904594876E-06
25	181.900076540746	1.37908935546875	1.37786865234375	2.001953125E-06	1.4385986328125E-06	-5.633544921875E-07	2.75842853625363E-06	688262.1875	2.48134597313765E-06
26	181.95007654062	1.37405395507813	1.3726806640625	2.00531005859375E-06	1.4105224609375E-06	-5.9478759765625E-07	2.75265028903959E-06	684522.875	2.58152772403264E-06
27	182.000076540494	1.3690185546875	1.36749267578125	2.00927734375E-06	1.37969970703125E-06	-6.29577636718751E-07	2.74767194241576E-06	680589.3125	2.68189228336269E-06
28	182.050076540368	1.36398315429688	1.3623046875	2.01568603515625E-06	1.34613037109375E-06	-6.695556640625E-07	2.74597846328106E-06	675851.625	2.78251650343009E-06
29	182.100076540242	1.35894775390625	1.35772705078125	2.0208740234375E-06	1.3079833984375E-06	-7.12890625E-07	2.74379544862313E-06	671851.375	2.88343039756001E-06
30	182.150076540115	1.35391235351563	1.3525390625	2.02972412109375E-06	1.26983642578125E-06	-7.598876953125E-07	2.74528110821848E-06	666365.9375	2.98469535664481E-06
31	182.200076539989	1.348876953125	1.34735107421875	2.0379638671875E-06	1.22711181640625E-06	-8.10852050781251E-07	2.74585295301222E-06	661126.0625	3.08638755086577E-06
32	182.250076539863	1.34384155273438	1.3421630859375	2.0477294921875E-06	1.182861328125E-06	-8.648681640625E-07	2.74838680525136E-06	655439.6875	3.1885299449641E-06
33	182.300076539737	1.33880615234375	1.3372802734375	2.059326171875E-06	1.1376953125E-06	-9.21630859375E-07	2.75389606940735E-06	649377.625	3.29120621245238E-06
34	182.35007653961	1.33377075195313	1.33209228515625	2.06939697265625E-06	1.09344482421875E-06	-9.75952148437499E-07	2.75662773674412E-06	643710.375	3.39442431140924E-06
35	182.400076539484	1.3287353515625	1.3275146484375	2.080078125E-06	1.0491943359375E-06	-1.0308837890625E-06	2.76133414445212E-06	638204.25	3.49816127709346E-06
36	182.450076539358	1.32369995117188	1.3226318359375	2.091064453125E-06	1.0052490234375E-06	-1.0858154296875E-06	2.76570813184662E-06	632516.125	3.60243984687258E-06
37	182.500076539232	1.31866455078125	1.31744384765625	2.09564208984375E-06	9.6435546875E-07	-1.13128662109375E-06	2.76089076578501E-06	628658.8125	3.70710745301039E-06
38	182.550076539105	1.31362915039063	1.312255859375	2.10296630859375E-06	9.2742919921875E-07	-1.175537109375E-06	2.759629751381E-06	624002.375	3.81207269128936E-06
39	182.600076538979	1.30859375	1.30767822265625	2.10540771484375E-06	8.97216796875E-07	-1.20819091796875E-06	2.75319575848698E-06	621104.5	3.91728190152207E-06
40	182.650076538853	1.30355834960938	1.3018798828125	2.10205078125E-06	8.70666503906251E-07	-1.23138427734375E-06	2.73661748906306E-06	619338	4.02246860176092E-06
41	182.700076538727	1.29852294921875	1.2969970703125	2.09625244140625E-06	8.5174560546875E-07	-1.2445068359375E-06	2.71883345703827E-06	618721.75	4.12742610933492E-06
42	182.7500765386	1.29348754882813	1.2921142578125	2.0855712890625E-06	8.3770751953125E-07	-1.24786376953125E-06	2.69479619419144E-06	619549.375	4.23197161580902E-06
43	182.800076538474	1.2884521484375	1.2872314453125	2.07000732421875E-06	8.28857421875E-07	-1.24114990234375E-06	2.66457846009871E-06	621848.75	4.33586092185578E-06
44	182.850076538348	1.28341674804688	1.2823486328125	2.0501708984375E-06	8.26416015625001E-07	-1.2237548828125E-06	2.6290338155377E-06	625483.75	4.43886574430508E-06
45	182.900076538222	1.27838134765625	1.27716064453125	2.0263671875E-06	8.282470703125E-07	-1.1981201171875E-06	2.58799627772532E-06	630271.125	4.54077917311224E-06
46	182.950076538095	1.27334594726563	1.27197265625	2.0001220703125E-06	8.3648681640625E-07	-1.16363525390625E-06	2.54410065281263E-06	635947.5	4.64144113720977E-06
47	183.000076537969	1.268310546875	1.26708984375	1.96990966796875E-06	8.453369140625E-07	-1.12457275390625E-06	2.49605250246532E-06	643222.3125	4.74069202027749E-06
48	183.050076537843	1.26327514648438	1.26190185546875	1.93878173828125E-06	8.56933593750001E-07	-1.08184814453125E-06	2.44655211645295E-06	650873.625	4.83840949527803E-06
49	183.100076537717	1.25823974609375	1.2567138671875	1.90673828125E-06	8.69140625000001E-07	-1.03759765625E-06	2.39622431763564E-06	659090.9375	4.93454717798159E-06
50	183.150076537591	1.25320434570313	1.25091552734375	1.87530517578125E-06	8.819580078125E-07	-9.9334716796875E-07	2.34584831559914E-06	667046.4375	5.0290982471779E-06
51	183.200076537464	1.2481689453125	1.2469482421875	1.844482421875E-06	8.9599609375E-07	-9.48486328125001E-07	2.29997408496274E-06	676042.375	5.12209317093948E-06
52	183.250076537338	1.24313354492188	1.24237060546875	1.8170166015625E-06	9.08813476562501E-07	-9.08203125E-07	2.25740791393036E-06	683742	5.21363062944147E-06
53	183.300076537212	1.23809814453125	1.23687744140625	1.78955078125E-06	9.17968750000001E-07	-8.7158203125E-07	2.21345499085146E-06	691166.4375	5.30379475094378E-06
54	183.350076537086	1.23306274414063	1.231689453125	1.7681884765625E-06	9.29870605468749E-07	-8.38317871093751E-07	2.1778589598398E-06	696582.6875	5.39273833055631E-06
55	183.400076536959	1.22802734375	1.22650146484375	1.74591064453125E-06	9.3719482421875E-07	-8.087158203125E-07	2.14136184695235E-06	702499.5625	5.48059051652672E-06
56	183.450076536833	1.22299194335938	1.22100830078125	1.72821044921875E-06	9.4573974609375E-07	-7.82470703125E-07	2.1101591300976E-06	706516	5.56744362256723E-06
57	183.500076536707	1.21795654296875	1.21673583984375	1.71142578125E-06	9.5184326171875E-07	-7.5958251953125E-07	2.08235292120662E-06	710948.6875	5.65343452763045E-06
58	183.550076536581	1.21292114257813	1.21185302734375	1.6986083984375E-06	9.56115722656251E-07	-7.42492675781249E-07	2.0584636786225E-06	713438.75	5.73868555875379E-06
59	183.600076536454	1.2078857421875	1.2066650390625	1.68548583984375E-06	9.59167480468751E-07	-7.26318359375E-07	2.03381682695181E-06	715915.25	5.82328766540741E-06
60	183.650076536328	1.20285034179688	1.20147705078125	1.6778564453125E-06	9.60693359375001E-07	-7.171630859375E-07	2.01590592041612E-06	716078.5625	5.90737136008102E-06
61	183.700076536202	1.19781494140625	1.19659423828125	1.67022705078125E-06	9.60693359375001E-07	-7.0953369140625E-07	1.99858391169983E-06	716426.125	5.99107352172723E-06
62	183.750076536076	1.19277954101563	1.19140625	1.65771484375E-06	9.5977783203125E-07	-6.9793701171875E-07	1.97501185539295E-06	718704	6.07427182330866E-06
63	183.800076535949	1.187744140625	1.18621826171875	1.6595458984375E-06	9.57641601562501E-07	-7.01904296875E-07	1.96858354684082E-06	714784.875	6.15720364294248E-06
64	183.850076535823	1.18270874023438	1.18072509765625	1.65740966796875E-06	9.5672607421875E-07	-7.0068359375E-07	1.95694519788958E-06	712391.875	6.24012727712397E-06
65	183.900076535697	1.17767333984375	1.1761474609375	1.6546630859375E-06	9.5428466796875E-07	-7.0037841796875E-07	1.94612766790669E-06	710807.8125	6.32292903901543E-06
66	183.950076535571	1.17263793945313	1.1712646484375	1.6534423828125E-06	9.4970703125E-07	-7.03735351562501E-07	1.93661867342598E-06	708379.5	6.4056316659844E-06
67	184.000076535444	1.1676025390625	1.1669921875	1.65252685546875E-06	9.45434570312501E-07	-7.0709228515625E-07	1.92848597180273E-06	706186.5	6.48828108751331E-06
68	184.050076535318	1.16256713867188	1.1614990234375	1.6522216796875E-06	9.4024658203125E-07	-7.11975097656251E-07	1.91905382962432E-06	702992.25	6.57090004096972E-06
69	184.100076535192	1.15753173828125	1.1566162109375	1.65283203125E-06	9.3414306640625E-07	-7.1868896484375E-07	1.91169237950817E-06	699778.4375	6.65352627038374E-06
70	184.150076535066	1.15249633789063	1.151123046875	1.6546630859375E-06	9.28955078125E-07	-7.25708007812499E-07	1.90472076155856E-06	695684.25	6.73621343594277E-06
71	184.20007653494	1.1474609375	1.14593505859375	1.6546630859375E-06	9.2376708984375E-07	-7.3089599609375E-07	1.89613638212904E-06	692548.875	6.81894653098425E-06
72	184.250076534813	1.14242553710938	1.141357421875	1.65618896484375E-06	9.17663574218749E-07	-7.38525390625E-07	1.8903035652329E-06	689146.875	6.9017178248032E-06
73	184.300076534687	1.13739013671875	1.13555908203125	1.6571044921875E-06	9.1064453125E-07	-7.464599609375E-07	1.88173999049468E-06	685267.0625	6.98455050951452E-06
74	184.350076534561	1.13235473632813	1.13128662109375	1.6595458984375E-06	9.04541015625E-07	-7.550048828125E-07	1.87742205071118E-06	681684.4375	7.06746641299105E-06
75	184.400076534435	1.1273193359375	1.12579345703125	1.6607666015625E-06	8.9752197265625E-07	-7.6324462890625E-07	1.86968009074917E-06	677875.8125	7.15047417543246E-06
76	184.450076534308	1.12228393554688	1.12060546875	1.66229248046875E-06	8.9019775390625E-07	-7.720947265625E-07	1.8627739564181E-06	674132.5625	7.23355105947121E-06
77	184.500076534182	1.11724853515625	1.1163330078125	1.6650390625E-06	8.8653564453125E-07	-7.7850341796875E-07	1.85873795999214E-06	670454.5625	7.31673435439006E-06
78	184.550076534056	1.11221313476563	1.1102294921875	1.6656494140625E-06	8.76770019531251E-07	-7.8887939453125E-07	1.84925306712103E-06	666544.5	7.40000132282148E-06
79	184.60007653393	1.107177734375	1.10565185546875	1.668701171875E-06	8.697509765625E-07	-7.98950195312501E-07	1.84500242994545E-06	662582.3125	7.48336015021778E-06
80	184.650076533803	1.10214233398438	1.10015869140625	1.66961669921875E-06	8.63037109375001E-07	-8.06579589843749E-07	1.83684323928901E-06	658928.9375	7.56681811253657E-06
81	184.700076533677	1.09710693359375	1.0955810546875	1.67205810546875E-06	8.55407714843751E-07	-8.16650390625E-07	1.83187512448058E-06	655229.0625	7.65036020311527E-06
82	184.750076533551	1.09207153320313	1.09130859375	1.6748046875E-06	8.47473144531249E-07	-8.27331542968751E-07	1.82772862444835E-06	651603.5625	7.73403189668898E-06
83	184.800076533425	1.0870361328125	1.08612060546875	1.67694091796875E-06	8.3770751953125E-07	-8.392333984375E-07	1.82136000148603E-06	647679.75	7.81782546255272E-06
84	184.850076533298	1.08200073242188	1.0809326171875	1.67999267578125E-06	8.29162597656249E-07	-8.50830078125001E-07	1.81595873982587E-06	643415.125	7.90174817666411E-06
85	184.900076533172	1.07696533203125	1.07574462890625	1.68304443359375E-06	8.16650390625E-07	-8.6639404296875E-07	1.81052598691167E-06	639165.9375	7.98582459538011E-06
86	184.950076533046	1.07192993164063	1.07086181640625	1.68701171875E-06	8.05053710937501E-07	-8.819580078125E-07	1.80655638359895E-06	634768.4375	8.07007563707884E-06
87	185.00007653292	1.06689453125	1.06536865234375	1.69097900390625E-06	7.9376220703125E-07	-8.97216796875E-07	1.80151596396172E-06	630030.6875	8.15452585811727E-06
88	185.050076532793	1.06185913085938	1.060791015625	1.6949462890625E-06	7.77282714843749E-07	-9.17663574218751E-07	1.79798371391371E-06	625855.25	8.23917343950598E-06
89	185.100076532667	1.05682373046875	1.05560302734375	1.69921875E-06	7.6141357421875E-07	-9.37805175781251E-07	1.79370044861571E-06	621228.4375	8.32402747619199E-06
90	185.150076532541	1.05178833007813	1.05010986328125	1.70745849609375E-06	7.4127197265625E-07	-9.661865234375E-07	1.79301889602357E-06	615013.4375	8.40919437905541E-06
91	185.200076532415	1.0467529296875	1.0455322265625	1.71478271484375E-06	7.19604492187501E-07	-9.9517822265625E-07	1.79286053025862E-06	609717.0625	8.49475054565119E-06
92	185.250076532289	1.04171752929688	1.0406494140625	1.722412109375E-06	6.93359374999999E-07	-1.029052734375E-06	1.79242715603323E-06	604181.4375	8.58068051456939E-06
93	185.300076532162	1.03668212890625	1.03546142578125	1.73187255859375E-06	6.61621093750001E-07	-1.07025146484375E-06	1.79328719696059E-06	597885.4375	8.66703794599744E-06
94	185.350076532036	1.03164672851563	1.0302734375	1.74468994140625E-06	6.25000000000001E-07	-1.11968994140625E-06	1.79750770712417E-06	590519.5	8.75395198818296E-06
95	185.40007653191	1.026611328125	1.0247802734375	1.75994873046875E-06	5.8135986328125E-07	-1.1785888671875E-06	1.80356062173814E-06	582278.5	8.84156816027826E-06
96	185.450076531784	1.02157592773438	1.02020263671875	1.7791748046875E-06	5.3131103515625E-07	-1.24786376953125E-06	1.81511882146879E-06	573413.375	8.93004562385613E-06
97	185.500076531657	1.01654052734375	1.0150146484375	1.798095703125E-06	4.7027587890625E-07	-1.32781982421875E-06	1.82509347723681E-06	564494.25	9.01947805687087E-06
98	185.550076531531	1.01150512695313	1.01043701171875	1.822509765625E-06	4.0008544921875E-07	-1.42242431640625E-06	1.8415312297293E-06	554420.625	9.10999278858071E-06
99	185.600076531405	1.0064697265625	1.0052490234375	1.8511962890625E-06	3.16467285156249E-07	-1.53472900390625E-06	1.86091313025827E-06	543026.75	9.20183538255515E-06
100	185.650076531279	1.00143432617188	1.0003662109375	1.88507080078125E-06	2.1697998046875E-07	-1.6680908203125E-06	1.88576109394489E-06	530678.3125	9.29524230741663E-06
101	185.700076531152	0.99639892578125	0.99517822265625	1.9268798828125E-06	1.01318359374999E-07	-1.8255615234375E-06	1.91758886103344E-06	516471.34375	9.3905409812578E-06
102	185.750076531026	0.991363525390625	0.99029541015625	1.9757080078125E-06	-3.57055664062494E-08	-2.01141357421875E-06	1.95653433365806E-06	501235.75	9.48810520640109E-06
103	185.8000765309	0.986328125	0.985107421875	2.0294189453125E-06	-1.9561767578125E-07	-2.22503662109375E-06	1.99919577426044E-06	485413.53125	9.58823329710867E-06
104	185.850076530774	0.981292724609375	0.980224609375	2.09625244140625E-06	-3.77502441406249E-07	-2.4737548828125E-06	2.05479818760068E-06	467608.09375	9.69137545325793E-06
105	185.900076530647	0.97625732421875	0.97503662109375	2.1710205078125E-06	-5.8563232421875E-07	-2.75665283203125E-06	2.11682436201954E-06	449114.4375	9.79805736278649E-06
106	185.950076530521	0.971221923828125	0.970458984375	2.2601318359375E-06	-8.2366943359375E-07	-3.08380126953125E-06	2.193365162384E-06	429381.59375	9.90883654594654E-06
107	186.000076530395	0.9661865234375	0.96466064453125	2.3577880859375E-06	-1.09100341796875E-06	-3.44879150390625E-06	2.27446525968844E-06	409138	1.00242841654108E-05
108	186.050076530269	0.961151123046875	0.95977783203125	2.46795654296875E-06	-1.3922119140625E-06	-3.86016845703125E-06	2.36868982028682E-06	388895.78125	1.01449277281063E-05
109	186.100076530142	0.95611572265625	0.95458984375	2.5909423828125E-06	-1.72271728515625E-06	-4.31365966796875E-06	2.47328716795892E-06	368433.46875	1.02714002423454E-05
110	186.150076530016	0.951080322265625	0.94940185546875	2.72308349609375E-06	-2.0849609375E-06	-4.80804443359375E-06	2.58530053542927E-06	348649.5625	1.04042510429281E-05
111	186.20007652989	0.946044921875	0.94390869140625	2.8717041015625E-06	-2.47467041015625E-06	-5.34637451171875E-06	2.71062640422315E-06	328692.875	1.05441204141243E-05
112	186.250076529764	0.941009521484375	0.93963623046875	3.01788330078125E-06	-2.89154052734375E-06	-5.909423828125E-06	2.83571239378944E-06	311356.0625	1.06913603303838E-05
113	186.300076529638	0.93597412109375	0.93475341796875	3.1683349609375E-06	-3.328857421875E-06	-6.4971923828125E-06	2.96161192636646E-06	295029.875	1.08460153569467E-05
114	186.350076529511	0.930938720703125	0.928955078125	3.31787109375E-06	-3.7847900390625E-06	-7.1026611328125E-06	3.08215317090799E-06	279985.28125	1.10081709863152E-05
115	186.400076529385	0.9259033203125	0.92437744140625	3.46588134765625E-06	-4.241943359375E-06	-7.70782470703125E-06	3.20378239848651E-06	266707.75	1.11777644633548E-05
116	186.450076529259	0.920867919921875	0.919189453125	3.5858154296875E-06	-4.718017578125E-06	-8.3038330078125E-06	3.29604381477111E-06	256340.421875	1.13540572783677E-05
117	186.500076529133	0.91583251953125	0.91400146484375	3.6895751953125E-06	-5.1910400390625E-06	-8.880615234375E-06	3.37227697855269E-06	247725.390625	1.1535941666807E-05
118	186.550076529006	0.910797119140625	0.9088134765625	3.765869140625E-06	-5.6610107421875E-06	-9.4268798828125E-06	3.42247244589089E-06	241329.015625	1.17223280540202E-05
119	186.60007652888	0.90576171875	0.9039306640625	3.8116455078125E-06	-6.1126708984375E-06	-9.92431640625E-06	3.44546310770966E-06	237149.71875	1.19117657959578E-05
120	186.650076528754	0.900726318359375	0.8990478515625	3.8177490234375E-06	-6.54296875E-06	-1.03607177734375E-05	3.43233909916307E-06	235491.609375	1.21025004773401E-05
121	186.700076528628	0.89569091796875	0.8941650390625	3.790283203125E-06	-6.939697265625E-06	-1.072998046875E-05	3.38913855557621E-06	235909.828125	1.22927012853324E-05
122	186.750076528501	0.890655517578125	0.889892578125	3.7200927734375E-06	-7.305908203125E-06	-1.10260009765625E-05	3.31048295265646E-06	239212.46875	1.24804610095453E-05
123	186.800076528375	0.8856201171875	0.88409423828125	3.61724853515625E-06	-7.6263427734375E-06	-1.12435913085938E-05	3.19798846248887E-06	244410.703125	1.26638942674617E-05
124	186.850076528249	0.880584716796875	0.87921142578125	3.477783203125E-06	-7.89794921875E-06	-1.1375732421875E-05	3.05770663544536E-06	252808	1.28412702906644E-05
125	186.900076528123	0.87554931640625	0.87432861328125	3.30413818359375E-06	-8.1146240234375E-06	-1.14187622070313E-05	2.88890237243322E-06	264616.25	1.30108182929689E-05
126	186.950076527996	0.870513916015625	0.86883544921875	3.10211181640625E-06	-8.2672119140625E-06	-1.13693237304688E-05	2.69522479356965E-06	280078.6875	1.31709748529829E-05
127	187.00007652787	0.865478515625	0.8636474609375	2.87200927734375E-06	-8.3526611328125E-06	-1.12246704101563E-05	2.48040350925294E-06	300711.9375	1.33203275254346E-05
128	187.050076527744	0.860443115234375	0.85906982421875	2.6324462890625E-06	-8.3648681640625E-06	-1.0997314453125E-05	2.26145516535325E-06	326338.96875	1.34579386212863E-05
129	187.100076527618	0.85540771484375	0.8538818359375	2.369384765625E-06	-8.3038330078125E-06	-1.06732177734375E-05	2.02317460207269E-06	360381.25	1.35829850478331E-05
130	187.150076527491	0.850372314453125	0.848388671875	2.100830078125E-06	-8.172607421875E-06	-1.02734375E-05	1.78232039615978E-06	403835	1.36947401188081E-05
131	187.200076527365	0.8453369140625	0.843505859375	1.82037353515625E-06	-7.977294921875E-06	-9.79766845703125E-06	1.53549569859024E-06	463369.65625	1.37927700052387E-05
132	187.250076527239	0.840301513671875	0.83892822265625	1.534423828125E-06	-7.720947265625E-06	-9.25537109375E-06	1.28727140236151E-06	546738.3125	1.38766399686574E-05
133	187.300076527113	0.83526611328125	0.83343505859375	1.24969482421875E-06	-7.415771484375E-06	-8.66546630859375E-06	1.04153946267616E-06	666910.875	1.39462426886894E-05
134	187.350076526987	0.830230712890625	0.82916259765625	9.6771240234375E-07	-7.0709228515625E-06	-8.03863525390625E-06	8.02390900389582E-07	856827.5	1.40016782097518E-05
135	187.40007652686	0.8251953125	0.82366943359375	6.89697265625E-07	-6.70166015625E-06	-7.391357421875E-06	5.68082555219007E-07	1194247.875	1.40431129693752E-05
136	187.450076526734	0.820159912109375	0.8184814453125	4.20227050781249E-07	-6.3201904296875E-06	-6.74041748046875E-06	3.43948045156139E-07	1947712.375	1.40708616527263E-05
137	187.500076526608	0.81512451171875	0.81390380859375	1.6510009765625E-07	-5.9356689453125E-06	-6.10076904296875E-06	1.34375596871905E-07	4929760	1.40854945129831E-05
138	187.550076526482	0.810089111328125	0.80841064453125	-7.41577148437506E-08	-5.5633544921875E-06	-5.48919677734375E-06	-5.99498832798417E-08	-10901235	1.40877682497376E-05
139	187.600076526355	0.8050537109375	0.80352783203125	-2.92358398437501E-07	-5.2032470703125E-06	-4.910888671875E-06	-2.3491809031384E-07	-2748434.5	1.40786050906172E-05
140	187.650076526229	0.800018310546875	0.79803466796875	-4.9407958984375E-07	-4.87060546875E-06	-4.37652587890625E-06	-3.9429264120372E-07	-1615194.625	1.4058944543649E-05
141	187.700076526103	0.79498291015625	0.79376220703125	-6.7596435546875E-07	-4.5562744140625E-06	-3.88031005859375E-06	-5.36554921382049E-07	-1174266.375	1.40296933750506E-05
142	187.750076525977	0.789947509765625	0.78826904296875	-8.2672119140625E-07	-4.266357421875E-06	-3.43963623046875E-06	-6.51678703889047E-07	-953488.375	1.39921257868991E-05
143	187.80007652585	0.784912109375	0.78399658203125	-9.5672607421875E-07	-4.0069580078125E-06	-3.05023193359375E-06	-7.5006994393334E-07	-819457.8125	1.39475396281341E-05
144	187.850076525724	0.779876708984375	0.77850341796875	-1.0614013671875E-06	-3.7615966796875E-06	-2.7001953125E-06	-8.26304585643811E-07	-733467.5	1.38970872285427E-05
145	187.900076525598	0.77484130859375	0.7733154296875	-1.14593505859375E-06	-3.5430908203125E-06	-2.39715576171875E-06	-8.86169232217071E-07	-674833.5625	1.38419036375126E-05
146	187.950076525472	0.769805908203125	0.7684326171875	-1.21337890625E-06	-3.343505859375E-06	-2.130126953125E-06	-9.32399871089729E-07	-633299.8125	1.37829201776185E-05
147	188.000076525345	0.7647705078125	0.762939453125	-1.26373291015625E-06	-3.1622314453125E-06	-1.89849853515625E-06	-9.64151695370674E-07	-603718.9375	1.37209926833748E-05
148	188.050076525219	0.759735107421875	0.75836181640625	-1.300048828125E-06	-3.00079345703125E-06	-1.70074462890625E-06	-9.85907377071271E-07	-583333.375	1.36568978632567E-05
149	188.100076525093	0.75469970703125	0.75347900390625	-1.3226318359375E-06	-2.852783203125E-06	-1.5301513671875E-06	-9.96575295175717E-07	-569681.625	1.35913314807112E-05
150	188.150076524967	0.749664306640625	0.74853515625	-1.3330078125E-06	-2.71942138671875E-06	-1.38641357421875E-06	-9.9780311302311E-07	-561538.5	1.35249401864712E-05
151	188.20007652484	0.74462890625	0.7435302734375	-1.33880615234375E-06	-2.59857177734375E-06	-1.259765625E-06	-9.95442860585172E-07	-555368.125	1.34581450765836E-05
152	188.250076524714	0.739593505859375	0.738494873046875	-1.33575439453125E-06	-2.48992919921875E-06	-1.1541748046875E-06	-9.86447730610962E-07	-552867.25	1.33912808450987E-05
153	188.300076524588	0.73455810546875	0.733612060546875	-1.32781982421875E-06	-2.3895263671875E-06	-1.06170654296875E-06	-9.74104523265851E-07	-552493.6875	1.33246912810137E-05
154	188.350076524462	0.729522705078125	0.728515625	-1.3134765625E-06	-2.2991943359375E-06	-9.857177734375E-07	-9.5688824330864E-07	-554646.8125	1.32586592371808E-05
155	188.400076524336	0.7244873046875	0.723358154296875	-1.29730224609375E-06	-2.2161865234375E-06	-9.1888427734375E-07	-9.38414132178877E-07	-557586.4375	1.31933893499081E-05
156	188.450076524209	0.719451904296875	0.718170166015625	-1.27685546875E-06	-2.1405029296875E-06	-8.636474609375E-07	-9.16999454148026E-07	-562452.25	1.31290353238001E-05
157	188.500076524083	0.71441650390625	0.713134765625	-1.2579345703125E-06	-2.07061767578125E-06	-8.12683105468751E-07	-8.97076859018853E-07	-566909.3125	1.3065666280454E-05
158	188.550076523957	0.709381103515625	0.70819091796875	-1.23382568359375E-06	-2.00531005859375E-06	-7.71484374999999E-07	-8.73784131272259E-07	-573979.75	1.30033722598455E-05
159	188.600076523831	0.704345703125	0.703033447265625	-1.21124267578125E-06	-1.9451904296875E-06	-7.3394775390625E-07	-8.51544086799549E-07	-580423.3125	1.29422451209393E-05
160	188.650076523704	0.699310302734375	0.6981201171875	-1.1865234375E-06	-1.88873291015625E-06	-7.0220947265625E-07	-8.28335828373383E-07	-588374.5	1.28823012346402E-05
161	188.700076523578	0.69427490234375	0.693115234375	-1.162109375E-06	-1.837158203125E-06	-6.75048828125E-07	-8.05475679044321E-07	-596428.5625	1.28235851661884E-05
162	188.750076523452	0.689239501953125	0.688140869140625	-1.13677978515625E-06	-1.78741455078125E-06	-6.50634765625E-07	-7.82264578447212E-07	-605342.3125	1.27661132864887E-05
163	188.800076523326	0.6842041015625	0.68304443359375	-1.11541748046875E-06	-1.7413330078125E-06	-6.2591552734375E-07	-7.61879732635862E-07	-612366.625	1.27098082884913E-05
164	188.850076523199	0.679168701171875	0.678192138671875	-1.08978271484375E-06	-1.6986083984375E-06	-6.0882568359375E-07	-7.39082054224127E-07	-622318.6875	1.26546783576487E-05
165	188.900076523073	0.67413330078125	0.67303466796875	-1.06658935546875E-06	-1.6571044921875E-06	-5.9051513671875E-07	-7.17851605713804E-07	-631015.75	1.26007689686958E-05
166	188.950076522947	0.669097900390625	0.668060302734375	-1.04461669921875E-06	-1.62017822265625E-06	-5.755615234375E-07	-6.97866880727815E-07	-639526.75	1.25479882626678E-05
167	189.000076522821	0.6640625	0.66302490234375	-1.02142333984375E-06	-1.58447265625E-06	-5.6304931640625E-07	-6.77229081702535E-07	-649118.6875	1.24963380585541E-05
168	189.050076522694	0.659027099609375	0.6578369140625	-9.991455078125E-07	-1.54876708984375E-06	-5.4962158203125E-07	-6.57274824789056E-07	-658399.5	1.24458238133229E-05
169	189.100076522568	0.65399169921875	0.65277099609375	-9.783935546875E-07	-1.51702880859375E-06	-5.3863525390625E-07	-6.38666961094714E-07	-667186.5	1.23963845908293E-05
170	189.150076522442	0.648956298828125	0.64764404296875	-9.57641601562501E-07	-1.48529052734375E-06	-5.27648925781249E-07	-6.20210812485311E-07	-676290.6875	1.2347984011285E-05
171	189.200076522316	0.6439208984375	0.642669677734375	-9.37499999999999E-07	-1.45599365234375E-06	-5.1849365234375E-07	-6.02502780111536E-07	-685514.3125	1.23006057037856E-05
172	189.250076522189	0.638885498046875	0.637664794921875	-9.173583984375E-07	-1.427001953125E-06	-5.096435546875E-07	-5.84967153827165E-07	-695109.8125	1.2254234206921E-05
173	189.300076522063	0.63385009765625	0.6326904296875	-8.99353027343749E-07	-1.3995361328125E-06	-5.0018310546875E-07	-5.690120019608E-07	-703495.125	1.22088158605038E-05
174	189.350076521937	0.628814697265625	0.627838134765625	-8.81347656250001E-07	-1.37420654296875E-06	-4.9285888671875E-07	-5.53343681986007E-07	-712361.5	1.21642988233361E-05
175	189.400076521811	0.623779296875	0.622833251953125	-8.636474609375E-07	-1.34765625E-06	-4.840087890625E-07	-5.37908306341706E-07	-721166.125	1.21206740004709E-05
176	189.450076521685	0.618743896484375	0.61773681640625	-8.4686279296875E-07	-1.3250732421875E-06	-4.7821044921875E-07	-5.2313828291517E-07	-729441.5	1.20779113785829E-05
177	189.500076521558	0.61370849609375	0.612548828125	-8.29162597656249E-07	-1.30218505859375E-06	-4.730224609375E-07	-5.07902541357907E-07	-738756	1.20360100481776E-05
178	189.550076521432	0.608673095703125	0.607452392578125	-8.11767578125E-07	-1.2799072265625E-06	-4.681396484375E-07	-4.93110121624341E-07	-748308.3125	1.19949872896541E-05
179	189.600076521306	0.6036376953125	0.602386474609375	-7.977294921875E-07	-1.258544921875E-06	-4.608154296875E-07	-4.80541416436608E-07	-755126.25	1.19547494250583E-05
180	189.65007652118	0.598602294921875	0.59747314453125	-7.8094482421875E-07	-1.23931884765625E-06	-4.58374023437499E-07	-4.66593547798766E-07	-765064.5	1.19152828119695E-05
181	189.700076521053	0.59356689453125	0.592437744140625	-7.659912109375E-07	-1.2200927734375E-06	-4.54101562500001E-07	-4.53802101674228E-07	-773426.3125	1.18766092782607E-05
182	189.750076520927	0.588531494140625	0.587554931640625	-7.5225830078125E-07	-1.19964599609375E-06	-4.473876953125E-07	-4.41993080357861E-07	-781054.75	1.18386533358716E-05
183	189.800076520801	0.58349609375	0.582489013671875	-7.3822021484375E-07	-1.18194580078125E-06	-4.437255859375E-07	-4.3000514438063E-07	-789045.0625	1.180139133794E-05
184	189.850076520675	0.578460693359375	0.577545166015625	-7.232666015625E-07	-1.16363525390625E-06	-4.4036865234375E-07	-4.17719121514892E-07	-798523.25	1.17648542072857E-05
185	189.900076520548	0.57342529296875	0.572479248046875	-7.10144042968749E-07	-1.14898681640625E-06	-4.38842773437501E-07	-4.06542710607027E-07	-806145.25	1.17290192065411E-05
186	189.950076520422	0.568389892578125	0.567352294921875	-6.98242187500001E-07	-1.13250732421875E-06	-4.34265136718749E-07	-3.96149289372261E-07	-812543.75	1.16938090286567E-05
187	190.000076520296	0.5633544921875	0.562286376953125	-6.84814453125E-07	-1.11572265625E-06	-4.30908203125E-07	-3.85061838414913E-07	-821078.4375	1.16592327685794E-05
188	190.05007652017	0.558319091796875	0.55718994140625	-6.7138671875E-07	-1.1016845703125E-06	-4.302978515625E-07	-3.740899217064E-07	-829909.125	1.1625327715592E-05
189	190.100076520043	0.55328369140625	0.55224609375	-6.5887451171875E-07	-1.08673095703125E-06	-4.278564453125E-07	-3.63860863217269E-07	-838165.8125	1.1592071132327E-05
190	190.150076519917	0.548248291015625	0.547088623046875	-6.45751953125E-07	-1.07391357421875E-06	-4.28161621093751E-07	-3.53283525100778E-07	-847211.75	1.15594557428267E-05
191	190.200076519791	0.543212890625	0.542205810546875	-6.3629150390625E-07	-1.0589599609375E-06	-4.2266845703125E-07	-3.45000927381989E-07	-852134.3125	1.15274042400415E-05
192	190.250076519665	0.538177490234375	0.537261962890625	-6.24694824218749E-07	-1.04736328125E-06	-4.2266845703125E-07	-3.35624747549446E-07	-860039.125	1.14958802441834E-05
193	190.300076519538	0.53314208984375	0.532257080078125	-6.1309814453125E-07	-1.03271484375E-06	-4.1961669921875E-07	-3.26325817923134E-07	-868143.375	1.14649346869555E-05
194	190.350076519412	0.528106689453125	0.527191162109375	-6.011962890625E-07	-1.0211181640625E-06	-4.19921875E-07	-3.16945374834177E-07	-876903.5625	1.14345775727998E-05
195	190.400076519286	0.5230712890625	0.5220947265625	-5.9173583984375E-07	-1.00982666015625E-06	-4.180908203125E-07	-3.08942162519088E-07	-882310.4375	1.14047543320339E-05
196	190.45007651916	0.518035888671875	0.516998291015625	-5.79833984375E-07	-9.98840332031251E-07	-4.19006347656251E-07	-2.99773176948293E-07	-891631.625	1.1375464964658E-05
197	190.500076519034	0.51300048828125	0.511932373046875	-5.706787109375E-07	-9.8876953125E-07	-4.180908203125E-07	-2.9214891128504E-07	-897058.8125	1.13467021947145E-05
198	190.550076518907	0.507965087890625	0.5068359375	-5.59387207031251E-07	-9.765625E-07	-4.17175292968749E-07	-2.8351755076983E-07	-906055.625	1.13184505607933E-05
199	190.600076518781	0.5029296875	0.502044677734375	-5.50231933593751E-07	-9.68017578125E-07	-4.17785644531249E-07	-2.76240996299748E-07	-912423.8125	1.12907100628945E-05
200	190.650076518655	0.497894287109375	0.49713134765625	-5.40771484374999E-07	-9.57641601562501E-07	-4.16870117187501E-07	-2.68834440930732E-07	-919300.25	1.1263435226283E-05
201	190.700076518529	0.49285888671875	0.4920654296875	-5.322265625E-07	-9.490966796875E-07	-4.168701171875E-07	-2.61890278352439E-07	-924541.375	1.12366105895489E-05
202	190.750076518402	0.487823486328125	0.4869384765625	-5.22460937499999E-07	-9.40856933593751E-07	-4.18395996093751E-07	-2.54406330668644E-07	-932009.375	1.12102434286498E-05
203	190.800076518276	0.4827880859375	0.481903076171875	-5.13610839843751E-07	-9.326171875E-07	-4.19006347656249E-07	-2.4751062710493E-07	-938265.0625	1.11843410195434E-05
204	190.85007651815	0.477752685546875	0.476837158203125	-5.047607421875E-07	-9.2376708984375E-07	-4.19006347656249E-07	-2.40688677877188E-07	-944679.5625	1.11588815343566E-05
205	190.900076518024	0.47271728515625	0.4716796875	-4.962158203125E-07	-9.173583984375E-07	-4.21142578125E-07	-2.34054922998439E-07	-950553.5	1.1133857697132E-05
206	190.950076517897	0.467681884765625	0.46673583984375	-4.87060546875E-07	-9.09423828125E-07	-4.2236328125E-07	-2.2732861282293E-07	-958270.625	1.11092758743325E-05
207	191.000076517771	0.462646484375	0.461639404296875	-4.78515625000001E-07	-9.02709960937501E-07	-4.241943359375E-07	-2.20901668512852E-07	-964732.125	1.10851360659581E-05
208	191.050076517645	0.457611083984375	0.4569091796875	-4.69360351562501E-07	-8.95080566406251E-07	-4.2572021484375E-07	-2.14455056379848E-07	-973472.0625	1.10614391815034E-05
209	191.100076517519	0.45257568359375	0.45184326171875	-4.61730957031251E-07	-8.88977050781251E-07	-4.2724609375E-07	-2.08630012821232E-07	-978585.625	1.10381615741062E-05
210	191.150076517392	0.447540283203125	0.446746826171875	-4.54101562500001E-07	-8.837890625E-07	-4.29687499999999E-07	-2.02868420728919E-07	-983803.8125	1.10152659544838E-05
211	191.200076517266	0.4425048828125	0.4415283203125	-4.4677734375E-07	-8.77990722656249E-07	-4.31213378906249E-07	-1.97264853341039E-07	-988251.375	1.09927441371838E-05
212	191.25007651714	0.437469482421875	0.4365234375	-4.3792724609375E-07	-8.7188720703125E-07	-4.339599609375E-07	-1.91165497653856E-07	-996794.4375	1.0970627045026E-05
213	191.300076517014	0.43243408203125	0.43145751953125	-4.315185546875E-07	-8.66088867187501E-07	-4.345703125E-07	-1.86181921435491E-07	-999858.5625	1.09488901216537E-05
214	191.350076516888	0.427398681640625	0.42657470703125	-4.23583984375001E-07	-8.6090087890625E-07	-4.37316894531249E-07	-1.80690207685075E-07	-1007060.5625	1.09275133581832E-05
215	191.400076516761	0.42236328125	0.421783447265625	-4.1778564453125E-07	-8.563232421875E-07	-4.38537597656249E-07	-1.7621506742671E-07	-1009569.0625	1.09064785647206E-05
216	191.450076516635	0.417327880859375	0.4166259765625	-4.1046142578125E-07	-8.502197265625E-07	-4.3975830078125E-07	-1.71008892380087E-07	-1015018.625	1.08857720988453E-05
217	191.500076516509	0.41229248046875	0.41162109375	-4.0313720703125E-07	-8.43505859375E-07	-4.40368652343751E-07	-1.65939766816336E-07	-1021044.6875	1.08654321593349E-05
218	191.550076516383	0.407257080078125	0.4066162109375	-3.97644042968751E-07	-8.392333984375E-07	-4.41589355468749E-07	-1.6168851857401E-07	-1022563.3125	1.08454132714542E-05
219	191.600076516256	0.4022216796875	0.4013671875	-3.90625E-07	-8.3465576171875E-07	-4.4403076171875E-07	-1.56784054183845E-07	-1027500	1.08257063402561E-05
220	191.65007651613	0.397186279296875	0.396331787109375	-3.83911132812501E-07	-8.31298828125E-07	-4.473876953125E-07	-1.52156189869856E-07	-1032352.9375	1.08063431980554E-05
221	191.700076516004	0.39215087890625	0.391387939453125	-3.7872314453125E-07	-8.28857421875E-07	-4.5013427734375E-07	-1.48227670138112E-07	-1033440.75	1.07872774606221E-05
222	191.750076515878	0.387115478515625	0.38623046875	-3.704833984375E-07	-8.23364257812501E-07	-4.52880859375E-07	-1.43091966720021E-07	-1042504.1875	1.07685464172391E-05
223	191.800076515751	0.382080078125	0.381317138671875	-3.6651611328125E-07	-8.209228515625E-07	-4.5440673828125E-07	-1.3975886758999E-07	-1040383.0625	1.07501218735706E-05
224	191.850076515625	0.377044677734375	0.376373291015625	-3.59191894531249E-07	-8.1756591796875E-07	-4.58374023437501E-07	-1.35190234118454E-07	-1047833.5	1.07319792732596E-05
225	191.900076515499	0.37200927734375	0.3714599609375	-3.5400390625E-07	-8.14208984375001E-07	-4.60205078125001E-07	-1.31498282485154E-07	-1049310.375	1.07141495391261E-05
226	191.950076515373	0.366973876953125	0.366363525390625	-3.47900390625E-07	-8.1146240234375E-07	-4.6356201171875E-07	-1.2745800859193E-07	-1053070.25	1.06966017483501E-05
227	192.000076515246	0.3619384765625	0.361236572265625	-3.4210205078125E-07	-8.1024169921875E-07	-4.681396484375E-07	-1.23579766864168E-07	-1055932.25	1.06793513623415E-05
228	192.05007651512	0.356903076171875	0.35626220703125	-3.3447265625E-07	-8.07800292968749E-07	-4.7332763671875E-07	-1.19159963674065E-07	-1065146	1.06624374893727E-05
229	192.100076514994	0.35186767578125	0.351165771484375	-3.2928466796875E-07	-8.07800292968749E-07	-4.78515624999999E-07	-1.15633504549351E-07	-1066450.5	1.06458428490441E-05
230	192.150076514868	0.346832275390625	0.346099853515625	-3.253173828125E-07	-8.07800292968749E-07	-4.8248291015625E-07	-1.12592303480596E-07	-1063883.625	1.06294783108751E-05
231	192.200076514741	0.341796875	0.3409423828125	-3.21044921874999E-07	-8.07800292968749E-07	-4.8675537109375E-07	-1.09457822361492E-07	-1061977.125	1.06133193185087E-05
232	192.250076514615	0.336761474609375	0.33599853515625	-3.13415527343749E-07	-8.06579589843751E-07	-4.93164062500001E-07	-1.05307151443412E-07	-1072054.625	1.05974577309098E-05
233	192.300076514489	0.33172607421875	0.330963134765625	-3.05786132812499E-07	-8.07800292968749E-07	-5.0201416015625E-07	-1.01203937674654E-07	-1082335.375	1.05819772215909E-05
234	192.350076514363	0.326690673828125	0.326141357421875	-2.99987792968751E-07	-8.08105468750001E-07	-5.0811767578125E-07	-9.78384235850172E-08	-1087182.125	1.05668332253117E-05
235	192.400076514237	0.3216552734375	0.321075439453125	-2.93884277343751E-07	-8.09326171875E-07	-5.15441894531249E-07	-9.43590237056924E-08	-1092523.375	1.05519866338E-05
236	192.45007651411	0.316619873046875	0.316162109375	-2.880859375E-07	-8.1146240234375E-07	-5.2337646484375E-07	-9.10818584998196E-08	-1097457.625	1.05374374470557E-05
237	192.500076513984	0.31158447265625	0.31103515625	-2.81982421875E-07	-8.135986328125E-07	-5.316162109375E-07	-8.7706439444446E-08	-1103030.375	1.05231856650789E-05
238	192.550076513858	0.306549072265625	0.305877685546875	-2.7587890625E-07	-8.1756591796875E-07	-5.4168701171875E-07	-8.43851992726741E-08	-1108739	1.05092385638272E-05
239	192.600076513732	0.301513671875	0.30084228515625	-2.70690917968749E-07	-8.2244873046875E-07	-5.51757812500001E-07	-8.14352745237557E-08	-1111386.75	1.04955743154278E-05
240	192.650076513605	0.296478271484375	0.295806884765625	-2.642822265625E-07	-8.28857421875E-07	-5.645751953125E-07	-7.81764981638844E-08	-1119284.125	1.04822001958382E-05
241	192.700076513479	0.29144287109375	0.290679931640625	-2.581787109375E-07	-8.3526611328125E-07	-5.7708740234375E-07	-7.50473745370073E-08	-1125886.5	1.04691389424261E-05
242	192.750076513353	0.286407470703125	0.285675048828125	-2.5146484375E-07	-8.4197998046875E-07	-5.9051513671875E-07	-7.18372277219714E-08	-1136043.75	1.04563978311489E-05
243	192.800076513227	0.2813720703125	0.280853271484375	-2.45361328125E-07	-8.50524902343749E-07	-6.05163574218749E-07	-6.8910530615085E-08	-1144651.75	1.04439768620068E-05
244	192.8500765131	0.276336669921875	0.27587890625	-2.3773193359375E-07	-8.59680175781249E-07	-6.21948242187499E-07	-6.55852261388645E-08	-1160462.125	1.0431899681862E-05
245	192.900076512974	0.27130126953125	0.270843505859375	-2.32849121093751E-07	-8.70666503906251E-07	-6.378173828125E-07	-6.30656700195686E-08	-1163171.75	1.04201353678945E-05
246	192.950076512848	0.266265869140625	0.26568603515625	-2.24609375E-07	-8.8348388671875E-07	-6.5887451171875E-07	-5.96755711512742E-08	-1182880.5	1.04086984720198E-05
247	193.000076512722	0.26123046875	0.260528564453125	-2.18811035156249E-07	-8.98132324218751E-07	-6.79321289062501E-07	-5.70065203930881E-08	-1190655.625	1.03976135505945E-05
248	193.050076512595	0.256195068359375	0.255462646484375	-2.1209716796875E-07	-9.11865234375001E-07	-6.99768066406251E-07	-5.41829017208784E-08	-1204460.5	1.0386840585852E-05
249	193.100076512469	0.25115966796875	0.250640869140625	-2.056884765625E-07	-9.2926025390625E-07	-7.2357177734375E-07	-5.15539362311301E-08	-1218546	1.03763959486969E-05
250	193.150076512343	0.246124267578125	0.2457275390625	-2.00805664062501E-07	-9.47265625E-07	-7.464599609375E-07	-4.93434804127446E-08	-1223708.25	1.03662332548993E-05
251	193.200076512217	0.2410888671875	0.240692138671875	-1.9500732421875E-07	-9.6588134765625E-07	-7.708740234375E-07	-4.69367265054643E-08	-1234272.375	1.0356337952544E-05
252	193.25007651209	0.236053466796875	0.235504150390625	-1.8798828125E-07	-9.8846435546875E-07	-8.00476074218751E-07	-4.42720207161074E-08	-1252759.75	1.03467637018184E-05
253	193.300076511964	0.23101806640625	0.23040771484375	-1.81884765625E-07	-1.0113525390625E-06	-8.29467773437501E-07	-4.19076506830152E-08	-1266778.625	1.03375168691855E-05
254	193.350076511838	0.225982666015625	0.225433349609375	-1.751708984375E-07	-1.03790283203125E-06	-8.62731933593749E-07	-3.94893611144198E-08	-1286933.75	1.03285901786876E-05
255	193.400076511712	0.220947265625	0.22039794921875	-1.7059326171875E-07	-1.0662841796875E-06	-8.9569091796875E-07	-3.75984043898825E-08	-1291950	1.03199463410419E-05
256	193.450076511586	0.215911865234375	0.215576171875	-1.6510009765625E-07	-1.09771728515625E-06	-9.326171875E-07	-3.55916469629847E-08	-1305730.25	1.0311553523934E-05
257	193.500076511459	0.21087646484375	0.21044921875	-1.59606933593751E-07	-1.13250732421875E-06	-9.72900390624999E-07	-3.35891527925014E-08	-1318546.875	1.03034362837207E-05
258	193.550076511333	0.205841064453125	0.205352783203125	-1.5380859375E-07	-1.17279052734375E-06	-1.01898193359375E-06	-3.15850208210122E-08	-1335119.125	1.02956009868649E-05
259	193.600076511207	0.2008056640625	0.2001953125	-1.48925781250001E-07	-1.214599609375E-06	-1.065673828125E-06	-2.98142417420877E-08	-1344262.375	1.02880321719567E-05
260	193.650076511081	0.195770263671875	0.195159912109375	-1.39465332031249E-07	-1.2615966796875E-06	-1.12213134765625E-06	-2.72180411542422E-08	-1399343.625	1.02808226074558E-05
261	193.700076510954	0.19073486328125	0.190185546875	-1.3275146484375E-07	-1.3134765625E-06	-1.18072509765625E-06	-2.52474094963873E-08	-1432643.625	1.02740168586024E-05
262	193.750076510828	0.185699462890625	0.18536376953125	-1.251220703125E-07	-1.37054443359375E-06	-1.24542236328125E-06	-2.31930989968987E-08	-1481463.375	1.02675703601562E-05
263	193.800076510702	0.1806640625	0.18035888671875	-1.1566162109375E-07	-1.43463134765625E-06	-1.3189697265625E-06	-2.0860600358219E-08	-1559366.75	1.02615504147252E-05
264	193.850076510576	0.175628662109375	0.17529296875	-1.04675292968751E-07	-1.505126953125E-06	-1.40045166015625E-06	-1.83488424454481E-08	-1674635.625	1.02560425148113E-05
265	193.900076510449	0.17059326171875	0.170166015625	-9.33837890624997E-08	-1.58203125E-06	-1.4886474609375E-06	-1.58907482727955E-08	-1822222.25	1.02510912256548E-05
266	193.950076510323	0.165557861328125	0.16497802734375	-7.84301757812495E-08	-1.6693115234375E-06	-1.59088134765625E-06	-1.29392558889663E-08	-2103502	1.02467956821783E-05
267	194.000076510197	0.1605224609375	0.160064697265625	-6.31713867187495E-08	-1.76422119140625E-06	-1.7010498046875E-06	-1.01115089634618E-08	-2533816.5	1.02432550193043E-05
268	194.050076510071	0.155487060546875	0.154998779296875	-4.57763671875E-08	-1.8701171875E-06	-1.8243408203125E-06	-7.09528125142356E-09	-3386000	1.02405319921672E-05
269	194.100076509944	0.15045166015625	0.150299072265625	-2.31933593749997E-08	-1.98883056640625E-06	-1.96563720703125E-06	-3.48594020316284E-09	-6480263.5	1.02388075902127E-05
270	194.150076509818	0.145416259765625	0.14508056640625	3.96728515625056E-09	-2.12005615234375E-06	-2.1240234375E-06	5.75575975769738E-10	36569232	1.02383264675154E-05
271	194.200076509692	0.140380859375	0.14013671875	3.47900390625003E-08	-2.26806640625E-06	-2.3028564453125E-06	4.87536189197613E-09	4028070.25	1.02392959888675E-05
272	194.250076509566	0.135345458984375	0.13494873046875	7.35473632812497E-08	-2.432861328125E-06	-2.50640869140625E-06	9.92512294573089E-09	1834854.75	1.02420044640894E-05
273	194.300076509439	0.13031005859375	0.1300048828125	1.1566162109375E-07	-2.61566162109375E-06	-2.7313232421875E-06	1.5036574652072E-08	1124010.5	1.02467347460333E-05
274	194.350076509313	0.125274658203125	0.124847412109375	1.690673828125E-07	-2.81982421875E-06	-2.9888916015625E-06	2.11076240930197E-08	738447.6875	1.02538524515694E-05
275	194.400076509187	0.1202392578125	0.11981201171875	2.2857666015625E-07	-3.0438232421875E-06	-3.27239990234375E-06	2.73862283961535E-08	524165.5625	1.02637941381545E-05
276	194.450076509061	0.115203857421875	0.11492919921875	2.9937744140625E-07	-3.2867431640625E-06	-3.58612060546875E-06	3.44072077496094E-08	383894	1.02769927252666E-05
277	194.500076508935	0.11016845703125	0.109893798828125	3.72314453125E-07	-3.54949951171875E-06	-3.92181396484375E-06	4.09150473501541E-08	295163.9375	1.02937847259454E-05
278	194.550076508808	0.105133056640625	0.1048583984375	4.58984375E-07	-3.8287353515625E-06	-4.2877197265625E-06	4.81283670694665E-08	228457.453125	1.03145675893757E-05
279	194.600076508682	0.10009765625	0.099945068359375	5.474853515625E-07	-4.1168212890625E-06	-4.664306640625E-06	5.47184590971028E-08	182552.953125	1.03397287603002E-05
280	194.650076508556	0.095062255859375	0.094818115234375	6.3812255859375E-07	-4.4158935546875E-06	-5.05401611328125E-06	6.05055774371976E-08	148589.203125	1.0369369192631E-05
281	194.70007650843	0.09002685546875	0.089691162109375	7.37915039062501E-07	-4.72412109375E-06	-5.4620361328125E-06	6.61844552496405E-08	121546.7421875	1.04037699202308E-05
282	194.750076508303	0.084991455078125	0.0845947265625	8.30993652343751E-07	-5.0323486328125E-06	-5.86334228515625E-06	7.02976805655453E-08	101799.484375	1.04429927887395E-05
283	194.800076508177	0.0799560546875	0.079620361328125	9.09423828125E-07	-5.33447265625E-06	-6.243896484375E-06	7.24086532954971E-08	87550.3359375	1.04865030152723E-05
284	194.850076508051	0.074920654296875	0.074798583984375	9.7503662109375E-07	-5.6182861328125E-06	-6.59332275390625E-06	7.29313569536316E-08	76713.6171875	1.05336148408242E-05
285	194.900076507925	0.06988525390625	0.069732666015625	1.02294921875E-06	-5.8807373046875E-06	-6.9036865234375E-06	7.13329697532572E-08	68168.2578125	1.05835642898455E-05
286	194.950076507798	0.064849853515625	0.064697265625	1.04766845703125E-06	-6.1126708984375E-06	-7.16033935546875E-06	6.77812863614236E-08	61753.5703125	1.06353299997863E-05
287	195.000076507672	0.059814453125	0.059539794921875	1.04400634765625E-06	-6.31103515625E-06	-7.35504150390625E-06	6.21599269834405E-08	57030.109375	1.06876223071595E-05
288	195.050076507546	0.054779052734375	0.054412841796875	1.0150146484375E-06	-6.4666748046875E-06	-7.481689453125E-06	5.5229829598602E-08	53607.9375	1.07390969787957E-05
289	195.10007650742	0.04974365234375	0.0493896484375	9.48486328125001E-07	-6.5765380859375E-06	-7.5250244140625E-06	4.68454075530644E-08	52072.07421875	1.07881851363345E-05
290	195.150076507293	0.044708251953125	0.044451904296875	8.709716796875E-07	-6.62841796875E-06	-7.4993896484375E-06	3.87163474613317E-08	51037.14453125	1.08336716948543E-05
291	195.200076507167	0.0396728515625	0.039544677734375	7.53173828125001E-07	-6.634521484375E-06	-7.3876953125E-06	2.97840170304653E-08	52504.0546875	1.08742751763202E-05
292	195.250076507041	0.034637451171875	0.0346282958984375	6.11267089843751E-07	-6.5887451171875E-06	-7.20001220703125E-06	2.11671355998533E-08	56650.0234375	1.09083857751102E-05
293	195.300076506915	0.02960205078125	0.0296112060546875	4.44946289062501E-07	-6.4910888671875E-06	-6.93603515625E-06	1.31753949972335E-08	66550.0703125	1.09347911347868E-05
294	195.350076506788	0.024566650390625	0.024542236328125	2.63671875E-07	-6.3568115234375E-06	-6.6204833984375E-06	6.47109743567853E-09	93078.7109375	1.09525071820826E-05
295	195.400076506662	0.01953125	0.0193328857421875	6.866455078125E-08	-6.182861328125E-06	-6.25152587890625E-06	1.32748390058168E-09	281555.5625	1.09608154161833E-05
296	195.450076506536	0.014495849609375	0.014215087890625	-1.33666992187501E-07	-5.9844970703125E-06	-5.850830078125E-06	-1.90008786482565E-09	-106347.03125	1.09591901491513E-05
297	195.50007650641	0.00946044921875	0.0092041015625	-3.3599853515625E-07	-5.7647705078125E-06	-5.42877197265625E-06	-3.09256464881003E-09	-27393.28125	1.09474485725514E-05
298	195.550076506284	0.004425048828125	0.0043914794921875	-5.4046630859375E-07	-5.535888671875E-06	-4.99542236328125E-06	-2.37344655040772E-09	-8125.3525390625	1.09255370261963E-05
299	195.600076506157	-0.0006103515625	-0.000592041015625003	-7.3394775390625E-07	-5.31005859375E-06	-4.57611083984375E-06	4.34527164250298E-10	806.65283203125	1.08936765172984E-05
300	195.650076506031	-0.005645751953125	-0.0056915283203125	-9.2926025390625E-07	-5.084228515625E-06	-4.15496826171875E-06	5.2889110868648E-09	6124.794921875	1.08520962385228E-05
301	195.700076505905	-0.01068115234375	-0.0107177734375	-1.1004638671875E-06	-4.864501953125E-06	-3.7640380859375E-06	1.17945218036652E-08	9739.32421875	1.08013528006268E-05
302	195.750076505779	-0.015716552734375	-0.0158233642578125	-1.25274658203125E-06	-4.656982421875E-06	-3.40423583984375E-06	1.98226643988164E-08	12630.9384765625	1.07425230453373E-05
303	195.800076505652	-0.020751953125	-0.0208709716796875	-1.3897705078125E-06	-4.461669921875E-06	-3.0718994140625E-06	2.90058608243271E-08	15017.568359375	1.06764600786846E-05
304	195.850076505526	-0.025787353515625	-0.0260650634765625	-1.50543212890625E-06	-4.2816162109375E-06	-2.77618408203125E-06	3.92391825698724E-08	17314.0078125	1.06040797618334E-05
305	195.9000765054	-0.03082275390625	-0.0310394287109375	-1.60369873046875E-06	-4.12506103515625E-06	-2.5213623046875E-06	4.97778920305336E-08	19354.900390625	1.05263516161358E-05
306	195.950076505274	-0.035858154296875	-0.036083984375	-1.6827392578125E-06	-3.9739990234375E-06	-2.291259765625E-06	6.07199410751491E-08	21443.59765625	1.04441905932617E-05
307	196.000076505147	-0.0408935546875	-0.04085693359375	-1.74774169921875E-06	-3.839111328125E-06	-2.09136962890625E-06	7.14073635776913E-08	23376.98828125	1.03584288808634E-05
308	196.050076505021	-0.045928955078125	-0.045880126953125	-1.7974853515625E-06	-3.7176513671875E-06	-1.920166015625E-06	8.24688584089017E-08	25524.619140625	1.02697977126809E-05
309	196.100076504895	-0.05096435546875	-0.05096435546875	-1.83441162109375E-06	-3.6102294921875E-06	-1.77581787109375E-06	9.34896036142163E-08	27782.3984375	1.01790010376135E-05
310	196.150076504769	-0.055999755859375	-0.05621337890625	-1.8597412109375E-06	-3.514404296875E-06	-1.6546630859375E-06	1.04542330348067E-07	30226.453125	1.0086646398122E-05
311	196.200076504642	-0.06103515625	-0.061309814453125	-1.875E-06	-3.427734375E-06	-1.552734375E-06	1.1495590257482E-07	32698.568359375	9.99327858153265E-06
312	196.250076504516	-0.066070556640625	-0.06622314453125	-1.88232421875E-06	-3.34991455078125E-06	-1.46759033203125E-06	1.24653425359611E-07	35181.58203125	9.89934505923884E-06
313	196.30007650439	-0.07110595703125	-0.07122802734375	-1.885986328125E-06	-3.28338623046875E-06	-1.39739990234375E-06	1.34335081725112E-07	37766.9921875	9.8051377790398E-06
314	196.350076504264	-0.076141357421875	-0.076141357421875	-1.8798828125E-06	-3.221435546875E-06	-1.341552734375E-06	1.43136830388357E-07	40503.24609375	9.71099052549107E-06
315	196.400076504137	-0.0811767578125	-0.0811767578125	-1.87408447265625E-06	-3.1683349609375E-06	-1.29425048828125E-06	1.52132102471114E-07	43315.421875	9.61714158620453E-06
316	196.450076504011	-0.086212158203125	-0.086212158203125	-1.86248779296875E-06	-3.12042236328125E-06	-1.2579345703125E-06	1.6056908691553E-07	46288.71484375	9.52372738538543E-06
317	196.500076503885	-0.09124755859375	-0.091400146484375	-1.84814453125E-06	-3.07861328125E-06	-1.23046875E-06	1.68920678333961E-07	49455.0859375	9.43096165428869E-06
318	196.550076503759	-0.096282958984375	-0.096343994140625	-1.8316650390625E-06	-3.04046630859375E-06	-1.20880126953125E-06	1.76469924895173E-07	52599.1328125	9.33896626520436E-06
319	196.600076503633	-0.101318359375	-0.101531982421875	-1.81488037109375E-06	-3.0059814453125E-06	-1.19110107421875E-06	1.8426840142638E-07	55944.17578125	9.24780215427745E-06
320	196.650076503506	-0.106353759765625	-0.10650634765625	-1.79534912109375E-06	-2.974853515625E-06	-1.17950439453125E-06	1.91216074085787E-07	59323.4765625	9.15754662855761E-06
321	196.70007650338	-0.11138916015625	-0.111480712890625	-1.77734375E-06	-2.94769287109375E-06	-1.17034912109375E-06	1.98139545659615E-07	62723.21484375	9.06822970137E-06
322	196.750076503254	-0.116424560546875	-0.11639404296875	-1.75933837890625E-06	-2.9241943359375E-06	-1.16485595703125E-06	2.04776512191529E-07	66157.8515625	8.97981226444244E-06
323	196.800076503128	-0.1214599609375	-0.12152099609375	-1.74102783203125E-06	-2.90313720703125E-06	-1.162109375E-06	2.11571432373603E-07	69798.4296875	8.89230341272196E-06
324	196.850076503001	-0.126495361328125	-0.12652587890625	-1.72027587890625E-06	-2.88238525390625E-06	-1.162109375E-06	2.1765940516616E-07	73549.765625	8.80577044881647E-06
325	196.900076502875	-0.13153076171875	-0.131744384765625	-1.70257568359375E-06	-2.8668212890625E-06	-1.16424560546875E-06	2.24304784524065E-07	77379.4609375	8.72019973030547E-06
326	196.950076502749	-0.136566162109375	-0.13671875	-1.68243408203125E-06	-2.852783203125E-06	-1.17034912109375E-06	2.30020276603682E-07	81262.4765625	8.6355739767896E-06
327	197.000076502623	-0.1416015625	-0.141845703125	-1.6644287109375E-06	-2.8387451171875E-06	-1.17431640625E-06	2.36092049021863E-07	85221.859375	8.5519022832159E-06
328	197.050076502496	-0.146636962890625	-0.146759033203125	-1.64794921875E-06	-2.8271484375E-06	-1.17919921875E-06	2.41851410009986E-07	89055.5625	8.46909279061947E-06
329	197.10007650237	-0.15167236328125	-0.15167236328125	-1.63116455078125E-06	-2.81585693359375E-06	-1.1846923828125E-06	2.47402567765675E-07	92984.1015625	8.38711548567517E-06
330	197.150076502244	-0.156707763671875	-0.15667724609375	-1.61529541015625E-06	-2.81005859375E-06	-1.19476318359375E-06	2.53080031598074E-07	96996.0390625	8.30595399747835E-06
331	197.200076502118	-0.1617431640625	-0.161773681640625	-1.6009521484375E-06	-2.8033447265625E-06	-1.202392578125E-06	2.58991917689855E-07	101048.421875	8.22554738988401E-06
332	197.250076501991	-0.166778564453125	-0.166961669921875	-1.585693359375E-06	-2.79876708984375E-06	-1.21307373046875E-06	2.64750013911907E-07	105292.53125	8.14588111097692E-06
333	197.300076501865	-0.17181396484375	-0.1719970703125	-1.571044921875E-06	-2.79510498046875E-06	-1.22406005859375E-06	2.70215110731442E-07	109479.4140625	8.06696334620938E-06
334	197.350076501739	-0.176849365234375	-0.177032470703125	-1.5576171875E-06	-2.7923583984375E-06	-1.2347412109375E-06	2.75748817557542E-07	113655.9609375	7.98874680185691E-06
335	197.400076501613	-0.181884765625	-0.182037353515625	-1.546630859375E-06	-2.791748046875E-06	-1.2451171875E-06	2.81544600966299E-07	117699.2890625	7.91114052844932E-06
336	197.450076501486	-0.186920166015625	-0.187103271484375	-1.5350341796875E-06	-2.79205322265625E-06	-1.25701904296875E-06	2.87209900307062E-07	121888.671875	7.83409905125154E-06
337	197.50007650136	-0.19195556640625	-0.191925048828125	-1.52435302734375E-06	-2.7935791015625E-06	-1.26922607421875E-06	2.9256153766255E-07	125905.90625	7.75761418481125E-06
338	197.550076501234	-0.196990966796875	-0.196990966796875	-1.5142822265625E-06	-2.7960205078125E-06	-1.28173828125E-06	2.98299909218258E-07	130088.6796875	7.68164773035096E-06
339	197.600076501108	-0.2020263671875	-0.20208740234375	-1.50634765625E-06	-2.80059814453125E-06	-1.29425048828125E-06	3.04413873664089E-07	134157.21875	7.60613238526275E-06
340	197.650076500982	-0.207061767578125	-0.20721435546875	-1.49658203125E-06	-2.80609130859375E-06	-1.30950927734375E-06	3.10113250634458E-07	138458.40625	7.53105905459961E-06
341	197.700076500855	-0.21209716796875	-0.2122802734375	-1.490478515625E-06	-2.8131103515625E-06	-1.3226318359375E-06	3.16399166422343E-07	142424.25	7.45638271837379E-06
342	197.750076500729	-0.217132568359375	-0.21734619140625	-1.4837646484375E-06	-2.82012939453125E-06	-1.33636474609375E-06	3.22490592452596E-07	146482.921875	7.38202652428299E-06
343	197.800076500603	-0.22216796875	-0.2222900390625	-1.47979736328125E-06	-2.8302001953125E-06	-1.35040283203125E-06	3.2894419632612E-07	150216.546875	7.30793772163452E-06
344	197.850076500477	-0.227203369140625	-0.227325439453125	-1.474609375E-06	-2.83905029296875E-06	-1.36444091796875E-06	3.35216213898093E-07	154159.765625	7.23407720215619E-06
345	197.90007650035	-0.23223876953125	-0.23211669921875	-1.47125244140625E-06	-2.8497314453125E-06	-1.37847900390625E-06	3.41502243372815E-07	157768.109375	7.16043086868012E-06
346	197.950076500224	-0.237274169921875	-0.237213134765625	-1.46759033203125E-06	-2.861328125E-06	-1.39373779296875E-06	3.48131692362585E-07	161634.4375	7.08695961293415E-06
347	198.000076500098	-0.2423095703125	-0.24224853515625	-1.466064453125E-06	-2.874755859375E-06	-1.40869140625E-06	3.55151968278733E-07	165237.3125	7.01361841493053E-06
348	198.050076499972	-0.247344970703125	-0.247406005859375	-1.46575927734375E-06	-2.8887939453125E-06	-1.42303466796875E-06	3.62637649686803E-07	168790.34375	6.940322691662E-06
349	198.100076499845	-0.25238037109375	-0.2525634765625	-1.46331787109375E-06	-2.90557861328125E-06	-1.4422607421875E-06	3.6958064697501E-07	172596.453125	6.86709563524346E-06
350	198.150076499719	-0.257415771484375	-0.257568359375	-1.46331787109375E-06	-2.92083740234375E-06	-1.45751953125E-06	3.76904381482746E-07	176016.6875	6.79392996971728E-06
351	198.200076499593	-0.262451171875	-0.26263427734375	-1.4654541015625E-06	-2.9376220703125E-06	-1.47216796875E-06	3.84878461545668E-07	179217	6.7207106440037E-06
352	198.250076499467	-0.267486572265625	-0.2677001953125	-1.46636962890625E-06	-2.9559326171875E-06	-1.48956298828125E-06	3.92547406136146E-07	182559.84375	6.64741492073517E-06
353	198.30007649934	-0.27252197265625	-0.272613525390625	-1.47064208984375E-06	-2.97210693359375E-06	-1.50146484375E-06	4.00916917442373E-07	185370.421875	6.57398959447164E-06
354	198.350076499214	-0.277557373046875	-0.277435302734375	-1.47369384765625E-06	-2.9901123046875E-06	-1.51641845703125E-06	4.08854702982353E-07	188258.4375	6.50038145977305E-06
355	198.400076499088	-0.2825927734375	-0.28253173828125	-1.47674560546875E-06	-3.00994873046875E-06	-1.533203125E-06	4.17227482785165E-07	191320.53125	6.42662052996457E-06
356	198.450076498962	-0.287628173828125	-0.2874755859375	-1.48162841796875E-06	-3.0279541015625E-06	-1.54632568359375E-06	4.2593197235874E-07	194026.78125	6.35266087556374E-06
357	198.500076498835	-0.29266357421875	-0.292877197265625	-1.485595703125E-06	-3.046875E-06	-1.561279296875E-06	4.35097092577053E-07	197144.625	6.27848021395039E-06
358	198.550076498709	-0.297698974609375	-0.297760009765625	-1.490478515625E-06	-3.06396484375E-06	-1.573486328125E-06	4.43804879068921E-07	199774.78125	6.2040785451245E-06
359	198.600076498583	-0.302734375	-0.302764892578125	-1.4959716796875E-06	-3.0810546875E-06	-1.5850830078125E-06	4.52927707783601E-07	202386.78125	6.12941721556126E-06
360	198.650076498457	-0.307769775390625	-0.30792236328125	-1.50238037109375E-06	-3.0987548828125E-06	-1.59637451171875E-06	4.6261649799817E-07	204956.328125	6.05445848123054E-06
361	198.700076498331	-0.31280517578125	-0.31304931640625	-1.50726318359375E-06	-3.11553955078125E-06	-1.6082763671875E-06	4.71847698690908E-07	207693.875	5.97921734879492E-06
362	198.750076498204	-0.317840576171875	-0.317840576171875	-1.5130615234375E-06	-3.1304931640625E-06	-1.617431640625E-06	4.80912376588094E-07	210064.546875	5.90370927966433E-06
363	198.800076498078	-0.3228759765625	-0.322784423828125	-1.52130126953125E-06	-3.145751953125E-06	-1.62445068359375E-06	4.9105233301816E-07	212176.53125	5.82785014557885E-06
364	198.850076497952	-0.327911376953125	-0.32794189453125	-1.527099609375E-06	-3.16009521484375E-06	-1.63299560546875E-06	5.0079995617125E-07	214748.203125	5.75164040128584E-06
365	198.900076497826	-0.33294677734375	-0.333038330078125	-1.531982421875E-06	-3.17291259765625E-06	-1.64093017578125E-06	5.10208849391347E-07	217390.4375	5.67516326555051E-06
366	198.950076497699	-0.337982177734375	-0.33807373046875	-1.5362548828125E-06	-3.1842041015625E-06	-1.64794921875E-06	5.19367404194782E-07	220063.5625	5.59845739189768E-06
367	199.000076497573	-0.343017578125	-0.34320068359375	-1.54022216796875E-06	-3.19427490234375E-06	-1.654052734375E-06	5.28605255567527E-07	222825.453125	5.5215455176949E-06
368	199.050076497447	-0.348052978515625	-0.348297119140625	-1.5460205078125E-06	-3.20465087890625E-06	-1.65863037109375E-06	5.38474466793559E-07	225286.21875	5.4443894441647E-06
369	199.100076497321	-0.35308837890625	-0.353240966796875	-1.54754638671875E-06	-3.21044921875E-06	-1.66290283203125E-06	5.46656792721478E-07	228258.71875	5.36705010745209E-06
370	199.150076497194	-0.358123779296875	-0.358123779296875	-1.5533447265625E-06	-3.2177734375E-06	-1.6644287109375E-06	5.56289649011887E-07	230550.109375	5.28952796230442E-06
371	199.200076497068	-0.3631591796875	-0.363037109375	-1.556396484375E-06	-3.22265625E-06	-1.666259765625E-06	5.6502966572225E-07	233254.90625	5.21178435519687E-06
372	199.250076496942	-0.368194580078125	-0.3681640625	-1.55731201171875E-06	-3.22601318359375E-06	-1.668701171875E-06	5.73346312648937E-07	236409.953125	5.13394161316683E-06
373	199.300076496816	-0.37322998046875	-0.373199462890625	-1.55975341796875E-06	-3.22845458984375E-06	-1.668701171875E-06	5.82099119128543E-07	239268.25	5.05601474287687E-06
374	199.350076496689	-0.378265380859375	-0.37841796875	-1.558837890625E-06	-3.231201171875E-06	-1.67236328125E-06	5.89892238167522E-07	242756.46875	4.97805012855679E-06
375	199.400076496563	-0.38330078125	-0.38348388671875	-1.558837890625E-06	-3.2318115234375E-06	-1.6729736328125E-06	5.9778921013276E-07	246006.265625	4.90010825160425E-06
376	199.450076496437	-0.388336181640625	-0.38848876953125	-1.5594482421875E-06	-3.23089599609375E-06	-1.67144775390625E-06	6.05828120114893E-07	249119.390625	4.82215091324179E-06
377	199.500076496311	-0.39337158203125	-0.3934326171875	-1.5594482421875E-06	-3.22998046875E-06	-1.6705322265625E-06	6.13537793014984E-07	252289.640625	4.74417856821674E-06
378	199.550076496184	-0.398406982421875	-0.398468017578125	-1.558837890625E-06	-3.2293701171875E-06	-1.6705322265625E-06	6.21147023593949E-07	255618.640625	4.66622168460162E-06
379	199.600076496058	-0.4034423828125	-0.40338134765625	-1.55792236328125E-06	-3.22601318359375E-06	-1.6680908203125E-06	6.28436794158915E-07	258922.625	4.58830254501663E-06
380	199.650076495932	-0.408477783203125	-0.408477783203125	-1.55426025390625E-06	-3.22265625E-06	-1.66839599609375E-06	6.34880734651233E-07	262811.71875	4.51049800176406E-06
381	199.700076495806	-0.41351318359375	-0.413421630859375	-1.552734375E-06	-3.218994140625E-06	-1.666259765625E-06	6.4193397975032E-07	266253.9375	4.4328230615065E-06
382	199.75007649568	-0.418548583984375	-0.418670654296875	-1.5484619140625E-06	-3.21563720703125E-06	-1.66717529296875E-06	6.48295554128708E-07	270378.40625	4.35529318565386E-06
383	199.800076495553	-0.423583984375	-0.42376708984375	-1.54754638671875E-06	-3.21197509765625E-06	-1.6644287109375E-06	6.55799226478848E-07	273831.59375	4.27789291279623E-06
384	199.850076495427	-0.428619384765625	-0.42877197265625	-1.54327392578125E-06	-3.20709228515625E-06	-1.663818359375E-06	6.61712590499519E-07	277832.71875	4.20062269768096E-06
385	199.900076495301	-0.43365478515625	-0.433746337890625	-1.54083251953125E-06	-3.203125E-06	-1.66229248046875E-06	6.68330471853551E-07	281501.28125	4.1235198295908E-06
386	199.950076495175	-0.438690185546875	-0.438690185546875	-1.5374755859375E-06	-3.1976318359375E-06	-1.66015625E-06	6.74475415962661E-07	285331.5	4.04656202590559E-06
387	200.000076495048	-0.4437255859375	-0.443695068359375	-1.53411865234375E-06	-3.1915283203125E-06	-1.65740966796875E-06	6.80680841469439E-07	289218.21875	3.9697724787402E-06
388	200.050076494922	-0.448760986328125	-0.448760986328125	-1.5313720703125E-06	-3.1866455078125E-06	-1.6552734375E-06	6.87220051531767E-07	293045.03125	3.89313481719E-06
389	200.100076494796	-0.45379638671875	-0.453857421875	-1.5277099609375E-06	-3.18267822265625E-06	-1.65496826171875E-06	6.93362494530447E-07	297083.5	3.81665813620202E-06
390	200.15007649467	-0.458831787109375	-0.4591064453125	-1.5228271484375E-06	-3.1768798828125E-06	-1.654052734375E-06	6.99139718562947E-07	301482.96875	3.74039450434793E-06
391	200.200076494543	-0.4638671875	-0.464080810546875	-1.51947021484375E-06	-3.17352294921875E-06	-1.654052734375E-06	7.05156935509876E-07	305422.78125	3.66433710041747E-06
392	200.250076494417	-0.468902587890625	-0.46893310546875	-1.51458740234375E-06	-3.167724609375E-06	-1.65313720703125E-06	7.10240158241504E-07	309611.125	3.58848569703696E-06
393	200.300076494291	-0.47393798828125	-0.47381591796875	-1.51214599609375E-06	-3.1658935546875E-06	-1.65374755859375E-06	7.16478837148316E-07	313340.0625	3.51281732946518E-06
394	200.350076494165	-0.478973388671875	-0.479034423828125	-1.50604248046875E-06	-3.16314697265625E-06	-1.6571044921875E-06	7.21446156148886E-07	318075	3.43736269314832E-06
395	200.400076494038	-0.4840087890625	-0.484039306640625	-1.502685546875E-06	-3.1622314453125E-06	-1.6595458984375E-06	7.2735889489195E-07	322116.15625	3.36214452545391E-06
396	200.450076493912	-0.489044189453125	-0.48919677734375	-1.49749755859375E-06	-3.16253662109375E-06	-1.6650390625E-06	7.32570924810716E-07	326676.1875	3.28713986164075E-06
397	200.500076493786	-0.49407958984375	-0.49420166015625	-1.494140625E-06	-3.16436767578125E-06	-1.67022705078125E-06	7.38406754408061E-07	330759.8125	3.21234892908251E-06
398	200.55007649366	-0.499114990234375	-0.499267578125	-1.4898681640625E-06	-3.1658935546875E-06	-1.676025390625E-06	7.43842861083976E-07	335108.5625	3.13774876303796E-06
