Potential - Start -0.205 V, Stop 1.505 V, Step 0.005 V; Modulation - Amplitude 0.05 V, Time 0.025 s, Interval time 0.05 s
Index	Base.Time (s)	Potential applied (V)	WE(1).Base.Potential (V)	WE(1).Base.Current (A)	WE(1).Pulse.Current (A)	WE(1).δ.Current (A)	WE(1).Base.Power (W)	WE(1).Base.Resistance (Ω)	WE(1).Base.Charge (C)
1	140.494358645286	-0.204925537109375		-4.6234130859375E-07	3.0364990234375E-07	7.659912109375E-07	9.46185494399288E-08	442640.28125	0
2	140.54435864516	-0.19989013671875		-6.884765625E-07	2.72521972656251E-07	9.6099853515625E-07	1.37451579007575E-07	289982.28125	-2.87704455814719E-08
3	140.594358645033	-0.194854736328125		-6.884765625E-07	2.8076171875E-07	9.6923828125E-07	1.34047851929608E-07	282801.4375	-6.31942711493139E-08
4	140.644358644907	-0.1898193359375		-6.7718505859375E-07	2.9571533203125E-07	9.72900390625001E-07	1.28439481272835E-07	280081.125	-9.73358069700225E-08
5	140.694358644781	-0.184783935546875		-6.6497802734375E-07	3.11889648437499E-07	9.7686767578125E-07	1.22796080859189E-07	277696.1875	-1.30889887373087E-07
6	140.744358644655	-0.17974853515625		-6.5277099609375E-07	3.2989501953125E-07	9.82666015625E-07	1.1723502524319E-07	275128.5625	-1.63833618671561E-07
7	140.794358644528	-0.174713134765625		-6.4056396484375E-07	3.48510742187499E-07	9.8907470703125E-07	1.11817193726438E-07	272510.71875	-1.96166979549162E-07
8	140.844358644402	-0.169677734375		-6.3018798828125E-07	3.680419921875E-07	9.9822998046875E-07	1.06832708013371E-07	269007.28125	-2.27935785801492E-07
9	140.894358644276	-0.164642333984375		-6.21337890625E-07	3.88488769531251E-07	1.00982666015625E-06	1.02241628496813E-07	264833.03125	-2.59223924103935E-07
10	140.94435864415	-0.15960693359375		-6.134033203125E-07	4.11376953125001E-07	1.0247802734375E-06	9.77911014388155E-08	259900.5	-2.90092458499203E-07
11	140.994358644023	-0.154571533203125		-6.06384277343749E-07	4.35791015625001E-07	1.04217529296875E-06	9.3655728505837E-08	254705.59375	-3.20587133728623E-07
12	141.044358643897	-0.1495361328125		-6.011962890625E-07	4.62951660156249E-07	1.06414794921875E-06	8.98455283504518E-08	248578.671875	-3.50776673485598E-07
13	141.094358643771	-0.144500732421875		-5.96923828125E-07	4.93469238281249E-07	1.09039306640625E-06	8.62194937667482E-08	241973.421875	-3.80729659354984E-07
14	141.144358643645	-0.13946533203125		-5.950927734375E-07	5.279541015625E-07	1.123046875E-06	8.2940331935788E-08	234205.125	-4.10530077488147E-07
15	141.194358643519	-0.134429931640625		-5.950927734375E-07	5.6732177734375E-07	1.16241455078125E-06	7.9907479744179E-08	225641.015625	-4.40284708247418E-07
16	141.244358643392	-0.12939453125		-5.96923828125E-07	6.1248779296875E-07	1.20941162109375E-06	7.72022445971743E-08	216666.671875	-4.70085126380582E-07
17	141.294358643266	-0.124359130859375		-6.0150146484375E-07	6.6497802734375E-07	1.2664794921875E-06	7.47471275985845E-08	206595.65625	-5.00045757689804E-07
18	141.34435864314	-0.11932373046875		-6.085205078125E-07	7.2601318359375E-07	1.33453369140625E-06	7.25366575693442E-08	195887.65625	-5.30296290435217E-07
19	141.394358643014	-0.114288330078125		-6.1920166015625E-07	7.95898437500001E-07	1.41510009765625E-06	7.06919394133365E-08	184376.53125	-5.60989349196461E-07
20	141.444358642887	-0.1092529296875		-6.33850097656249E-07	8.76464843749999E-07	1.51031494140625E-06	6.92112962497049E-08	172267.6875	-5.92315643643815E-07
21	141.494358642761	-0.104217529296875		-6.52465820312501E-07	9.6954345703125E-07	1.62200927734375E-06	6.79187266428016E-08	159541.625	-6.24473557309102E-07
22	141.544358642635	-0.09918212890625		-6.7626953125E-07	1.075439453125E-06	1.751708984375E-06	6.69912978423781E-08	146480.15625	-6.57691941796656E-07
23	141.594358642509	-0.094146728515625		-7.06787109375E-07	1.19781494140625E-06	1.90460205078125E-06	6.64769856939529E-08	133074.265625	-6.92268372404214E-07
24	141.644358642382	-0.089111328125		-7.40661621093749E-07	1.337890625E-06	2.07855224609375E-06	6.59561365523587E-08	120230.734375	-7.28454551790492E-07
25	141.694358642256	-0.084075927734375		-7.8155517578125E-07	1.49688720703125E-06	2.2784423828125E-06	6.56861232073425E-08	107536.1171875	-7.66509970162588E-07
26	141.74435864213	-0.07904052734375		-8.2855224609375E-07	1.6741943359375E-06	2.50274658203125E-06	6.54639222830156E-08	95359.1171875	-8.06762670890748E-07
27	141.794358642004	-0.074005126953125		-8.819580078125E-07	1.86859130859375E-06	2.75054931640625E-06	6.51886651326095E-08	83806.2265625	-8.49525463308964E-07
28	141.844358641877	-0.0689697265625		-9.40551757812499E-07	2.081298828125E-06	3.0218505859375E-06	6.48121911694943E-08	73264.1171875	-8.95088192010007E-07
29	141.894358641751	-0.063934326171875		-1.00555419921875E-06	2.3114013671875E-06	3.31695556640625E-06	6.4166677304911E-08	63459.7890625	-9.43740815273486E-07
30	141.944358641625	-0.05889892578125		-1.07391357421875E-06	2.55462646484375E-06	3.6285400390625E-06	6.31540331141878E-08	54759.87890625	-9.95727532426827E-07
31	141.994358641499	-0.053863525390625		-1.14410400390625E-06	2.808837890625E-06	3.95294189453125E-06	6.14508977037076E-08	46945.8515625	-1.05117794646503E-06
32	142.044358641372	-0.048828125		-1.21185302734375E-06	3.0712890625E-06	4.28314208984375E-06	5.89839004305759E-08	40163.6875	-1.11007682335185E-06
33	142.094358641246	-0.043792724609375		-1.2823486328125E-06	3.3349609375E-06	4.6173095703125E-06	5.5977526614015E-08	34040.93359375	-1.17243189379224E-06
34	142.14435864112	-0.03875732421875		-1.34368896484375E-06	3.594970703125E-06	4.93865966796875E-06	5.18727567566657E-08	28730.412109375	-1.23808285934501E-06
35	142.194358640994	-0.033721923828125		-1.39434814453125E-06	3.8458251953125E-06	5.24017333984375E-06	4.68286174282184E-08	24086.232421875	-1.30653381802404E-06
36	142.244358640868	-0.0286865234375		-1.4306640625E-06	4.0826416015625E-06	5.5133056640625E-06	4.08748697111605E-08	19970.13671875	-1.37715915116132E-06
37	142.294358640741	-0.023651123046875		-1.4495849609375E-06	4.2938232421875E-06	5.743408203125E-06	3.41162085248925E-08	16235.7900390625	-1.44916532462958E-06
38	142.344358640615	-0.01861572265625		-1.44927978515625E-06	4.47998046875E-06	5.92926025390625E-06	2.68113211632226E-08	12764.7939453125	-1.52163693201146E-06
39	142.394358640489	-0.013580322265625		-1.42425537109375E-06	4.632568359375E-06	6.05682373046875E-06	1.92071052396159E-08	9468.609375	-1.59347530370724E-06
40	142.444358640363	-0.008544921875		-1.37664794921875E-06	4.74853515625E-06	6.12518310546875E-06	1.16289102791711E-08	6136.11181640625	-1.66349786923092E-06
41	142.494358640236	-0.003509521484375		-1.304931640625E-06	4.82177734375E-06	6.126708984375E-06	4.43233938440812E-09	2602.89990234375	-1.73053740581963E-06
42	142.54435864011	0.00152587890625		-1.21063232421875E-06	4.852294921875E-06	6.06292724609375E-06	-2.00983873988037E-09	-1371.3134765625	-1.7934264633368E-06
43	142.594358639984	0.006561279296875		-1.09039306640625E-06	4.840087890625E-06	5.93048095703125E-06	-7.26751236967971E-09	-6112.51025390625	-1.85095211691078E-06
44	142.644358639858	0.0115966796875		-9.57336425781249E-07	4.7821044921875E-06	5.73944091796875E-06	-1.12012568109776E-08	-12221.8681640625	-1.90214529993682E-06
45	142.694358639731	0.016632080078125		-8.10546875E-07	4.6844482421875E-06	5.4949951171875E-06	-1.35528148703656E-08	-20628.765625	-1.94634253602999E-06
46	142.744358639605	0.02166748046875		-6.5277099609375E-07	4.55322265625E-06	5.20599365234375E-06	-1.41817535492805E-08	-33281.90625	-1.98292536879308E-06
47	142.794358639479	0.026702880859375		-4.87060546875E-07	4.39453125E-06	4.881591796875E-06	-1.30371340389956E-08	-54956.13671875	-2.01142120204167E-06
48	142.844358639353	0.03173828125		-3.204345703125E-07	4.2205810546875E-06	4.541015625E-06	-1.01915551553589E-08	-99257.140625	-2.0316085738159E-06
49	142.894358639226	0.036773681640625		-1.55029296875001E-07	4.0325927734375E-06	4.1876220703125E-06	-5.7114064588859E-09	-237637.78125	-2.04349521482072E-06
50	142.9443586391	0.04180908203125		7.62939453125E-09	3.839111328125E-06	3.83148193359375E-06	3.20072246484671E-10	5498800	-2.04718003260496E-06
51	142.994358638974	0.046844482421875		1.605224609375E-07	3.64715576171875E-06	3.48663330078125E-06	7.53918705242995E-09	292585.5625	-2.04297634809336E-06
52	143.044358638848	0.0518798828125		2.99072265625E-07	3.4600830078125E-06	3.1610107421875E-06	1.55432147153078E-08	173775.515625	-2.03148647415219E-06
53	143.094358638721	0.056915283203125		4.29687500000001E-07	3.28338623046875E-06	2.85369873046875E-06	2.44820128614265E-08	132599.4375	-2.01326747628627E-06
54	143.144358638595	0.06195068359375		5.43212890625E-07	3.11614990234375E-06	2.57293701171875E-06	3.3702143298342E-08	114213.484375	-1.98894485947676E-06
55	143.194358638469	0.066986083984375		6.4208984375E-07	2.9620361328125E-06	2.3199462890625E-06	4.30306776877387E-08	104372.625	-1.95931238522462E-06
56	143.244358638343	0.072021484375		7.26318359375E-07	2.82135009765625E-06	2.09503173828125E-06	5.23105221361675E-08	99159.671875	-1.92510219676478E-06
57	143.294358638217	0.077056884765625		7.952880859375E-07	2.69195556640625E-06	1.89666748046875E-06	6.13066930554851E-08	96930.1640625	-1.88706201242894E-06
58	143.34435863809	0.08209228515625		8.5296630859375E-07	2.57568359375E-06	1.72271728515625E-06	7.00479816373445E-08	96279.0703125	-1.84585564966255E-06
59	143.394358637964	0.087127685546875		8.9691162109375E-07	2.4700927734375E-06	1.57318115234375E-06	7.82005784571993E-08	97209.9375	-1.8021087271336E-06
60	143.444358637838	0.0921630859375		9.3109130859375E-07	2.3760986328125E-06	1.44500732421875E-06	8.58690754057534E-08	99049.4921875	-1.75640866473259E-06
61	143.494358637712	0.097198486328125		9.55810546875E-07	2.291259765625E-06	1.33544921875E-06	9.29616703615466E-08	101756.0703125	-1.70923613040941E-06
62	143.544358637585	0.10223388671875		9.7320556640625E-07	2.21527099609375E-06	1.2420654296875E-06	9.94945779098089E-08	105048.609375	-1.66101074228209E-06
63	143.594358637459	0.107269287109375		9.8480224609375E-07	2.147216796875E-06	1.16241455078125E-06	1.05699143659876E-07	108986.6796875	-1.61206048687745E-06
64	143.644358637333	0.1123046875		9.9090576171875E-07	2.086181640625E-06	1.09527587890625E-06	1.11283355863634E-07	113335.390625	-1.56266776230041E-06
65	143.694358637207	0.117340087890625		9.9334716796875E-07	2.03125E-06	1.03790283203125E-06	1.16559441210029E-07	118125.9609375	-1.51306153384212E-06
66	143.74435863708	0.12237548828125		9.9212646484375E-07	1.98272705078125E-06	9.906005859375E-07	1.21442226941326E-07	123377.4296875	-1.46342460993765E-06
67	143.794358636954	0.127410888671875		9.88159179687501E-07	1.9378662109375E-06	9.49707031249999E-07	1.25962557717685E-07	128999.3828125	-1.41391751640185E-06
68	143.844358636828	0.1324462890625		9.82055664062501E-07	1.8975830078125E-06	9.1552734375E-07	1.30069622628071E-07	134866.375	-1.36466212552477E-06
69	143.894358636702	0.137481689453125		9.7564697265625E-07	1.8609619140625E-06	8.85314941406251E-07	1.34133586016105E-07	140913.359375	-1.3157196008251E-06
70	143.944358636575	0.14251708984375		9.674072265625E-07	1.827392578125E-06	8.59985351562501E-07	1.37931110089085E-07	147381.703125	-1.26714326142974E-06
71	143.994358636449	0.147552490234375		9.5855712890625E-07	1.79656982421875E-06	8.380126953125E-07	1.41466728109663E-07	153963.71875	-1.21899415717053E-06
72	144.044358636323	0.152587890625		9.4940185546875E-07	1.76910400390625E-06	8.197021484375E-07	1.44896205256373E-07	160752.171875	-1.17129513910186E-06
73	144.094358636197	0.157623291015625		9.39331054687501E-07	1.7431640625E-06	8.03833007812499E-07	1.48089114304639E-07	167836.265625	-1.12407678898307E-06
74	144.14435863607	0.16265869140625		9.30175781250001E-07	1.71905517578125E-06	7.8887939453125E-07	1.51357951949649E-07	174934.390625	-1.07733910681418E-06
75	144.194358635944	0.167694091796875		9.20715332031249E-07	1.69708251953125E-06	7.763671875E-07	1.5442661549514E-07	182167.71875	-1.03106685855892E-06
76	144.244358635818	0.1727294921875		9.11865234375001E-07	1.6766357421875E-06	7.647705078125E-07	1.57561672153861E-07	189491.3125	-9.85252313512319E-07
77	144.294358635692	0.177764892578125		9.02099609375E-07	1.65740966796875E-06	7.5531005859375E-07	1.60444230346002E-07	197158.328125	-9.39903259222774E-07
78	144.344358635566	0.18280029296875		8.929443359375E-07	1.639404296875E-06	7.464599609375E-07	1.63257723784227E-07	204750.53125	-8.95027142178151E-07
79	144.394358635439	0.187835693359375		8.8470458984375E-07	1.6229248046875E-06	7.3822021484375E-07	1.66233093068513E-07	212383.59375	-8.50585934131232E-07
80	144.444358635313	0.19287109375		8.758544921875E-07	1.60675048828125E-06	7.3089599609375E-07	1.68953746992884E-07	220243.90625	-8.0657196122047E-07
81	144.494358635187	0.197906494140625		8.67919921875E-07	1.5911865234375E-06	7.232666015625E-07	1.71819948491247E-07	228094.25	-7.62977606427739E-07
82	144.544358635061	0.20294189453125		8.6029052734375E-07	1.57684326171875E-06	7.16552734374999E-07	1.7456272871641E-07	235863.78125	-7.19772344837111E-07
83	144.594358634934	0.207977294921875		8.52355957031251E-07	1.563720703125E-06	7.1136474609375E-07	1.77296698211649E-07	244038.671875	-6.76956176448584E-07
84	144.644358634808	0.2130126953125		8.453369140625E-07	1.5509033203125E-06	7.05566406249999E-07	1.80093294943617E-07	252021.671875	-6.34513867225905E-07
85	144.694358634682	0.218048095703125		8.380126953125E-07	1.5386962890625E-06	7.0068359375E-07	1.82727063702259E-07	260196.65625	-5.92430126289401E-07
86	144.744358634556	0.22308349609375		8.32214355468749E-07	1.5277099609375E-06	6.9549560546875E-07	1.85678672437462E-07	268096.8125	-5.50674428723141E-07
87	144.794358634429	0.228118896484375		8.251953125E-07	1.51641845703125E-06	6.9122314453125E-07	1.88267819112298E-07	276479.3125	-5.09239214352419E-07
88	144.844358634303	0.233154296875		8.197021484375E-07	1.50634765625E-06	6.866455078125E-07	1.91117067060986E-07	284437.84375	-4.6811675247227E-07
89	144.894358634177	0.238189697265625		8.13903808593749E-07	1.4959716796875E-06	6.8206787109375E-07	1.9386349947581E-07	292650.9375	-4.27276631853601E-07
90	144.944358634051	0.24322509765625		8.0841064453125E-07	1.4862060546875E-06	6.7779541015625E-07	1.96625748571932E-07	300868.25	-3.86718767231287E-07
91	144.994358633924	0.248260498046875		8.026123046875E-07	1.47705078125E-06	6.744384765625E-07	1.99256930955016E-07	309315.59375	-3.46443187027035E-07
92	145.044358633798	0.2532958984375		7.97424316406251E-07	1.468505859375E-06	6.71081542968749E-07	2.01935634436268E-07	317566	-3.06442274222718E-07
93	145.094358633672	0.258331298828125		7.92236328125E-07	1.46087646484375E-06	6.6864013671875E-07	2.04635270506515E-07	326040.0625	-2.66700766360373E-07
94	145.144358633546	0.26336669921875		7.8765869140625E-07	1.45355224609375E-06	6.65893554687501E-07	2.07467110158177E-07	334405.28125	-2.27203372560325E-07
95	145.194358633419	0.268402099609375		7.8277587890625E-07	1.4459228515625E-06	6.63146972656251E-07	2.10122578891969E-07	342923.96875	-1.87942518437012E-07
96	145.244358633293	0.2734375		7.7850341796875E-07	1.43890380859375E-06	6.60400390625E-07	2.12872024007993E-07	351234.8125	-1.48910530128887E-07
97	145.294358633167	0.278472900390625		7.7392578125E-07	1.43157958984375E-06	6.5765380859375E-07	2.15517346191518E-07	359818.625	-1.10099797723251E-07
98	145.344358633041	0.28350830078125		7.6904296875E-07	1.42578125E-06	6.56738281249999E-07	2.18053529010831E-07	368690.46875	-7.15255836780671E-08
99	145.394358632915	0.288543701171875		7.6507568359375E-07	1.41998291015625E-06	6.54907226562501E-07	2.20781103621448E-07	377183.90625	-3.31726184299441E-08
100	145.444358632788	0.2935791015625		7.60803222656251E-07	1.41387939453125E-06	6.53076171875E-07	2.23402352617086E-07	385960.71875	4.97435337365459E-09
101	145.494358632662	0.298614501953125		7.5714111328125E-07	1.40899658203125E-06	6.5185546875E-07	2.26093305855102E-07	394397.4375	4.29229594089975E-08
102	145.544358632536	0.30364990234375		7.52868652343749E-07	1.40411376953125E-06	6.512451171875E-07	2.28608485031145E-07	403323.875	8.06732032287982E-08
103	145.59435863241	0.308685302734375		7.4920654296875E-07	1.39984130859375E-06	6.50634765625E-07	2.31223324931307E-07	411934.8125	1.18225081280343E-07
104	145.644358632283	0.313720703125		7.45849609375E-07	1.395263671875E-06	6.49414062499999E-07	2.33988458830936E-07	420621.9375	1.55601483697865E-07
105	145.694358632157	0.318756103515625		7.421875E-07	1.39190673828125E-06	6.4971923828125E-07	2.36599433378615E-07	429523.03125	1.9280241758679E-07
106	145.744358632031	0.32379150390625		7.391357421875E-07	1.3885498046875E-06	6.494140625E-07	2.3932585691E-07	438067.71875	2.2983549285982E-07
107	145.794358631905	0.328826904296875		7.3577880859375E-07	1.3848876953125E-06	6.49108886718751E-07	2.41943865830763E-07	446910.03125	2.66708354956791E-07
108	145.844358631778	0.3338623046875		7.3211669921875E-07	1.3818359375E-06	6.4971923828125E-07	2.44493179479832E-07	456148.40625	3.03405727208883E-07
109	145.894358631652	0.338897705078125		7.28454589843749E-07	1.37908935546875E-06	6.50634765625001E-07	2.46893819166871E-07	465270.25	3.39920035230534E-07
110	145.944358631526	0.34393310546875		7.25708007812501E-07	1.37725830078125E-06	6.5155029296875E-07	2.49594990009427E-07	473927.6875	3.76274073232707E-07
111	145.9943586314	0.348968505859375		7.232666015625E-07	1.3751220703125E-06	6.5185546875E-07	2.523751732042E-07	482447.28125	4.12498451396459E-07
112	146.044358631273	0.35400390625		7.19604492187501E-07	1.373291015625E-06	6.536865234375E-07	2.54720845305201E-07	491899.90625	4.48570233402279E-07
113	146.094358631147	0.359039306640625		7.1685791015625E-07	1.3714599609375E-06	6.5460205078125E-07	2.57358266253505E-07	500808.875	4.8448180223204E-07
114	146.144358631021	0.36407470703125		7.14111328125E-07	1.36962890625E-06	6.55517578125001E-07	2.60011660202508E-07	509871.8125	5.20256037361833E-07
115	146.194358630895	0.369110107421875		7.1136474609375E-07	1.36810302734375E-06	6.56738281250001E-07	2.62550202023704E-07	518833.125	5.55892938791658E-07
116	146.244358630768	0.3741455078125		7.08923339843751E-07	1.3665771484375E-06	6.5765380859375E-07	2.65197201088085E-07	527679.75	5.91400123539643E-07
117	146.294358630642	0.379180908203125		7.06787109375E-07	1.36505126953125E-06	6.58264160156251E-07	2.68043322648737E-07	536571.6875	6.26792882485461E-07
118	146.344358630516	0.38421630859375		7.049560546875E-07	1.3641357421875E-06	6.591796875E-07	2.70877137609205E-07	545064.9375	6.62086449665367E-07
119	146.39435863039	0.389251708984375		7.03125E-07	1.3629150390625E-06	6.59790039062499E-07	2.7369262056709E-07	553602.4375	6.97288498940907E-07
120	146.444358630264	0.394287109375		7.01293945312501E-07	1.3616943359375E-06	6.60400390624999E-07	2.76511144647884E-07	562228.0625	7.32398973468662E-07
121	146.494358630137	0.399322509765625		6.988525390625E-07	1.361083984375E-06	6.622314453125E-07	2.79046219020529E-07	571353.6875	7.67402639212378E-07
122	146.544358630011	0.40435791015625		6.976318359375E-07	1.3604736328125E-06	6.62841796875001E-07	2.8209294100634E-07	579615.0625	8.02314730208309E-07
123	146.594358629885	0.409393310546875		6.9610595703125E-07	1.36016845703125E-06	6.640625E-07	2.84959867258294E-07	588075.4375	8.37158154354256E-07
124	146.644358629759	0.4144287109375		6.94885253906249E-07	1.36016845703125E-06	6.65283203125E-07	2.8798038442801E-07	596398.8125	8.71932968493638E-07
125	146.694358629632	0.419464111328125		6.9305419921875E-07	1.36016845703125E-06	6.671142578125E-07	2.90732515395575E-07	605284.0625	9.0663144192149E-07
126	146.744358629506	0.42449951171875		6.9122314453125E-07	1.3604736328125E-06	6.69250488281251E-07	2.93381702931583E-07	614039.75	9.41238340601558E-07
127	146.79435862938	0.429534912109375		6.89086914062501E-07	1.361083984375E-06	6.71997070312499E-07	2.95965861596414E-07	623294.9375	9.75746161202551E-07
128	146.844358629254	0.4345703125		6.87561035156251E-07	1.36199951171875E-06	6.744384765625E-07	2.98793594311064E-07	632046.1875	1.01016235021234E-06
129	146.894358629127	0.439605712890625		6.86035156250001E-07	1.36383056640625E-06	6.7779541015625E-07	3.01605894037493E-07	640836.3125	1.04450225535402E-06
130	146.944358629001	0.44464111328125		6.8328857421875E-07	1.3653564453125E-06	6.8206787109375E-07	3.03880739238593E-07	650870.9375	1.07873529486824E-06
131	146.994358628875	0.449676513671875		6.81457519531251E-07	1.36749267578125E-06	6.86035156249999E-07	3.06414619899442E-07	659829.875	1.11285396542371E-06
132	147.044358628749	0.4547119140625		6.79931640625001E-07	1.3702392578125E-06	6.903076171875E-07	3.09193779912675E-07	668806.125	1.14688873509294E-06
133	147.094358628622	0.459747314453125		6.7779541015625E-07	1.37359619140625E-06	6.9580078125E-07	3.11614627435119E-07	678298.0625	1.18083187317097E-06
134	147.144358628496	0.46478271484375		6.75354003906251E-07	1.37725830078125E-06	7.01904296875E-07	3.13872249080305E-07	688160.875	1.21466064229026E-06
135	147.19435862837	0.469818115234375		6.72302246093751E-07	1.3818359375E-06	7.0953369140625E-07	3.15839258746564E-07	698774.4375	1.24835196402273E-06
136	147.244358628244	0.474853515625		6.70471191406249E-07	1.38671875E-06	7.16247558593751E-07	3.18314221203764E-07	708101.9375	1.28192129977833E-06
137	147.294358628117	0.479888916015625		6.67419433593749E-07	1.39312744140625E-06	7.25708007812501E-07	3.20266821063342E-07	718975.75	1.31536864955706E-06
138	147.344358627991	0.48492431640625		6.6497802734375E-07	1.39984130859375E-06	7.34863281249999E-07	3.22484311254811E-07	729279.5	1.34867855194898E-06
139	147.394358627865	0.489959716796875		6.622314453125E-07	1.40838623046875E-06	7.4615478515625E-07	3.24486904901278E-07	739907.875	1.38185873765906E-06
140	147.444358627739	0.4949951171875		6.58569335937501E-07	1.41754150390625E-06	7.5897216796875E-07	3.25988594340743E-07	751621.875	1.41487885230163E-06
141	147.494358627613	0.500030517578125		6.55212402343749E-07	1.42822265625E-06	7.73010253906251E-07	3.27586178627826E-07	763064.75	1.44772332077991E-06
142	147.544358627486	0.50506591796875		6.500244140625E-07	1.4410400390625E-06	7.91015625E-07	3.28285324258104E-07	776948.375	1.48035428537696E-06
143	147.59435862736	0.510101318359375		6.45751953125E-07	1.456298828125E-06	8.10546875E-07	3.29398915255297E-07	789933.875	1.51274866766471E-06
144	147.644358627234	0.51513671875		6.40258789062501E-07	1.473388671875E-06	8.331298828125E-07	3.29820778688372E-07	804575.8125	1.54489896431187E-06
145	147.694358627108	0.520172119140625		6.33850097656249E-07	1.49444580078125E-06	8.60595703125E-07	3.29711156155099E-07	820654.75	1.57675162881787E-06
146	147.744358626981	0.52520751953125		6.2713623046875E-07	1.51824951171875E-06	8.9111328125E-07	3.29357504824657E-07	837420.9375	1.60827630679705E-06
147	147.794358626855	0.530242919921875		6.18591308593749E-07	1.546630859375E-06	9.28039550781251E-07	3.27984764680878E-07	857128.8125	1.63941945174884E-06
148	147.844358626729	0.5352783203125		6.085205078125E-07	1.58050537109375E-06	9.7198486328125E-07	3.25709265780461E-07	879588.75	1.67009727647383E-06
149	147.894358626603	0.540313720703125		5.96923828125E-07	1.6204833984375E-06	1.0235595703125E-06	3.22526119589384E-07	905163.625	1.70023338341707E-06
150	147.944358626476	0.54534912109375		5.8258056640625E-07	1.66717529296875E-06	1.0845947265625E-06	3.1767422115081E-07	935987.5	1.72972102063795E-06
151	147.99435862635	0.550384521484375		5.657958984375E-07	1.722412109375E-06	1.1566162109375E-06	3.11388021145831E-07	972707.75	1.75843047145463E-06
152	148.044358626224	0.555419921875		5.45654296875001E-07	1.7864990234375E-06	1.2408447265625E-06	3.0305062637126E-07	1017841.125	1.78621667146217E-06
153	148.094358626098	0.560455322265625		5.21240234375001E-07	1.86126708984375E-06	1.34002685546875E-06	2.92131858259381E-07	1075234.25	1.81288908152055E-06
154	148.144358625971	0.56549072265625		4.913330078125E-07	1.94671630859375E-06	1.45538330078125E-06	2.77844236507008E-07	1150931.75	1.83820338861551E-06
155	148.194358625845	0.570526123046875		4.5745849609375E-07	2.04437255859375E-06	1.5869140625E-06	2.60992010225891E-07	1247164.75	1.86192312412459E-06
156	148.244358625719	0.5755615234375		4.1839599609375E-07	2.15362548828125E-06	1.7352294921875E-06	2.40812624952014E-07	1375638.25	1.88381955013028E-06
157	148.294358625593	0.580596923828125		3.77197265625E-07	2.2747802734375E-06	1.8975830078125E-06	2.18999574030931E-07	1539239.5	1.90370940345019E-06
158	148.344358625466	0.58563232421875		3.33251953124999E-07	2.4072265625E-06	2.073974609375E-06	1.95152935589249E-07	1757234.5	1.9214705844206E-06
159	148.39435862534	0.590667724609375		2.886962890625E-07	2.54974365234375E-06	2.26104736328125E-06	1.70532373999777E-07	2046088.875	1.93701930584211E-06
160	148.444358625214	0.595703125		2.42004394531251E-07	2.7020263671875E-06	2.46002197265625E-06	1.44177533911716E-07	2461790.75	1.9502867871779E-06
161	148.494358625088	0.600738525390625		1.953125E-07	2.862548828125E-06	2.667236328125E-06	1.1734366012206E-07	3076093.75	1.96121982298791E-06
162	148.544358624962	0.60577392578125		1.47705078125E-07	3.028564453125E-06	2.880859375E-06	8.94713778620826E-08	4101033	1.96979522115726E-06
163	148.594358624835	0.610809326171875		1.0040283203125E-07	3.19915771484375E-06	3.0987548828125E-06	6.13239237168273E-08	6083283	1.97599797502335E-06
164	148.644358624709	0.6158447265625		5.4931640625E-08	3.3709716796875E-06	3.3160400390625E-06	3.3824331779897E-08	11209445	1.97988129002624E-06
165	148.694358624583	0.620880126953125		1.40380859374997E-08	3.5382080078125E-06	3.524169921875E-06	8.71553940129388E-09	44226088	1.98160546460713E-06
166	148.744358624457	0.62591552734375		-2.04467773437494E-08	3.6962890625E-06	3.71673583984375E-06	-1.27979546959978E-08	-30611942	1.98144516616594E-06
167	148.79435862433	0.630950927734375		-4.51660156250006E-08	3.84246826171875E-06	3.88763427734375E-06	-2.84975385511643E-08	-13969595	1.97980489247129E-06
168	148.844358624204	0.635986328125		-5.92041015625003E-08	3.970947265625E-06	4.0301513671875E-06	-3.76511906097221E-08	-10741753	1.97719577954558E-06
169	148.894358624078	0.641021728515625		-5.950927734375E-08	4.07958984375E-06	4.13909912109375E-06	-3.8144921887806E-08	-10771282	1.97422787096002E-06
170	148.944358623952	0.64605712890625		-4.45556640624997E-08	4.1644287109375E-06	4.208984375E-06	-2.87827841560784E-08	-14498631	1.9716262613656E-06
171	148.994358623825	0.651092529296875		-1.40380859374997E-08	4.22393798828125E-06	4.23797607421875E-06	-9.13966413662592E-09	-46378264	1.97016129277472E-06
172	149.044358623699	0.6561279296875		3.204345703125E-08	4.2584228515625E-06	4.22637939453125E-06	2.10226502872501E-08	20474286	1.9706114926521E-06
173	149.094358623573	0.661163330078125		9.24682617187506E-08	4.26666259765625E-06	4.1741943359375E-06	6.1128162087698E-08	7149175	1.97372423826891E-06
174	149.144358623447	0.66619873046875		1.678466796875E-07	4.2510986328125E-06	4.083251953125E-06	1.11798755142445E-07	3968363.75	1.98023212760745E-06
175	149.19435862332	0.671234130859375		2.53906249999999E-07	4.21478271484375E-06	3.96087646484375E-06	1.70422794099068E-07	2643509.5	1.9907758996851E-06
176	149.244358623194	0.67626953125		3.47290039062501E-07	4.16259765625E-06	3.8153076171875E-06	2.34861673220621E-07	1947275.875	2.00580598175293E-06
177	149.294358623068	0.681304931640625		4.4586181640625E-07	4.0985107421875E-06	3.65264892578125E-06	3.03781462207553E-07	1528131.375	2.02563478524098E-06
178	149.344358622942	0.68634033203125		5.462646484375E-07	4.027099609375E-06	3.4808349609375E-06	3.74890106513703E-07	1256312.875	2.05043784262671E-06
179	149.394358622816	0.691375732421875		6.451416015625E-07	3.95416259765625E-06	3.30902099609375E-06	4.45995880227201E-07	1071570.5	2.08022311198874E-06
180	149.444358622689	0.6964111328125		7.39440917968751E-07	3.8836669921875E-06	3.14422607421875E-06	5.14909743287717E-07	941725.125	2.11483757084352E-06
181	149.494358622563	0.701446533203125		8.2550048828125E-07	3.81591796875E-06	2.99041748046875E-06	5.79019229007827E-07	849685.75	2.15396107705601E-06
182	149.544358622437	0.70648193359375		8.99658203125001E-07	3.76007080078125E-06	2.86041259765625E-06	6.35509877611184E-07	785176.4375	2.19708999793511E-06
183	149.594358622311	0.711517333984375		9.65270996093751E-07	3.717041015625E-06	2.75177001953125E-06	6.86748080624966E-07	737053.5	2.24371319745842E-06
184	149.644358622184	0.716552734375		1.01776123046875E-06	3.690185546875E-06	2.67242431640625E-06	7.29186353964906E-07	703958.0625	2.29328907153104E-06
185	149.694358622058	0.721588134765625		1.058349609375E-06	3.67950439453125E-06	2.62115478515625E-06	7.63627895139507E-07	681747.4375	2.34519188779814E-06
186	149.744358621932	0.72662353515625		1.0845947265625E-06	3.6883544921875E-06	2.603759765625E-06	7.88025829479011E-07	669893.0625	2.3987654458324E-06
187	149.794358621806	0.731658935546875		1.0980224609375E-06	3.71673583984375E-06	2.61871337890625E-06	8.0321035511588E-07	666203.5	2.45333080783894E-06
188	149.844358621679	0.7366943359375		1.09893798828125E-06	3.765869140625E-06	2.66693115234375E-06	8.09514347110962E-07	670313.8125	2.50825496550533E-06
189	149.894358621553	0.741729736328125		1.087646484375E-06	3.836669921875E-06	2.7490234375E-06	8.06673313036299E-07	681902.375	2.56291946243437E-06
190	149.944358621427	0.74676513671875		1.06536865234375E-06	3.9288330078125E-06	2.86346435546875E-06	7.9548266285201E-07	700859.3125	2.61674495050102E-06
191	149.994358621301	0.751800537109375		1.03485107421875E-06	4.04205322265625E-06	3.0072021484375E-06	7.78159460423922E-07	726629.3125	2.66925030700804E-06
192	150.044358621174	0.7568359375		9.89685058593751E-07	4.17449951171875E-06	3.184814453125E-06	7.49633272789652E-07	765340.75	2.71986391453538E-06
193	150.094358621048	0.761871337890625		9.3963623046875E-07	4.32525634765625E-06	3.3856201171875E-06	7.15738508461072E-07	810652.8125	2.76809691968083E-06
194	150.144358620922	0.76690673828125		8.8348388671875E-07	4.4891357421875E-06	3.60565185546875E-06	6.77549735428329E-07	868048.375	2.81367488241813E-06
195	150.194358620796	0.771942138671875		8.23974609375E-07	4.669189453125E-06	3.84521484375E-06	6.36437903267506E-07	937407.4375	2.85636133412481E-06
196	150.244358620669	0.7769775390625		7.63854980468751E-07	4.8583984375E-06	4.09454345703125E-06	5.93964387007873E-07	1017978.4375	2.89605713987839E-06
197	150.294358620543	0.782012939453125		7.0556640625E-07	5.047607421875E-06	4.342041015625E-06	5.51869675291528E-07	1108564	2.9327925403777E-06
198	150.344358620417	0.78704833984375		6.53076171875E-07	5.2398681640625E-06	4.5867919921875E-06	5.14201815349224E-07	1205607.5	2.96675852951012E-06
199	150.394358620291	0.792083740234375		6.085205078125E-07	5.4229736328125E-06	4.814453125E-06	4.82092048059712E-07	1301905.75	2.99829866889922E-06
200	150.444358620165	0.797119140625		5.74645996093751E-07	5.596923828125E-06	5.02227783203125E-06	4.5841204610042E-07	1388210.375	3.02787771033763E-06
201	150.494358620038	0.802154541015625		5.5419921875E-07	5.7525634765625E-06	5.1983642578125E-06	4.44638004637454E-07	1447687.25	3.0560988761863E-06
202	150.544358619912	0.80718994140625		5.51757812500001E-07	5.8868408203125E-06	5.3350830078125E-06	4.45541729732213E-07	1463495.625	3.08374774249387E-06
203	150.594358619786	0.812225341796875		5.66711425781249E-07	5.9967041015625E-06	5.42999267578125E-06	4.60383859035574E-07	1433494.875	3.11170947497885E-06
204	150.64435861966	0.8172607421875		6.0150146484375E-07	6.0699462890625E-06	5.46844482421875E-06	4.91767082166916E-07	1359208.625	3.14091494146851E-06
205	150.694358619533	0.822296142578125		6.5765380859375E-07	6.109619140625E-06	5.45196533203125E-06	5.41287931810075E-07	1251508.125	3.17239368996525E-06
206	150.744358619407	0.82733154296875		7.3211669921875E-07	6.1126708984375E-06	5.38055419921875E-06	6.05926629759779E-07	1130471	3.2071379791887E-06
207	150.794358619281	0.832366943359375		8.2427978515625E-07	6.0791015625E-06	5.25482177734375E-06	6.8597745439547E-07	1009626.0625	3.24604798151995E-06
208	150.844358619155	0.83740234375		9.33227539062501E-07	6.0089111328125E-06	5.07568359375E-06	7.81771689162269E-07	897645.5625	3.2899856705626E-06
209	150.894358619028	0.842437744140625		1.05499267578125E-06	5.908203125E-06	4.85321044921875E-06	8.88604574811325E-07	798380.1875	3.33969114763022E-06
210	150.944358618902	0.84747314453125		1.18743896484375E-06	5.7830810546875E-06	4.59564208984375E-06	1.00668489722011E-06	713955.3125	3.39575194630015E-06
211	150.994358618776	0.852508544921875		1.32598876953125E-06	5.633544921875E-06	4.30755615234375E-06	1.1306190117466E-06	643038	3.45858757100359E-06
212	151.04435861865	0.8575439453125		1.4666748046875E-06	5.4718017578125E-06	4.005126953125E-06	1.25773806303187E-06	584685.8125	3.52840402229049E-06
213	151.094358618523	0.862579345703125		1.6082763671875E-06	5.2978515625E-06	3.6895751953125E-06	1.38751136091742E-06	536432.6875	3.60527792508947E-06
214	151.144358618397	0.86761474609375		1.74468994140625E-06	5.1239013671875E-06	3.37921142578125E-06	1.5131862483031E-06	497113.875	3.68910195902572E-06
215	151.194358618271	0.872650146484375		1.87286376953125E-06	4.949951171875E-06	3.07708740234375E-06	1.63464062552521E-06	466025.75	3.77954097530164E-06
216	151.244358618145	0.877685546875		1.99127197265625E-06	4.7821044921875E-06	2.79083251953125E-06	1.74771071215218E-06	440766.28125	3.87614409191883E-06
217	151.294358618018	0.882720947265625		2.0989990234375E-06	4.6234130859375E-06	2.5244140625E-06	1.85251008133491E-06	420471.09375	3.97840085497592E-06
218	151.344358617892	0.88775634765625		2.1923828125E-06	4.4744873046875E-06	2.2821044921875E-06	1.94563267541525E-06	404788.4375	4.08568575949175E-06
219	151.394358617766	0.892791748046875		2.2723388671875E-06	4.33502197265625E-06	2.06268310546875E-06	2.02976548280276E-06	393096.96875	4.19730349676684E-06
220	151.44435861764	0.8978271484375		2.33978271484375E-06	4.20623779296875E-06	1.866455078125E-06	2.1007203940826E-06	383722.46875	4.3126065065735E-06
221	151.494358617514	0.902862548828125		2.3944091796875E-06	4.08843994140625E-06	1.69403076171875E-06	2.16218768400722E-06	377134.84375	4.43096132585197E-06
222	151.544358617387	0.90789794921875		2.43621826171875E-06	3.980712890625E-06	1.54449462890625E-06	2.21183745452436E-06	372666.9375	4.55172721558483E-06
223	151.594358617261	0.912933349609375		2.4676513671875E-06	3.88397216796875E-06	1.41632080078125E-06	2.25242456508568E-06	369898.59375	4.67432391815237E-06
224	151.644358617135	0.91796875		2.49053955078125E-06	3.79608154296875E-06	1.3055419921875E-06	2.28547742153751E-06	368459.75	4.79827849630965E-06
225	151.694358617009	0.923004150390625		2.5054931640625E-06	3.7176513671875E-06	1.212158203125E-06	2.31296280617244E-06	368453.125	4.92317940370413E-06
226	151.744358616882	0.92803955078125		2.51312255859375E-06	3.64593505859375E-06	1.1328125E-06	2.33381115322118E-06	369520.34375	5.0486451073084E-06
227	151.794358616756	0.933074951171875		2.51617431640625E-06	3.58184814453125E-06	1.065673828125E-06	2.3496986614191E-06	371134.03125	5.1743772928603E-06
228	151.84435861663	0.9381103515625		2.515869140625E-06	3.52386474609375E-06	1.00799560546875E-06	2.36016285271035E-06	372877.25	5.30017860000953E-06
229	151.894358616504	0.943145751953125		2.5103759765625E-06	3.47137451171875E-06	9.60998535156249E-07	2.36803339248581E-06	375759.78125	5.42583438800648E-06
230	151.944358616377	0.94818115234375		2.50244140625E-06	3.424072265625E-06	9.21630859375E-07	2.37200401898008E-06	378780.5	5.55115502720582E-06
231	151.994358616251	0.953216552734375		2.49298095703125E-06	3.38104248046875E-06	8.88061523437499E-07	2.37597032537451E-06	382298.9375	5.67604047319037E-06
232	152.044358616125	0.958251953125		2.48138427734375E-06	3.34136962890625E-06	8.59985351562499E-07	2.37854851548036E-06	386299.375	5.80039977648994E-06
233	152.094358615999	0.963287353515625		2.46917724609375E-06	3.30596923828125E-06	8.36791992187501E-07	2.37890390053508E-06	390186.625	5.9241638155072E-06
234	152.144358615872	0.96832275390625		2.45697021484375E-06	3.27301025390625E-06	8.160400390625E-07	2.37914014178386E-06	394112.53125	6.04731712883222E-06
235	152.194358615746	0.973358154296875		2.44293212890625E-06	3.24249267578125E-06	7.99560546875E-07	2.37672952607682E-06	398251.09375	6.16981469647726E-06
236	152.24435861562	0.9783935546875		2.42919921875E-06	3.21441650390625E-06	7.85217285156251E-07	2.37671292779851E-06	402763.8125	6.29161831966485E-06
237	152.294358615494	0.983428955078125		2.415771484375E-06	3.18878173828125E-06	7.73010253906249E-07	2.37610811382183E-06	407150.09375	6.41274255031021E-06
238	152.344358615367	0.98846435546875		2.4017333984375E-06	3.16436767578125E-06	7.62634277343749E-07	2.3740278720652E-06	411562.90625	6.53318011245574E-06
239	152.394358615241	0.993499755859375		2.388916015625E-06	3.14239501953125E-06	7.53479003906249E-07	2.37375184042321E-06	415942.8125	6.65294646751136E-06
240	152.444358615115	0.99853515625		2.37548828125E-06	3.12103271484375E-06	7.45544433593749E-07	2.37128369917627E-06	420220.96875	6.77205662213964E-06
241	152.494358614989	1.00357055664063		2.36328125E-06	3.1011962890625E-06	7.37915039062499E-07	2.37352264775836E-06	424974.15625	6.89052558300318E-06
242	152.544358614863	1.00860595703125		2.35015869140625E-06	3.08258056640625E-06	7.32421875000001E-07	2.37038398154255E-06	429165.0625	7.00836153555429E-06
243	152.594358614736	1.01364135742188		2.3382568359375E-06	3.065185546875E-06	7.269287109375E-07	2.36908340411901E-06	433307.25	7.12557221049792E-06
244	152.64435861461	1.0186767578125		2.32635498046875E-06	3.048095703125E-06	7.2174072265625E-07	2.36980372392281E-06	437885.375	7.2421871664119E-06
245	152.694358614484	1.02371215820313		2.31475830078125E-06	3.0322265625E-06	7.17468261718751E-07	2.36929281527409E-06	442188.5625	7.35821504349587E-06
246	152.744358614358	1.02874755859375		2.30377197265625E-06	3.01788330078125E-06	7.14111328124998E-07	2.37070275943552E-06	446681.6875	7.4736785791174E-06
247	152.794358614231	1.03378295898438		2.2930908203125E-06	3.0029296875E-06	7.098388671875E-07	2.37020822169143E-06	450758.59375	7.58860005589668E-06
248	152.844358614105	1.038818359375		2.28240966796875E-06	2.98919677734375E-06	7.06787109375E-07	2.3717057047179E-06	455274.75	7.70298720453866E-06
249	152.894358613979	1.04385375976563		2.27264404296875E-06	2.97607421875E-06	7.0343017578125E-07	2.3726547624392E-06	459379.625	7.81686412665294E-06
250	152.944358613853	1.04888916015625		2.26287841796875E-06	2.9638671875E-06	7.00988769531249E-07	2.37350855059049E-06	463519.90625	7.93025174061768E-06
251	152.994358613726	1.05392456054688		2.25372314453125E-06	2.9522705078125E-06	6.98547363281249E-07	2.37422250393138E-06	467434	8.04316732683219E-06
252	153.0443586136	1.0589599609375		2.244873046875E-06	2.94097900390625E-06	6.96105957031249E-07	2.37723065765749E-06	471723.78125	8.15563180367462E-06
253	153.094358613474	1.06399536132813		2.236328125E-06	2.92999267578125E-06	6.9366455078125E-07	2.37910148825904E-06	475709.625	8.26766154204961E-06
254	153.144358613348	1.06903076171875		2.227783203125E-06	2.919921875E-06	6.92138671875001E-07	2.38156872001127E-06	479863.03125	8.37926472740946E-06
255	153.194358613221	1.07406616210938		2.2198486328125E-06	2.91046142578125E-06	6.90612792968749E-07	2.38528036788921E-06	484052.8125	8.49045500217471E-06
256	153.244358613095	1.0791015625		2.21221923828125E-06	2.90130615234375E-06	6.89086914062499E-07	2.38720917877799E-06	487791.4375	8.60125692270231E-06
257	153.294358612969	1.08413696289063		2.20489501953125E-06	2.89215087890625E-06	6.87255859375E-07	2.39074461205746E-06	491764.6875	8.71168504090747E-06
258	153.344358612843	1.08917236328125		2.197265625E-06	2.88330078125E-06	6.8603515625E-07	2.39253040490439E-06	495555.5625	8.8217393567902E-06
259	153.394358612716	1.09420776367188		2.19024658203125E-06	2.87567138671875E-06	6.85424804687501E-07	2.39625046560832E-06	499512.34375	8.93142714630812E-06
260	153.44435861259	1.0992431640625		2.183837890625E-06	2.86773681640625E-06	6.8389892578125E-07	2.40190161093778E-06	503633.34375	9.04077933228109E-06
261	153.494358612464	1.10427856445313		2.177734375E-06	2.860107421875E-06	6.82373046875E-07	2.40449298871681E-06	507006.71875	9.14981774258194E-06
262	153.544358612338	1.10931396484375		2.1710205078125E-06	2.85308837890625E-06	6.82067871093749E-07	2.40900590142701E-06	511104.875	9.25853692024248E-06
263	153.594358612212	1.11434936523438		2.16552734375E-06	2.84637451171875E-06	6.8084716796875E-07	2.4128235054377E-06	514515.21875	9.36695050768321E-06
264	153.644358612085	1.119384765625		2.15972900390625E-06	2.8399658203125E-06	6.80236816406252E-07	2.41822658608726E-06	518440.0625	9.4750821517664E-06
265	153.694358611959	1.12442016601563		2.15423583984375E-06	2.83477783203125E-06	6.80541992187499E-07	2.42259488913987E-06	522028.625	9.58293094299734E-06
266	153.744358611833	1.12945556640625		2.14935302734375E-06	2.8289794921875E-06	6.7962646484375E-07	2.42759870161535E-06	525486.3125	9.69052143773297E-06
267	153.794358611707	1.13449096679688		2.1441650390625E-06	2.823486328125E-06	6.793212890625E-07	2.43155409407336E-06	528892.6875	9.79785909294151E-06
268	153.84435861158	1.1395263671875		2.1392822265625E-06	2.81829833984375E-06	6.7901611328125E-07	2.43776821662323E-06	532667.6875	9.90494481811766E-06
269	153.894358611454	1.14456176757813		2.13470458984375E-06	2.81402587890625E-06	6.79321289062501E-07	2.44427837969852E-06	536383.125	1.0011794984166E-05
270	153.944358611328	1.14959716796875		2.13043212890625E-06	2.8094482421875E-06	6.79016113281251E-07	2.44848843067302E-06	539464.3125	1.01184232335072E-05
271	153.994358611202	1.15463256835938		2.12615966796875E-06	2.8057861328125E-06	6.7962646484375E-07	2.45395995079889E-06	542844.875	1.02248377515934E-05
272	154.044358611075	1.15966796875		2.12249755859375E-06	2.8021240234375E-06	6.7962646484375E-07	2.46074478127412E-06	546225.75	1.03310539998347E-05
273	154.094358610949	1.16470336914063		2.1185302734375E-06	2.79876708984375E-06	6.80236816406252E-07	2.46842887463572E-06	549985.625	1.04370801636833E-05
274	154.144358610823	1.16973876953125		2.11517333984375E-06	2.79632568359375E-06	6.81152343750001E-07	2.47355455940124E-06	552878.4375	1.05429226096021E-05
275	154.194358610697	1.17477416992188		2.11181640625E-06	2.79327392578125E-06	6.81457519531251E-07	2.48058518081962E-06	556213.875	1.06485977084958E-05
276	154.24435861057	1.1798095703125		2.10845947265625E-06	2.7911376953125E-06	6.82678222656251E-07	2.48629385168897E-06	559270.5	1.07541045508697E-05
277	154.294358610444	1.18484497070313		2.105712890625E-06	2.789306640625E-06	6.8359375E-07	2.49397930929263E-06	562463.8125	1.08594585981336E-05
278	154.344358610318	1.18988037109375		2.10296630859375E-06	2.78778076171875E-06	6.84814453125E-07	2.50227822107263E-06	565810.5	1.09646753116976E-05
279	154.394358610192	1.19491577148438		2.10052490234375E-06	2.78656005859375E-06	6.86035156250001E-07	2.50898870035599E-06	568647.375	1.1069762877014E-05
280	154.444358610065	1.199951171875		2.09869384765625E-06	2.7862548828125E-06	6.87561035156251E-07	2.51833012043789E-06	571760.9375	1.11747431219555E-05
281	154.494358609939	1.20498657226563		2.0965576171875E-06	2.78594970703125E-06	6.89392089843749E-07	2.52536415246141E-06	574526.9375	1.12796242319746E-05
282	154.544358609813	1.21002197265625		2.0947265625E-06	2.78594970703125E-06	6.91223144531249E-07	2.53402595262742E-06	577505.8125	1.13844071165659E-05
283	154.594358609687	1.21505737304688		2.09320068359375E-06	2.7862548828125E-06	6.9305419921875E-07	2.54176188718702E-06	580113.6875	1.14891045086551E-05
284	154.644358609561	1.2200927734375		2.0916748046875E-06	2.7880859375E-06	6.96411132812501E-07	2.55267559623462E-06	583454.9375	1.15937264126842E-05
285	154.694358609434	1.22512817382813		2.091064453125E-06	2.789306640625E-06	6.98242187500001E-07	2.56150269706268E-06	585814.4375	1.16982955660205E-05
286	154.744358609308	1.23016357421875		2.08984375E-06	2.79144287109375E-06	7.01599121093749E-07	2.5708495741128E-06	588639	1.18028183351271E-05
287	154.794358609182	1.23519897460938		2.08953857421875E-06	2.794189453125E-06	7.04650878906252E-07	2.58131467489875E-06	591207.8125	1.19073029054562E-05
288	154.844358609056	1.240234375		2.0892333984375E-06	2.79754638671875E-06	7.0831298828125E-07	2.59113880929362E-06	593631.375	1.20117720143753E-05
289	154.894358608929	1.24526977539063		2.08892822265625E-06	2.8009033203125E-06	7.11975097656251E-07	2.6009602152044E-06	596055.5625	1.21162256618845E-05
290	154.944358608803	1.25030517578125		2.0892333984375E-06	2.80517578125E-06	7.159423828125E-07	2.61281661551038E-06	598597.75	1.22206802188884E-05
291	154.994358608677	1.25534057617188		2.0904541015625E-06	2.81097412109375E-06	7.20520019531251E-07	2.62391267824569E-06	600438	1.23251720651751E-05
292	155.044358608551	1.2603759765625		2.09136962890625E-06	2.81707763671875E-06	7.25708007812501E-07	2.63591209659353E-06	602655.75	1.24297175716492E-05
293	155.094358608424	1.26541137695313		2.0928955078125E-06	2.82318115234375E-06	7.30285644531251E-07	2.64869322563754E-06	604695.25	1.25343240142683E-05
294	155.144358608298	1.27044677734375		2.09442138671875E-06	2.83050537109375E-06	7.36083984374999E-07	2.66085066868982E-06	606586.0625	1.26390068544424E-05
295	155.194358608172	1.27548217773438		2.0965576171875E-06	2.8387451171875E-06	7.421875E-07	2.67508153228846E-06	608588.0625	1.27437815535814E-05
296	155.244358608046	1.280517578125		2.09930419921875E-06	2.847900390625E-06	7.48596191406249E-07	2.68947701442812E-06	610263.125	1.28486781250103E-05
297	155.294358607919	1.28555297851563		2.10205078125E-06	2.85736083984375E-06	7.5531005859375E-07	2.70133546109719E-06	611353.0625	1.29537120301393E-05
298	155.344358607793	1.29058837890625		2.10540771484375E-06	2.86773681640625E-06	7.62329101562499E-07	2.71657222583599E-06	612842.4375	1.30588987303781E-05
299	155.394358607667	1.29562377929688		2.109375E-06	2.8790283203125E-06	7.69653320312499E-07	2.73392197414069E-06	614438.6875	1.3164268239052E-05
300	155.444358607541	1.3006591796875		2.11395263671875E-06	2.89154052734375E-06	7.77587890625001E-07	2.74953185908089E-06	615273.5625	1.32698514789809E-05
301	155.494358607414	1.30569458007813		2.119140625E-06	2.90435791015625E-06	7.85217285156249E-07	2.76727382697572E-06	616215.4375	1.33756784634897E-05
302	155.544358607288	1.31072998046875		2.1240234375E-06	2.9180908203125E-06	7.94067382812499E-07	2.78337302006548E-06	616954	1.3481757378031E-05
303	155.594358607162	1.31576538085938		2.12982177734375E-06	2.93243408203125E-06	8.02612304687498E-07	2.80202061730961E-06	617710.3125	1.35881036840146E-05
304	155.644358607036	1.32080078125		2.1356201171875E-06	2.94769287109375E-06	8.12072753906248E-07	2.82138034890522E-06	618605.375	1.36947401188081E-05
305	155.69435860691	1.32583618164063		2.142333984375E-06	2.9632568359375E-06	8.209228515625E-07	2.8413644486136E-06	619088.375	1.38016885102843E-05
306	155.744358606783	1.33087158203125		2.14935302734375E-06	2.97943115234375E-06	8.30078125E-07	2.86051272269106E-06	619196.375	1.39089806907577E-05
307	155.794358606657	1.33590698242188		2.15667724609375E-06	2.9962158203125E-06	8.39538574218751E-07	2.88144929072587E-06	619499.0625	1.40166321216384E-05
308	155.844358606531	1.3409423828125		2.16400146484375E-06	3.0133056640625E-06	8.49304199218749E-07	2.9024615741946E-06	619799.75	1.41246482598945E-05
309	155.894358606405	1.34597778320313		2.17193603515625E-06	3.03192138671875E-06	8.59985351562501E-07	2.92370873467007E-06	619783.6875	1.423304729542E-05
310	155.944358606278	1.35101318359375		2.18017578125E-06	3.050537109375E-06	8.70361328125001E-07	2.94478081741545E-06	619540.875	1.43418501465931E-05
311	155.994358606152	1.35604858398438		2.1893310546875E-06	3.07037353515625E-06	8.81042480468751E-07	2.96850521408487E-06	619319.75	1.44510877362336E-05
312	156.044358606026	1.361083984375		2.19818115234375E-06	3.0908203125E-06	8.9263916015625E-07	2.99123826152936E-06	619047.625	1.45607755257515E-05
313	156.0943586059	1.36611938476563		2.20794677734375E-06	3.1121826171875E-06	9.04235839843751E-07	3.01598174701212E-06	618659.3125	1.46709289765568E-05
314	156.144358605773	1.37115478515625		2.2174072265625E-06	3.1341552734375E-06	9.16748046875E-07	3.04040850096499E-06	618359.5	1.47815626405645E-05
315	156.194358605647	1.37619018554688		2.2271728515625E-06	3.157958984375E-06	9.307861328125E-07	3.06467359223461E-06	617840.5	1.48926765177748E-05
316	156.244358605521	1.3812255859375		2.23785400390625E-06	3.18328857421875E-06	9.45434570312501E-07	3.08961534756236E-06	616937.125	1.50043024405022E-05
317	156.294358605395	1.38626098632813		2.24884033203125E-06	3.21014404296875E-06	9.61303710937498E-07	3.11850885736931E-06	616637.3125	1.51164695125772E-05
318	156.344358605268	1.39129638671875		2.2601318359375E-06	3.23883056640625E-06	9.78698730468751E-07	3.14451335725607E-06	615581.9375	1.52291941049043E-05
319	156.394358605142	1.39633178710938		2.2723388671875E-06	3.2708740234375E-06	9.98535156250001E-07	3.17328567689401E-06	614558.125	1.53425062308088E-05
320	156.444358605016	1.4013671875		2.28515625E-06	3.3056640625E-06	1.0205078125E-06	3.20164554068469E-06	613114.375	1.54564440890681E-05
321	156.49435860489	1.40640258789063		2.2991943359375E-06	3.3441162109375E-06	1.044921875E-06	3.23394351653405E-06	611760.0625	1.55710513354279E-05
322	156.544358604763	1.41143798828125		2.3150634765625E-06	3.38653564453125E-06	1.07147216796875E-06	3.26827512253658E-06	609807.5	1.5686408005422E-05
323	156.594358604637	1.41647338867188		2.3321533203125E-06	3.4326171875E-06	1.1004638671875E-06	3.30307739204727E-06	607301.75	1.58025886776159E-05
324	156.644358604511	1.4215087890625		2.349853515625E-06	3.4832763671875E-06	1.1334228515625E-06	3.33890307047113E-06	604675.3125	1.59196388267446E-05
325	156.694358604385	1.42654418945313		2.37030029296875E-06	3.538818359375E-06	1.16851806640625E-06	3.38242307407199E-06	602034.25	1.60376421263209E-05
326	156.744358604259	1.43157958984375		2.39288330078125E-06	3.599853515625E-06	1.20697021484375E-06	3.42487260240887E-06	598138	1.6156722267624E-05
327	156.794358604132	1.43661499023438		2.4163818359375E-06	3.665771484375E-06	1.2493896484375E-06	3.47177888215811E-06	594594.625	1.62769538292196E-05
328	156.844358604006	1.441650390625		2.44232177734375E-06	3.73748779296875E-06	1.295166015625E-06	3.52171946360613E-06	590403.5625	1.63984223036095E-05
329	156.89435860388	1.44668579101563		2.470703125E-06	3.814697265625E-06	1.343994140625E-06	3.57470798917348E-06	585597.8125	1.65212477440946E-05
330	156.944358603754	1.45172119140625		2.501220703125E-06	3.8970947265625E-06	1.3958740234375E-06	3.63107506018423E-06	580405.0625	1.66455447470071E-05
331	156.994358603627	1.45675659179688		2.5335693359375E-06	3.98681640625E-06	1.4532470703125E-06	3.69118015441927E-06	575042.1875	1.67714151757536E-05
332	157.044358603501	1.4617919921875		2.56866455078125E-06	4.08294677734375E-06	1.5142822265625E-06	3.75642093786155E-06	569324	1.68989718076773E-05
333	157.094358603375	1.46682739257813		2.60711669921875E-06	4.1851806640625E-06	1.57806396484375E-06	3.82379221264273E-06	562565.875	1.70283656188985E-05
334	157.144358603249	1.47186279296875		2.64892578125E-06	4.29473876953125E-06	1.64581298828125E-06	3.8988550841168E-06	555645.1875	1.71597675944213E-05
335	157.194358603122	1.47689819335938		2.6934814453125E-06	4.41070556640625E-06	1.71722412109375E-06	3.97840858568088E-06	548379.8125	1.72933268913766E-05
336	157.244358602996	1.48193359375		2.74169921875E-06	4.53216552734375E-06	1.79046630859375E-06	4.06468916480662E-06	540739.125	1.74292072188109E-05
337	157.29435860287	1.48696899414063		2.794189453125E-06	4.65850830078125E-06	1.86431884765625E-06	4.15444674217724E-06	532110.125	1.75676032085903E-05
338	157.344358602744	1.49200439453125		2.84942626953125E-06	4.78912353515625E-06	1.939697265625E-06	4.2513565858826E-06	523615.71875	1.77086931216763E-05
339	157.394358602617	1.49703979492188		2.90771484375E-06	4.9224853515625E-06	2.0147705078125E-06	4.35252104580286E-06	514798.5	1.78526224772213E-05
340	157.444358602491	1.5020751953125		2.96905517578125E-06	5.059814453125E-06	2.09075927734375E-06	4.46064996140194E-06	506012.96875	1.79995422513457E-05
