Potential - Start -0.205 V, Stop 1.505 V, Step 0.005 V; Modulation - Amplitude 0.05 V, Time 0.025 s, Interval time 0.05 s
Index	Base.Time (s)	Potential applied (V)	WE(1).Base.Potential (V)	WE(1).Base.Current (A)	WE(1).Pulse.Current (A)	WE(1).δ.Current (A)	WE(1).Base.Power (W)	WE(1).Base.Resistance (Ω)	WE(1).Base.Charge (C)
1	140.878369644316	-0.204925537109375		-5.4595947265625E-07	2.73742675781249E-07	8.197021484375E-07	1.11797724855478E-07	375069.90625	0
2	140.92836964419	-0.19989013671875		-7.8765869140625E-07	2.42004394531251E-07	1.0296630859375E-06	1.57349049345612E-07	253622.625	-3.33404521768443E-08
3	140.978369644064	-0.194854736328125		-7.8582763671875E-07	2.52685546875001E-07	1.03851318359375E-06	1.53050294215973E-07	247844.65625	-7.2677607931837E-08
4	141.028369643938	-0.1898193359375		-7.73010253906251E-07	2.6885986328125E-07	1.0418701171875E-06	1.46637930242832E-07	245400.71875	-1.1164856061896E-07
5	141.078369643811	-0.184783935546875		-7.58056640625E-07	2.8717041015625E-07	1.04522705078125E-06	1.39961016998313E-07	243558.78125	-1.49925227788117E-07
6	141.128369643685	-0.17974853515625		-7.44018554687501E-07	3.06396484375E-07	1.0504150390625E-06	1.33600011054114E-07	241345.359375	-1.87477112945089E-07
7	141.178369643559	-0.174713134765625		-7.3150634765625E-07	3.25927734375001E-07	1.05743408203125E-06	1.2771445767612E-07	238673.359375	-2.24365237500024E-07
8	141.228369643433	-0.169677734375		-7.19604492187501E-07	3.46984863281249E-07	1.06658935546875E-06	1.22013020131817E-07	235623.40625	-2.60642991634086E-07
9	141.278369643306	-0.164642333984375		-7.09228515625E-07	3.692626953125E-07	1.0784912109375E-06	1.16682464579299E-07	231970.734375	-2.96363822371859E-07
10	141.32836964318	-0.15960693359375		-7.000732421875E-07	3.9337158203125E-07	1.09344482421875E-06	1.11672441960309E-07	227855.28125	-3.31596368141618E-07
11	141.378369643054	-0.154571533203125		-6.9244384765625E-07	4.20227050781249E-07	1.1126708984375E-06	1.06968712998423E-07	223093.875	-3.66409295793346E-07
12	141.428369642928	-0.1495361328125		-6.8634033203125E-07	4.49523925781251E-07	1.1358642578125E-06	1.02569842397315E-07	217741.21875	-4.00878889195155E-07
13	141.478369642801	-0.144500732421875		-6.8206787109375E-07	4.83093261718751E-07	1.1651611328125E-06	9.84344197263454E-08	211588.359375	-4.35089106076703E-07
14	141.528369642675	-0.13946533203125		-6.7962646484375E-07	5.2032470703125E-07	1.199951171875E-06	9.47013631957816E-08	205029.1875	-4.69131464342354E-07
15	141.578369642549	-0.134429931640625		-6.7901611328125E-07	5.62438964843751E-07	1.241455078125E-06	9.12179203282903E-08	197842.703125	-5.03097510318185E-07
16	141.628369642423	-0.12939453125		-6.81152343749999E-07	6.11267089843751E-07	1.29241943359375E-06	8.80958097582152E-08	189874.5625	-5.3710175507149E-07
17	141.678369642297	-0.124359130859375		-6.866455078125E-07	6.67419433593749E-07	1.35406494140625E-06	8.53277697387966E-08	180977.78125	-5.71296652651654E-07
18	141.72836964217	-0.11932373046875		-6.95190429687501E-07	7.33642578125E-07	1.4288330078125E-06	8.28890662774029E-08	171510.109375	-6.05842558343284E-07
19	141.778369642044	-0.114288330078125		-7.0648193359375E-07	8.099365234375E-07	1.51641845703125E-06	8.06995146263034E-08	161684.671875	-6.40884366021055E-07
20	141.828369641918	-0.1092529296875		-7.2296142578125E-07	8.978271484375E-07	1.62078857421875E-06	7.89194629646772E-08	150991.984375	-6.76620459216792E-07
21	141.878369641792	-0.104217529296875		-7.4432373046875E-07	1.00189208984375E-06	1.7462158203125E-06	7.75261455032705E-08	139934.40625	-7.1330259743263E-07
22	141.928369641665	-0.09918212890625		-7.70263671875E-07	1.11846923828125E-06	1.88873291015625E-06	7.63493730460141E-08	128684.6328125	-7.51167306134448E-07
23	141.978369641539	-0.094146728515625		-8.056640625E-07	1.25396728515625E-06	2.05963134765625E-06	7.58014593316148E-08	116780.3046875	-7.90565479746874E-07
24	142.028369641413	-0.089111328125		-8.453369140625E-07	1.4111328125E-06	2.2564697265625E-06	7.52774980128379E-08	105342.9609375	-8.31840509363246E-07
25	142.078369641287	-0.084075927734375		-8.92333984375E-07	1.590576171875E-06	2.48291015625E-06	7.49965707314004E-08	94186.046875	-8.75282239576336E-07
26	142.12836964116	-0.07904052734375		-9.4757080078125E-07	1.79168701171875E-06	2.7392578125E-06	7.48964907870686E-08	83413.8515625	-9.21279877275083E-07
27	142.178369641034	-0.074005126953125		-1.00921630859375E-06	2.01568603515625E-06	3.02490234375E-06	7.45947801306102E-08	73238.5859375	-9.70199607763789E-07
28	142.228369640908	-0.0689697265625		-1.080322265625E-06	2.26287841796875E-06	3.34320068359375E-06	7.44435908472951E-08	63785.3125	-1.02243802757584E-06
29	142.278369640782	-0.063934326171875		-1.1590576171875E-06	2.5323486328125E-06	3.69140625E-06	7.40328189863249E-08	55107.953125	-1.07842254237767E-06
30	142.328369640655	-0.05889892578125		-1.2432861328125E-06	2.82012939453125E-06	4.06341552734375E-06	7.31143856569361E-08	47299.953125	-1.13848113869608E-06
31	142.378369640529	-0.053863525390625		-1.3323974609375E-06	3.12408447265625E-06	4.45648193359375E-06	7.16863013394686E-08	40380.2109375	-1.20287324989476E-06
32	142.428369640403	-0.048828125		-1.42059326171875E-06	3.441162109375E-06	4.86175537109375E-06	6.91568047272995E-08	34268.52734375	-1.27169801089622E-06
33	142.478369640277	-0.043792724609375		-1.5155029296875E-06	3.76373291015625E-06	5.27923583984375E-06	6.61275052493693E-08	28791.787109375	-1.34510037241853E-06
34	142.52836964015	-0.03875732421875		-1.60125732421875E-06	4.08538818359375E-06	5.6866455078125E-06	6.18698692278485E-08	24129.978515625	-1.42301939831668E-06
35	142.578369640024	-0.033721923828125		-1.678466796875E-06	4.3975830078125E-06	6.0760498046875E-06	5.63040352119515E-08	19985.453125	-1.50501250573143E-06
36	142.628369639898	-0.0286865234375		-1.7425537109375E-06	4.6966552734375E-06	6.439208984375E-06	4.9806999413704E-08	16402.802734375	-1.59053797688102E-06
37	142.678369639772	-0.023651123046875		-1.78680419921875E-06	4.9713134765625E-06	6.75811767578125E-06	4.20745251972221E-08	13178.4794921875	-1.6787719232525E-06
38	142.728369639646	-0.01861572265625		-1.8072509765625E-06	5.21240234375E-06	7.0196533203125E-06	3.34006067248538E-08	10226.275390625	-1.76862329226424E-06
39	142.778369639519	-0.013580322265625		-1.8011474609375E-06	5.4168701171875E-06	7.218017578125E-06	2.43227447072059E-08	7497.458984375	-1.85883322956215E-06
40	142.828369639393	-0.008544921875		-1.7657470703125E-06	5.5755615234375E-06	7.34130859375E-06	1.48672363309288E-08	4768.40673828125	-1.94800554709218E-06
41	142.878369639267	-0.003509521484375		-1.69952392578125E-06	5.682373046875E-06	7.38189697265625E-06	5.86078474640317E-09	2029.08972167969	-2.03463741854648E-06
42	142.928369639141	0.00152587890625		-1.6033935546875E-06	5.743408203125E-06	7.3468017578125E-06	-2.60316590505738E-09	-1012.56188964844	-2.11721044252045E-06
43	142.978369639014	0.006561279296875		-1.470947265625E-06	5.7403564453125E-06	7.2113037109375E-06	-9.8308552409776E-09	-4543.568359375	-2.19406888390949E-06
44	143.028369638888	0.0115966796875		-1.32080078125E-06	5.6854248046875E-06	7.0062255859375E-06	-1.53975179273402E-08	-8826.248046875	-2.26386259782885E-06
45	143.078369638762	0.016632080078125		-1.14837646484375E-06	5.5755615234375E-06	6.72393798828125E-06	-1.92435756218856E-08	-14592.080078125	-2.32559204960125E-06
46	143.128369638636	0.02166748046875		-9.58251953125E-07	5.426025390625E-06	6.38427734375E-06	-2.08477111129923E-08	-22703.82421875	-2.37825770454947E-06
47	143.178369638509	0.026702880859375		-7.568359375E-07	5.2398681640625E-06	5.9967041015625E-06	-2.0274368850437E-08	-35395.1640625	-2.42113492276985E-06
48	143.228369638383	0.03173828125		-5.4931640625E-07	5.0262451171875E-06	5.5755615234375E-06	-1.7482973291294E-08	-57938.89453125	-2.45378873842128E-06
49	143.278369638257	0.036773681640625		-3.4027099609375E-07	4.79736328125E-06	5.13763427734375E-06	-1.25317090038379E-08	-108233.1875	-2.47602838499006E-06
50	143.328369638131	0.04180908203125		-1.3427734375E-07	4.559326171875E-06	4.693603515625E-06	-5.62630608769155E-09	-312045.46875	-2.48789206125366E-06
51	143.378369638004	0.046844482421875		6.256103515625E-08	4.3212890625E-06	4.25872802734375E-06	2.9357940523056E-09	750097.5625	-2.48968490268453E-06
52	143.428369637878	0.0518798828125		2.423095703125E-07	4.0911865234375E-06	3.848876953125E-06	1.25709922471628E-08	214105.796875	-2.48206333708367E-06
53	143.478369637752	0.056915283203125		4.132080078125E-07	3.86932373046875E-06	3.45611572265625E-06	2.354306971597E-08	137887.75	-2.4656753794261E-06
54	143.528369637626	0.06195068359375		5.63964843750001E-07	3.65997314453125E-06	3.09600830078125E-06	3.49207951444441E-08	109794.375	-2.44124589698913E-06
55	143.578369637499	0.066986083984375		6.94580078125E-07	3.46588134765625E-06	2.77130126953125E-06	4.65695926266108E-08	96529	-2.40978238252865E-06
56	143.628369637373	0.072021484375		8.06884765625E-07	3.2879638671875E-06	2.4810791015625E-06	5.81869130655832E-08	89372.1640625	-2.37224571719707E-06
57	143.678369637247	0.077056884765625		9.002685546875E-07	3.12469482421875E-06	2.22442626953125E-06	6.93718931188414E-08	85593.21875	-2.32956699619535E-06
58	143.728369637121	0.08209228515625		9.77478027343751E-07	2.9766845703125E-06	1.99920654296875E-06	8.03328887855059E-08	84077.4375	-2.28262319978967E-06
59	143.778369636995	0.087127685546875		1.0382080078125E-06	2.8436279296875E-06	1.805419921875E-06	9.05200252532268E-08	83980.015625	-2.23223105422221E-06
60	143.828369636868	0.0921630859375		1.08489990234375E-06	2.7239990234375E-06	1.63909912109375E-06	9.99877158847085E-08	84950.78125	-2.17915339817409E-06
61	143.878369636742	0.097198486328125		1.12091064453125E-06	2.6171875E-06	1.49627685546875E-06	1.0898502011969E-07	86741.0859375	-2.12400823329517E-06
62	143.928369636616	0.10223388671875		1.1456298828125E-06	2.52105712890625E-06	1.37542724609375E-06	1.17122198162178E-07	89238.1484375	-2.06734466701164E-06
63	143.97836963649	0.107269287109375		1.162109375E-06	2.435302734375E-06	1.273193359375E-06	1.24729567119175E-07	92358.1953125	-2.00965109797835E-06
64	144.028369636363	0.1123046875		1.17218017578125E-06	2.3590087890625E-06	1.18682861328125E-06	1.31677097670035E-07	95834.4140625	-1.95129382518644E-06
65	144.078369636237	0.117340087890625		1.1761474609375E-06	2.2900390625E-06	1.1138916015625E-06	1.38116917014486E-07	99844.3203125	-1.89258571481332E-06
66	144.128369636111	0.12237548828125		1.17584228515625E-06	2.22747802734375E-06	1.0516357421875E-06	1.43930151352833E-07	104100.703125	-1.833785972849E-06
67	144.178369635985	0.127410888671875		1.17218017578125E-06	2.17193603515625E-06	9.99755859375E-07	1.49420060324701E-07	108747.71875	-1.77508536580717E-06
68	144.228369635858	0.1324462890625		1.16607666015625E-06	2.12158203125E-06	9.5550537109375E-07	1.54513699612835E-07	113635.171875	-1.71662895809277E-06
69	144.278369635732	0.137481689453125		1.1572265625E-06	2.076416015625E-06	9.19189453125001E-07	1.59132767407755E-07	118829.1171875	-1.6585463527008E-06
70	144.328369635606	0.14251708984375		1.1474609375E-06	2.03460693359375E-06	8.87145996093749E-07	1.63602820180131E-07	124255.3203125	-1.60092918122245E-06
71	144.37836963548	0.147552490234375		1.136474609375E-06	1.99737548828125E-06	8.6090087890625E-07	1.67689648833402E-07	129833.515625	-1.54383087647147E-06
72	144.428369635353	0.152587890625		1.1248779296875E-06	1.96319580078125E-06	8.38317871093751E-07	1.71745739407925E-07	135729.78125	-1.48729702686978E-06
73	144.478369635227	0.157623291015625		1.11328125E-06	1.93084716796875E-06	8.17565917968749E-07	1.75479044628446E-07	141584.4375	-1.43134298014047E-06
74	144.528369635101	0.16265869140625		1.10076904296875E-06	1.90216064453125E-06	8.01391601562501E-07	1.79049649773333E-07	147768.234375	-1.3759918147116E-06
75	144.578369634975	0.167694091796875		1.0888671875E-06	1.8756103515625E-06	7.86743164062499E-07	1.82563368866795E-07	153979.828125	-1.32125092022761E-06
76	144.628369634848	0.1727294921875		1.0772705078125E-06	1.8505859375E-06	7.733154296875E-07	1.86109247124477E-07	160368.28125	-1.26709744563414E-06
77	144.678369634722	0.177764892578125		1.065673828125E-06	1.827392578125E-06	7.61718750000001E-07	1.8950443347876E-07	166867.125	-1.21352377391304E-06
78	144.728369634596	0.18280029296875		1.05438232421875E-06	1.805419921875E-06	7.5103759765625E-07	1.92741396176643E-07	173371.921875	-1.16052240173303E-06
79	144.77836963447	0.187835693359375		1.04278564453125E-06	1.785888671875E-06	7.4310302734375E-07	1.95904178212913E-07	180158.046875	-1.10809321540728E-06
80	144.828369634344	0.19287109375		1.03271484375E-06	1.7669677734375E-06	7.342529296875E-07	1.99180846038871E-07	186761.21875	-1.05620574686327E-06
81	144.878369634217	0.197906494140625		1.0223388671875E-06	1.7486572265625E-06	7.26318359375E-07	2.02358705791994E-07	193611.9375	-1.00482941434166E-06
82	144.928369634091	0.20294189453125		1.011962890625E-06	1.7315673828125E-06	7.19604492187501E-07	2.05431419431079E-07	200603.15625	-9.53971834860567E-07
83	144.978369633965	0.207977294921875		1.00189208984375E-06	1.7156982421875E-06	7.13806152343749E-07	2.08431956139066E-07	207645.453125	-9.03625448245293E-07
84	145.028369633839	0.2130126953125		9.9334716796875E-07	1.7010498046875E-06	7.0770263671875E-07	2.11595562404909E-07	214439.328125	-8.53744495543651E-07
85	145.078369633712	0.218048095703125		9.844970703125E-07	1.68670654296875E-06	7.0220947265625E-07	2.14667721820661E-07	221481.703125	-8.04298338152876E-07
86	145.128369633586	0.22308349609375		9.75952148437501E-07	1.67327880859375E-06	6.9732666015625E-07	2.17689034798241E-07	228549.09375	-7.55287146603223E-07
87	145.17836963346	0.228118896484375		9.6710205078125E-07	1.6607666015625E-06	6.93664550781249E-07	2.20673257445014E-07	235941.953125	-7.06710750364437E-07
88	145.228369633334	0.233154296875		9.5977783203125E-07	1.649169921875E-06	6.8939208984375E-07	2.23805614041339E-07	242957.078125	-6.58538795050845E-07
89	145.278369633207	0.238189697265625		9.5245361328125E-07	1.6375732421875E-06	6.8511962890625E-07	2.26864642627334E-07	250080.109375	-6.10732968198135E-07
90	145.328369633081	0.24322509765625		9.4512939453125E-07	1.6265869140625E-06	6.81457519531251E-07	2.29879191238069E-07	257345.828125	-5.63293440336565E-07
91	145.378369632955	0.248260498046875		9.381103515625E-07	1.6168212890625E-06	6.787109375E-07	2.32895729368465E-07	264638.90625	-5.1621242391775E-07
92	145.428369632829	0.2532958984375		9.31701660156251E-07	1.60736083984375E-06	6.75659179687499E-07	2.36024646937949E-07	271896.5	-4.69467124730727E-07
93	145.478369632702	0.258331298828125		9.25292968749999E-07	1.597900390625E-06	6.72607421875E-07	2.39032146964746E-07	279188.65625	-4.23042251895822E-07
94	145.528369632576	0.26336669921875		9.1888427734375E-07	1.59027099609375E-06	6.7138671875E-07	2.42003522998857E-07	286615.75	-3.76937833834745E-07
95	145.57836963245	0.268402099609375		9.124755859375E-07	1.58172607421875E-06	6.69250488281251E-07	2.4488250005561E-07	294113.71875	-3.31153842125786E-07
96	145.628369632324	0.2734375		9.0667724609375E-07	1.57379150390625E-06	6.671142578125E-07	2.47919558660215E-07	301581.96875	-2.85675014310982E-07
97	145.678369632197	0.278472900390625		9.002685546875E-07	1.56646728515625E-06	6.66198730468751E-07	2.50700395554304E-07	309322.03125	-2.40501378812041E-07
98	145.728369632071	0.28350830078125		8.95080566406251E-07	1.5594482421875E-06	6.64367675781249E-07	2.53762749480302E-07	316740.5625	-1.95617644749291E-07
99	145.778369631945	0.288543701171875		8.8958740234375E-07	1.5533447265625E-06	6.6375732421875E-07	2.56657699537755E-07	324322.46875	-1.51000946857494E-07
100	145.828369631819	0.2935791015625		8.85009765625E-07	1.5478515625E-06	6.62841796875E-07	2.59847382722E-07	331758.625	-1.06636022678686E-07
101	145.878369631693	0.298614501953125		8.79821777343751E-07	1.5423583984375E-06	6.6253662109375E-07	2.62700694975138E-07	339368.71875	-6.25152338784574E-08
102	145.928369631566	0.30364990234375		8.7554931640625E-07	1.53717041015625E-06	6.61621093749999E-07	2.65860450099353E-07	346810.75	-1.86309563332543E-08
103	145.97836963144	0.308685302734375		8.697509765625E-07	1.53167724609375E-06	6.6192626953125E-07	2.68426248339892E-07	354842.09375	2.50015492753164E-08
104	146.028369631314	0.313720703125		8.65783691406249E-07	1.52801513671875E-06	6.622314453125E-07	2.71614254643282E-07	362354.625	6.83899159525936E-08
105	146.078369631188	0.318756103515625		8.612060546875E-07	1.52374267578125E-06	6.62536621093751E-07	2.74567241831392E-07	370198.4375	1.11564659732721E-07
106	146.128369631061	0.32379150390625		8.5662841796875E-07	1.52008056640625E-06	6.634521484375E-07	2.77368997103622E-07	377983.625	1.54510516381379E-07
107	146.178369630935	0.328826904296875		8.52050781249999E-07	1.5167236328125E-06	6.64672851562501E-07	2.80203209968022E-07	385959.90625	1.97227493003993E-07
108	146.228369630809	0.3338623046875		8.47778320312501E-07	1.51397705078125E-06	6.66198730468749E-07	2.83067095097067E-07	393844.5	2.39723220829546E-07
109	146.278369630683	0.338897705078125		8.4381103515625E-07	1.51123046875E-06	6.6741943359375E-07	2.85991347936942E-07	401663.6875	2.82012962316003E-07
110	146.328369630556	0.34393310546875		8.3953857421875E-07	1.50909423828125E-06	6.695556640625E-07	2.88719462560039E-07	409632.875	3.24096703252508E-07
111	146.37836963043	0.348968505859375		8.35571289062501E-07	1.507568359375E-06	6.71997070312499E-07	2.91562542997781E-07	417604.09375	3.65974443639061E-07
112	146.428369630304	0.35400390625		8.32519531250001E-07	1.50543212890625E-06	6.7291259765625E-07	2.9474057328116E-07	425256.625	4.07676708391591E-07
113	146.478369630178	0.359039306640625		8.2855224609375E-07	1.5045166015625E-06	6.7596435546875E-07	2.9753337571492E-07	433407	4.49203497510098E-07
114	146.528369630051	0.36407470703125		8.251953125E-07	1.5032958984375E-06	6.78100585937499E-07	3.00407549502779E-07	441161.25	4.90547165554744E-07
115	146.578369629925	0.369110107421875		8.21838378906251E-07	1.50238037109375E-06	6.805419921875E-07	3.03323758998886E-07	449090.25	5.31723003405205E-07
116	146.628369629799	0.3741455078125		8.18481445312499E-07	1.50115966796875E-06	6.82678222656251E-07	3.06281094708538E-07	457196.15625	5.72731039483187E-07
117	146.678369629673	0.379180908203125		8.1512451171875E-07	1.5008544921875E-06	6.85729980468751E-07	3.09079638327603E-07	465181.59375	6.13571160101856E-07
118	146.728369629546	0.38421630859375		8.12683105468751E-07	1.500244140625E-06	6.87561035156249E-07	3.12246100975244E-07	472775.09375	6.54266386845848E-07
119	146.77836962942	0.389251708984375		8.09326171875E-07	1.49993896484375E-06	6.9061279296875E-07	3.15056269073466E-07	480995.5	6.94816606028326E-07
120	146.828369629294	0.394287109375		8.0596923828125E-07	1.4996337890625E-06	6.93664550781251E-07	3.17807860028552E-07	489246.53125	7.35198966594908E-07
121	146.878369629168	0.399322509765625		8.03222656249999E-07	1.4996337890625E-06	6.96411132812501E-07	3.20744874215961E-07	497150.46875	7.75428759425267E-07
122	146.928369629042	0.40435791015625		8.0078125E-07	1.4996337890625E-06	6.988525390625E-07	3.238266401695E-07	504992.40625	8.15528892417205E-07
123	146.978369628915	0.409393310546875		7.9833984375E-07	1.50054931640625E-06	7.0220947265625E-07	3.2683499284758E-07	512805.8125	8.55506868902012E-07
124	147.028369628789	0.4144287109375		7.95593261718749E-07	1.50115966796875E-06	7.05566406250001E-07	3.29692397826875E-07	520866.9375	8.95355242391815E-07
125	147.078369628663	0.419464111328125		7.9315185546875E-07	1.5020751953125E-06	7.08923339843749E-07	3.32698732563586E-07	528857.25	9.3507384235636E-07
126	147.128369628537	0.42449951171875		7.91015625E-07	1.50299072265625E-06	7.11975097656251E-07	3.35809886564675E-07	536689.8125	9.74678073362156E-07
127	147.17836962841	0.429534912109375		7.8857421875E-07	1.50482177734375E-06	7.1624755859375E-07	3.38696082735623E-07	544659.4375	1.01416776487895E-06
128	147.228369628284	0.4345703125		7.8643798828125E-07	1.50634765625E-06	7.1990966796875E-07	3.41762586231198E-07	552580.5625	1.05354308743699E-06
129	147.278369628158	0.439605712890625		7.8399658203125E-07	1.5081787109375E-06	7.24182128906249E-07	3.44625419756994E-07	560685.125	1.09280392734945E-06
130	147.328369628032	0.44464111328125		7.81860351562499E-07	1.510009765625E-06	7.28149414062501E-07	3.47671090139556E-07	568735.375	1.13195039830316E-06
131	147.378369627905	0.449676513671875		7.794189453125E-07	1.512451171875E-06	7.33032226562499E-07	3.50510191537978E-07	576977.3125	1.17098238661129E-06
132	147.428369627779	0.4547119140625		7.77587890625001E-07	1.514892578125E-06	7.373046875E-07	3.53554725052163E-07	584733.1875	1.20990750929195E-06
133	147.478369627653	0.459747314453125		7.75146484375E-07	1.5179443359375E-06	7.427978515625E-07	3.56371515408682E-07	593110.25	1.248725880032E-06
134	147.528369627527	0.46478271484375		7.72705078124999E-07	1.52069091796875E-06	7.47985839843751E-07	3.5913996043746E-07	601500.8125	1.28742215110833E-06
135	147.5783696274	0.469818115234375		7.7056884765625E-07	1.5234375E-06	7.52868652343749E-07	3.62027179789948E-07	609703	1.32600405322592E-06
136	147.628369627274	0.474853515625		7.6904296875E-07	1.527099609375E-06	7.58056640625E-07	3.65182756922877E-07	617460.3125	1.3644943237523E-06
137	147.678369627148	0.479888916015625		7.66601562499999E-07	1.53045654296875E-06	7.63854980468751E-07	3.6788358670492E-07	625995.25	1.40288545935618E-06
138	147.728369627022	0.48492431640625		7.6446533203125E-07	1.5338134765625E-06	7.6934814453125E-07	3.70661155102425E-07	634251.5	1.44116211231449E-06
139	147.778369626895	0.489959716796875		7.62939453125E-07	1.5386962890625E-06	7.757568359375E-07	3.73786292584555E-07	642160.0625	1.47934724736842E-06
140	147.828369626769	0.4949951171875		7.6141357421875E-07	1.54205322265625E-06	7.80639648437501E-07	3.76872748120149E-07	650060.125	1.51745598486741E-06
141	147.878369626643	0.500030517578125		7.59277343750001E-07	1.54632568359375E-06	7.87048339843749E-07	3.79661827309974E-07	658561.125	1.55547331814887E-06
142	147.928369626517	0.50506591796875		7.574462890625E-07	1.55120849609375E-06	7.93762207031251E-07	3.82583408509163E-07	666841.25	1.593391402821E-06
143	147.978369626391	0.510101318359375		7.56225585937501E-07	1.5557861328125E-06	7.99560546875E-07	3.85728583296441E-07	674495.5625	1.63123320362502E-06
144	148.028369626264	0.51513671875		7.5408935546875E-07	1.56005859375E-06	8.0596923828125E-07	3.88459113764839E-07	683124.25	1.66899110354279E-06
145	148.078369626138	0.520172119140625		7.51953125E-07	1.56585693359375E-06	8.1390380859375E-07	3.9116798689065E-07	691801.9375	1.70664213783311E-06
146	148.128369626012	0.52520751953125		7.5042724609375E-07	1.571044921875E-06	8.2061767578125E-07	3.94084196386757E-07	699796.6875	1.74420165421907E-06
147	148.178369625886	0.530242919921875		7.4920654296875E-07	1.57745361328125E-06	8.282470703125E-07	3.972386082296E-07	707698.5625	1.78169250375504E-06
148	148.228369625759	0.5352783203125		7.47070312500001E-07	1.58294677734375E-06	8.35876464843749E-07	3.99844935827787E-07	716421.5625	1.81909945240477E-06
149	148.278369625633	0.540313720703125		7.45544433593751E-07	1.5899658203125E-06	8.44421386718749E-07	4.02827879497636E-07	724723.75	1.8564147694633E-06
150	148.328369625507	0.54534912109375		7.43408203125E-07	1.5966796875E-06	8.53271484375E-07	4.05439692485743E-07	733620.6875	1.89363856861746E-06
151	148.378369625381	0.550384521484375		7.4188232421875E-07	1.60400390625E-06	8.6212158203125E-07	4.08297921694611E-07	741834.625	1.93077084986726E-06
152	148.428369625254	0.555419921875		7.3974609375E-07	1.611328125E-06	8.7158203125E-07	4.10892283753128E-07	750866.3125	1.96781161321269E-06
153	148.478369625128	0.560455322265625		7.38525390625E-07	1.62017822265625E-06	8.8165283203125E-07	4.13887931927093E-07	758843	2.00476824829821E-06
154	148.528369625002	0.56549072265625		7.36389160156251E-07	1.6290283203125E-06	8.9263916015625E-07	4.16421244153753E-07	767923.75	2.04164120987116E-06
155	148.578369624876	0.570526123046875		7.33642578125E-07	1.63787841796875E-06	9.04235839843749E-07	4.18539855218114E-07	777620.6875	2.0783920717804E-06
156	148.628369624749	0.5755615234375		7.31811523437501E-07	1.64825439453125E-06	9.16442871093749E-07	4.21157864138877E-07	786405.375	2.11502833735722E-06
157	148.678369624623	0.580596923828125		7.2967529296875E-07	1.6595458984375E-06	9.29870605468751E-07	4.23624953782564E-07	795650.375	2.15156546801154E-06
158	148.728369624497	0.58563232421875		7.27233886718751E-07	1.671142578125E-06	9.43908691406249E-07	4.25891670374767E-07	805287.4375	2.18798822970712E-06
159	148.778369624371	0.590667724609375		7.2479248046875E-07	1.68365478515625E-06	9.58862304687499E-07	4.2811151956812E-07	814947.375	2.22428889173898E-06
160	148.828369624244	0.595703125		7.22351074218749E-07	1.69677734375E-06	9.74426269531251E-07	4.30284728736297E-07	824630.375	2.26046745410713E-06
161	148.878369624118	0.600738525390625		7.19604492187501E-07	1.710205078125E-06	9.906005859375E-07	4.32294143593026E-07	834817.625	2.29651641348028E-06
162	148.928369623992	0.60577392578125		7.1685791015625E-07	1.724853515625E-06	1.00799560546875E-06	4.34231935741991E-07	844997.9375	2.33242803915346E-06
163	148.978369623866	0.610809326171875		7.14111328125E-07	1.739501953125E-06	1.025390625E-06	4.36142272519646E-07	855256.4375	2.36820210375299E-06
164	149.02836962374	0.6158447265625		7.1136474609375E-07	1.75445556640625E-06	1.0430908203125E-06	4.38090239640587E-07	865722.875	2.40383906202624E-06
165	149.078369623613	0.620880126953125		7.086181640625E-07	1.76971435546875E-06	1.06109619140625E-06	4.39923667272524E-07	876098.25	2.43933868659951E-06
166	149.128369623487	0.62591552734375		7.0556640625E-07	1.78436279296875E-06	1.07879638671875E-06	4.41560359831783E-07	886981	2.47469324676786E-06
167	149.178369623361	0.630950927734375		7.03125E-07	1.79901123046875E-06	1.09588623046875E-06	4.43637389935247E-07	897352.4375	2.50991047323623E-06
168	149.228369623235	0.635986328125		7.0159912109375E-07	1.812744140625E-06	1.11114501953125E-06	4.46186021463291E-07	906437.625	2.54502856478211E-06
169	149.278369623108	0.641021728515625		7.01293945312501E-07	1.82586669921875E-06	1.12457275390625E-06	4.49501840193989E-07	913968.6875	2.58010095421923E-06
170	149.328369622982	0.64605712890625		7.000732421875E-07	1.83837890625E-06	1.1383056640625E-06	4.52265908279514E-07	922798.6875	2.61513514487888E-06
171	149.378369622856	0.651092529296875		7.0068359375E-07	1.8499755859375E-06	1.1492919921875E-06	4.5614569899044E-07	929094.0625	2.65015410150227E-06
172	149.42836962273	0.6561279296875		7.0037841796875E-07	1.8609619140625E-06	1.16058349609375E-06	4.59516456885467E-07	936775.625	2.68518056145695E-06
173	149.478369622603	0.661163330078125		7.0220947265625E-07	1.8719482421875E-06	1.16973876953125E-06	4.64210842210377E-07	941416.8125	2.7202452201891E-06
174	149.528369622477	0.66619873046875		7.04345703125001E-07	1.88140869140625E-06	1.17706298828125E-06	4.69191206775577E-07	945753.9375	2.75540924121742E-06
175	149.578369622351	0.671234130859375		7.07397460937501E-07	1.8914794921875E-06	1.18408203125E-06	4.74742932965455E-07	948705.8125	2.79070286524075E-06
176	149.628369622225	0.67626953125		7.0953369140625E-07	1.90185546875E-06	1.19232177734375E-06	4.79771017580788E-07	952989.3125	2.82612609225907E-06
177	149.678369622098	0.681304931640625		7.1258544921875E-07	1.912841796875E-06	1.20025634765625E-06	4.85444445530447E-07	956017.1875	2.8616789222724E-06
178	149.728369621972	0.68634033203125		7.1533203125E-07	1.92535400390625E-06	1.21002197265625E-06	4.90895729399199E-07	959343	2.89737704406434E-06
179	149.778369621846	0.691375732421875		7.171630859375E-07	1.939697265625E-06	1.2225341796875E-06	4.95763458729925E-07	963914.9375	2.93318930744135E-06
180	149.82836962172	0.6964111328125		7.17773437499999E-07	1.95556640625E-06	1.23779296875E-06	4.99799682529556E-07	970110.5625	2.96906273433706E-06
181	149.878369621593	0.701446533203125		7.183837890625E-07	1.97357177734375E-06	1.25518798828125E-06	5.03820103858743E-07	976253.1875	3.00496662930527E-06
182	149.928369621467	0.70648193359375		7.1624755859375E-07	1.99432373046875E-06	1.278076171875E-06	5.05950367823971E-07	986237.75	3.04083255286969E-06
183	149.978369621341	0.711517333984375		7.14111328125E-07	2.01995849609375E-06	1.30584716796875E-06	5.08080802319455E-07	996324.8125	3.07659138343297E-06
184	150.028369621215	0.716552734375		7.098388671875E-07	2.049560546875E-06	1.3397216796875E-06	5.08615300987003E-07	1009415.3125	3.11219014292874E-06
185	150.078369621089	0.721588134765625		7.037353515625E-07	2.08343505859375E-06	1.37969970703125E-06	5.07721154008323E-07	1025195.1875	3.14752946906083E-06
186	150.128369620962	0.72662353515625		6.9610595703125E-07	2.122802734375E-06	1.42669677734375E-06	5.05764489844296E-07	1043752.8125	3.182525460943E-06
187	150.178369620836	0.731658935546875		6.86035156250001E-07	2.16766357421875E-06	1.48162841796875E-06	5.01880947467725E-07	1066370.125	3.21707898365275E-06
188	150.22836962071	0.7366943359375		6.73828125000001E-07	2.218017578125E-06	1.544189453125E-06	4.96364179980446E-07	1093206.625	3.25107566823135E-06
189	150.278369620584	0.741729736328125		6.5948486328125E-07	2.275390625E-06	1.61590576171875E-06	4.89099136302684E-07	1124572	3.28440842167765E-06
190	150.328369620457	0.74676513671875		6.427001953125E-07	2.3394775390625E-06	1.69677734375E-06	4.79906873351865E-07	1161823.375	3.31696310240659E-06
191	150.378369620331	0.751800537109375		6.25000000000001E-07	2.410888671875E-06	1.785888671875E-06	4.69779962486427E-07	1202636.75	3.34865558215824E-06
192	150.428369620205	0.7568359375		6.02111816406251E-07	2.489013671875E-06	1.88690185546875E-06	4.5606736875925E-07	1257982.75	3.37933352057007E-06
193	150.478369620079	0.761871337890625		5.7830810546875E-07	2.5732421875E-06	1.99493408203125E-06	4.40861100514667E-07	1318205.75	3.4088438951585E-06
194	150.528369619952	0.76690673828125		5.52978515624999E-07	2.662353515625E-06	2.109375E-06	4.24251709318924E-07	1387417.25	3.43712599715218E-06
195	150.578369619826	0.771942138671875		5.2520751953125E-07	2.75634765625E-06	2.23114013671875E-06	4.05830490990411E-07	1471237.75	3.46408069162862E-06
196	150.6283696197	0.7769775390625		4.974365234375E-07	2.85247802734375E-06	2.35504150390625E-06	3.86648821404378E-07	1562576.625	3.48964681506914E-06
197	150.678369619574	0.782012939453125		4.70886230468751E-07	2.94891357421875E-06	2.47802734375E-06	3.68454664112505E-07	1661698	3.51385483554623E-06
198	150.728369619447	0.78704833984375		4.4525146484375E-07	3.04168701171875E-06	2.596435546875E-06	3.50570303453424E-07	1768334.5	3.5367584132473E-06
199	150.778369619321	0.792083740234375		4.23278808593749E-07	3.13079833984375E-06	2.70751953125E-06	3.35466012302277E-07	1872386.5	3.55847168975743E-06
200	150.828369619195	0.797119140625		4.0557861328125E-07	3.21044921875E-06	2.80487060546875E-06	3.23418220204985E-07	1966140.125	3.57919293492159E-06
201	150.878369619069	0.802154541015625		3.9520263671875E-07	3.28033447265625E-06	2.8851318359375E-06	3.17073869382511E-07	2030115.875	3.59921250492334E-06
202	150.928369618942	0.80718994140625		3.924560546875E-07	3.33648681640625E-06	2.94403076171875E-06	3.16786582743589E-07	2056765.125	3.61890397471143E-06
203	150.978369618816	0.812225341796875		3.985595703125E-07	3.37890625E-06	2.9803466796875E-06	3.23902611398807E-07	2039050.625	3.63867934538575E-06
204	151.02836961869	0.8172607421875		4.14123535156249E-07	3.40362548828125E-06	2.989501953125E-06	3.38573272529175E-07	1974207.875	3.65899654752866E-06
205	151.078369618564	0.822296142578125		4.41894531250001E-07	3.4124755859375E-06	2.9705810546875E-06	3.63300728167815E-07	1860497.25	3.68039695786138E-06
206	151.128369618438	0.82733154296875		4.7943115234375E-07	3.4051513671875E-06	2.92572021484375E-06	3.96794831658553E-07	1726289	3.70343013855745E-06
207	151.178369618311	0.832366943359375		5.2764892578125E-07	3.3837890625E-06	2.85614013671875E-06	4.39278039721103E-07	1577790.625	3.7286069982656E-06
208	151.228369618185	0.83740234375		5.8319091796875E-07	3.348388671875E-06	2.76519775390625E-06	4.88721411784354E-07	1436944	3.75637819161057E-06
209	151.278369618059	0.842437744140625		6.45751953125E-07	3.3026123046875E-06	2.6568603515625E-06	5.44301371974143E-07	1305293.125	3.78710160475748E-06
210	151.328369617933	0.84747314453125		7.14111328125E-07	3.2489013671875E-06	2.5347900390625E-06	6.05190166425018E-07	1186752.125	3.82109828933608E-06
211	151.378369617806	0.852508544921875		7.830810546875E-07	3.19061279296875E-06	2.40753173828125E-06	6.6746378024618E-07	1088464.625	3.85852808904019E-06
212	151.42836961768	0.8575439453125		8.5296630859375E-07	3.12835693359375E-06	2.275390625E-06	7.31716397694981E-07	1005724.5	3.89942943002097E-06
213	151.478369617554	0.862579345703125		9.21020507812501E-07	3.06549072265625E-06	2.14447021484375E-06	7.94593802311283E-07	936713.0625	3.94377912016353E-06
214	151.528369617428	0.86761474609375		9.85107421875001E-07	3.00384521484375E-06	2.01873779296875E-06	8.54693666951789E-07	880731.125	3.99143209506292E-06
215	151.578369617301	0.872650146484375		1.04339599609375E-06	2.945556640625E-06	1.90216064453125E-06	9.10997300707095E-07	836794.4375	4.04214461013908E-06
216	151.628369617175	0.877685546875		1.0955810546875E-06	2.89154052734375E-06	1.79595947265625E-06	9.6157566531474E-07	801114.1875	4.09561926062452E-06
217	151.678369617049	0.882720947265625		1.14044189453125E-06	2.84271240234375E-06	1.7022705078125E-06	1.00616989584523E-06	773615.1875	4.15151953347959E-06
218	151.728369616923	0.88775634765625		1.17919921875E-06	2.8009033203125E-06	1.6217041015625E-06	1.04720140825521E-06	753105.5625	4.20951073465403E-06
219	151.778369616796	0.892791748046875		1.209716796875E-06	2.76519775390625E-06	1.55548095703125E-06	1.07947141714249E-06	737638.8125	4.26923361374065E-06
220	151.82836961667	0.8978271484375		1.234130859375E-06	2.735595703125E-06	1.50146484375E-06	1.10803625830158E-06	727497.5	4.33032982982695E-06
221	151.878369616544	0.902862548828125		1.2530517578125E-06	2.713623046875E-06	1.4605712890625E-06	1.13152475478273E-06	720652.6875	4.39250925410306E-06
222	151.928369616418	0.90789794921875		1.26495361328125E-06	2.69866943359375E-06	1.4337158203125E-06	1.14883471269422E-06	717973.5	4.45545947513892E-06
223	151.978369616292	0.912933349609375		1.27197265625E-06	2.6910400390625E-06	1.4190673828125E-06	1.1614204140642E-06	717850.25	4.51888263341971E-06
224	152.028369616165	0.91796875		1.27471923828125E-06	2.68951416015625E-06	1.414794921875E-06	1.16976343633723E-06	719894.6875	4.58254999102792E-06
225	152.078369616039	0.923004150390625		1.27349853515625E-06	2.69500732421875E-06	1.4215087890625E-06	1.17602735372202E-06	725137.8125	4.6462555474136E-06
226	152.128369615913	0.92803955078125		1.2677001953125E-06	2.70538330078125E-06	1.43768310546875E-06	1.1772497146012E-06	732546.9375	4.70978557132185E-06
227	152.178369615787	0.933074951171875		1.259765625E-06	2.7215576171875E-06	1.4617919921875E-06	1.17564786705771E-06	740794.625	4.77297180623282E-06
228	152.22836961566	0.9381103515625		1.2493896484375E-06	2.7398681640625E-06	1.490478515625E-06	1.1724465593943E-06	751099.1875	4.83570102005615E-06
229	152.278369615534	0.943145751953125		1.2371826171875E-06	2.7618408203125E-06	1.524658203125E-06	1.16703222374781E-06	762456.875	4.89786498292233E-06
230	152.328369615408	0.94818115234375		1.22467041015625E-06	2.78533935546875E-06	1.5606689453125E-06	1.16158309992898E-06	774482.9375	4.959411398886E-06
231	152.378369615282	0.953216552734375		1.2115478515625E-06	2.80731201171875E-06	1.59576416015625E-06	1.15505224584922E-06	786901.8125	5.02031707583228E-06
232	152.428369615155	0.958251953125		1.19903564453125E-06	2.8277587890625E-06	1.62872314453125E-06	1.14897818548343E-06	799185.5625	5.08058155901381E-06
233	152.478369615029	0.963287353515625		1.1883544921875E-06	2.845458984375E-06	1.6571044921875E-06	1.14490808300616E-06	810734.5	5.14026623932295E-06
234	152.528369614903	0.96832275390625		1.18072509765625E-06	2.85858154296875E-06	1.6778564453125E-06	1.14368333470338E-06	820367	5.19949344379711E-06
235	152.578369614777	0.973358154296875		1.1767578125E-06	2.8643798828125E-06	1.6876220703125E-06	1.14558633868E-06	827282.1875	5.2584305194614E-06
236	152.62836961465	0.9783935546875		1.177978515625E-06	2.8643798828125E-06	1.6864013671875E-06	1.15324553462415E-06	831088.125	5.3172989282757E-06
237	152.678369614524	0.983428955078125		1.18316650390625E-06	2.857666015625E-06	1.67449951171875E-06	1.16301850994205E-06	830797.0625	5.37632740815752E-06
238	152.728369614398	0.98846435546875		1.1932373046875E-06	2.8448486328125E-06	1.651611328125E-06	1.17983665859356E-06	828644.5	5.43573742106673E-06
239	152.778369614272	0.993499755859375		1.20880126953125E-06	2.82562255859375E-06	1.6168212890625E-06	1.20075924314733E-06	821762.1875	5.49578862774069E-06
240	152.828369614145	0.99853515625		1.22894287109375E-06	2.8009033203125E-06	1.57196044921875E-06	1.22714266126422E-06	812515.5	5.55673204871709E-06
241	152.878369614019	1.00357055664063		1.2518310546875E-06	2.77191162109375E-06	1.52008056640625E-06	1.25649171422992E-06	801804	5.61875140192569E-06
242	152.928369613893	1.00860595703125		1.27716064453125E-06	2.73895263671875E-06	1.4617919921875E-06	1.28893134387909E-06	790203.125	5.68197629036149E-06
243	152.978369613767	1.01364135742188		1.30401611328125E-06	2.703857421875E-06	1.39984130859375E-06	1.32200364078017E-06	777439.75	5.74650539419963E-06
244	153.028369613641	1.0186767578125		1.33209228515625E-06	2.667236328125E-06	1.33514404296875E-06	1.3561583500632E-06	764261.1875	5.8124082897848E-06
245	153.078369613514	1.02371215820313		1.35833740234375E-06	2.63092041015625E-06	1.2725830078125E-06	1.3903392073189E-06	753538.5625	5.87966906095971E-06
246	153.128369613388	1.02874755859375		1.38336181640625E-06	2.59429931640625E-06	1.2109375E-06	1.42313001560979E-06	743657.625	5.94821176491678E-06
247	153.178369613262	1.03378295898438		1.40625E-06	2.55889892578125E-06	1.15264892578125E-06	1.45397189044161E-06	735243.0625	6.01795181864873E-06
248	153.228369613136	1.038818359375		1.42669677734375E-06	2.5244140625E-06	1.09771728515625E-06	1.48251410792E-06	728342.25	6.08877553531784E-06
249	153.278369613009	1.04385375976563		1.44439697265625E-06	2.49237060546875E-06	1.0479736328125E-06	1.50751884575584E-06	722586.125	6.16055285718176E-06
250	153.328369612883	1.04888916015625		1.45904541015625E-06	2.462158203125E-06	1.00311279296875E-06	1.53082214637834E-06	719096.4375	6.23313871983555E-06
251	153.378369612757	1.05392456054688		1.47125244140625E-06	2.43408203125E-06	9.6282958984375E-07	1.55036457272217E-06	716241.4375	6.30639624432661E-06
252	153.428369612631	1.0589599609375		1.4813232421875E-06	2.4078369140625E-06	9.26513671875E-07	1.5682098819525E-06	714668.3125	6.3802108343225E-06
253	153.478369612504	1.06399536132813		1.48895263671875E-06	2.38372802734375E-06	8.94775390625E-07	1.58401155658794E-06	714490.6875	6.45446743874345E-06
254	153.528369612378	1.06903076171875		1.49444580078125E-06	2.36236572265625E-06	8.67919921875E-07	1.5971523907865E-06	715131.75	6.52905282549909E-06
255	153.578369612252	1.07406616210938		1.497802734375E-06	2.34222412109375E-06	8.44421386718749E-07	1.6085106153696E-06	716992.6875	6.60385876471992E-06
256	153.628369612126	1.0791015625		1.5008544921875E-06	2.32421875E-06	8.23364257812499E-07	1.61957439104299E-06	718991.5	6.6788252297556E-06
257	153.678369611999	1.08413696289063		1.50177001953125E-06	2.30804443359375E-06	8.06274414062501E-07	1.62743685905298E-06	721601.3125	6.75389082971378E-06
258	153.728369611873	1.08917236328125		1.5020751953125E-06	2.29278564453125E-06	7.90710449218751E-07	1.63556035204238E-06	724908.5625	6.82898689774447E-06
259	153.778369611747	1.09420776367188		1.50146484375E-06	2.2796630859375E-06	7.781982421875E-07	1.64268533353606E-06	728658.5625	6.90407568981755E-06
260	153.828369611621	1.0992431640625		1.49993896484375E-06	2.266845703125E-06	7.66906738281251E-07	1.64833977578382E-06	732655.1875	6.97911036695587E-06
261	153.878369611494	1.10427856445313		1.49810791015625E-06	2.2552490234375E-06	7.5714111328125E-07	1.65409983310383E-06	737013.6875	7.05406182532897E-06
262	153.928369611368	1.10931396484375		1.49627685546875E-06	2.244873046875E-06	7.48596191406249E-07	1.66029735737538E-06	741586.8125	7.1289214247372E-06
263	153.978369611242	1.11434936523438		1.494140625E-06	2.2357177734375E-06	7.415771484375E-07	1.665222612246E-06	745915	7.20368188922293E-06
264	154.028369611116	1.119384765625		1.4910888671875E-06	2.22747802734375E-06	7.36389160156251E-07	1.66910206189641E-06	750716.375	7.27831275071367E-06
265	154.07836961099	1.12442016601563		1.48895263671875E-06	2.2198486328125E-06	7.3089599609375E-07	1.67398115991091E-06	755072.75	7.35281355446205E-06
266	154.128369610863	1.12945556640625		1.48651123046875E-06	2.213134765625E-06	7.2662353515625E-07	1.67940197570715E-06	760008.1875	7.42720021662535E-06
267	154.178369610737	1.13449096679688		1.4837646484375E-06	2.20672607421875E-06	7.22961425781251E-07	1.68309122727806E-06	764500.1875	7.50145727579365E-06
268	154.228369610611	1.1395263671875		1.4813232421875E-06	2.200927734375E-06	7.19604492187499E-07	1.6880069324543E-06	769262.4375	7.5755842772196E-06
269	154.278369610485	1.14456176757813		1.4788818359375E-06	2.19573974609375E-06	7.1685791015625E-07	1.69154327522847E-06	773421.375	7.64958895160817E-06
270	154.328369610358	1.14959716796875		1.47613525390625E-06	2.19085693359375E-06	7.14721679687501E-07	1.6965104805422E-06	778581.75	7.72346447774908E-06
271	154.378369610232	1.15463256835938		1.4739990234375E-06	2.1868896484375E-06	7.12890625E-07	1.70170233104727E-06	783229.875	7.79721813159995E-06
272	154.428369610106	1.15966796875		1.4715576171875E-06	2.18292236328125E-06	7.11364746093751E-07	1.70651810549316E-06	788054.8125	7.8708571891184E-06
273	154.47836960998	1.16470336914063		1.4691162109375E-06	2.18017578125E-06	7.110595703125E-07	1.71130875514791E-06	792895.6875	7.94437437434681E-06
274	154.528369609853	1.16973876953125		1.46759033203125E-06	2.177734375E-06	7.10144042968749E-07	1.71714521002286E-06	797255.125	8.01779151515802E-06
275	154.578369609727	1.17477416992188		1.46575927734375E-06	2.17498779296875E-06	7.09228515624999E-07	1.72171246504149E-06	801374.125	8.09112498245668E-06
276	154.628369609601	1.1798095703125		1.46392822265625E-06	2.1734619140625E-06	7.0953369140625E-07	1.72670968368038E-06	805711.9375	8.16436750028515E-06
277	154.678369609475	1.18484497070313		1.46270751953125E-06	2.171630859375E-06	7.08923339843749E-07	1.73375121903518E-06	810348.4375	8.23753362055868E-06
278	154.728369609348	1.18988037109375		1.461181640625E-06	2.17071533203125E-06	7.0953369140625E-07	1.73818534676684E-06	814118.6875	8.31063061923487E-06
279	154.778369609222	1.19491577148438		1.4605712890625E-06	2.1697998046875E-06	7.09228515625E-07	1.74459103163827E-06	817801.9375	8.38367486721836E-06
280	154.828369609096	1.199951171875		1.4593505859375E-06	2.16949462890625E-06	7.10144042968751E-07	1.75070397290256E-06	822041	8.45667273097206E-06
281	154.87836960897	1.20498657226563		1.45904541015625E-06	2.17041015625E-06	7.1136474609375E-07	1.75879802100098E-06	826187	8.52963239594828E-06
282	154.928369608843	1.21002197265625		1.4593505859375E-06	2.17071533203125E-06	7.11364746093751E-07	1.76540083884902E-06	828941.875	8.60259206092451E-06
283	154.978369608717	1.21505737304688		1.458740234375E-06	2.17132568359375E-06	7.1258544921875E-07	1.77223034825147E-06	832845.25	8.67554444994312E-06
284	155.028369608591	1.2200927734375		1.45904541015625E-06	2.1734619140625E-06	7.1441650390625E-07	1.7801706917453E-06	836226.75	8.74848956300411E-06
285	155.078369608465	1.22512817382813		1.458740234375E-06	2.17559814453125E-06	7.1685791015625E-07	1.78781135673489E-06	840167.4375	8.82143376657041E-06
286	155.128369608339	1.23016357421875		1.45965576171875E-06	2.177734375E-06	7.18078613281249E-07	1.7951699646801E-06	842567.4375	8.89439343154663E-06
287	155.178369608212	1.23519897460938		1.46026611328125E-06	2.18017578125E-06	7.1990966796875E-07	1.80349627498799E-06	845768.0625	8.96739220479503E-06
288	155.228369608086	1.240234375		1.461181640625E-06	2.18414306640625E-06	7.22961425781249E-07	1.81220764261525E-06	848788.6875	9.04042826732621E-06
289	155.27836960796	1.24526977539063		1.46209716796875E-06	2.188720703125E-06	7.2662353515625E-07	1.82048222541198E-06	851596.8125	9.11350980459247E-06
290	155.328369607834	1.25030517578125		1.4642333984375E-06	2.1929931640625E-06	7.28759765624999E-07	1.83118538643612E-06	854105.875	9.18666864890838E-06
291	155.378369607707	1.25534057617188		1.46575927734375E-06	2.19818115234375E-06	7.32421875E-07	1.84025077487604E-06	856548	9.25991844269447E-06
292	155.428369607581	1.2603759765625		1.4678955078125E-06	2.203369140625E-06	7.354736328125E-07	1.85054818757635E-06	858835.8125	9.33325918595074E-06
293	155.478369607455	1.26541137695313		1.4703369140625E-06	2.20947265625E-06	7.391357421875E-07	1.86035663318762E-06	860523.0625	9.40671543503413E-06
294	155.528369607329	1.27044677734375		1.47308349609375E-06	2.21588134765625E-06	7.427978515625E-07	1.87147406904842E-06	862440.5	9.48030083236517E-06
295	155.578369607202	1.27548217773438		1.47613525390625E-06	2.22320556640625E-06	7.470703125E-07	1.88255899047363E-06	863965.25	9.5540308393538E-06
296	155.628369607076	1.280517578125		1.47918701171875E-06	2.2314453125E-06	7.5225830078125E-07	1.89457625765499E-06	865896.4375	9.62791455094703E-06
297	155.67836960695	1.28555297851563		1.483154296875E-06	2.239990234375E-06	7.568359375E-07	1.9059945088884E-06	866460.9375	9.70197288552299E-06
298	155.728369606824	1.29058837890625		1.48681640625E-06	2.24884033203125E-06	7.62023925781251E-07	1.91886783795781E-06	868021.375	9.77622221398633E-06
299	155.778369606697	1.29562377929688		1.49078369140625E-06	2.25830078125E-06	7.6751708984375E-07	1.93217715604987E-06	869396.125	9.85066162684234E-06
300	155.828369606571	1.3006591796875		1.495361328125E-06	2.26898193359375E-06	7.7362060546875E-07	1.94449899026949E-06	869591.875	9.92531568044797E-06
301	155.878369606445	1.30569458007813		1.50054931640625E-06	2.27996826171875E-06	7.794189453125E-07	1.95948791770206E-06	870246.125	1.00002134786337E-05
302	155.928369606319	1.31072998046875		1.5057373046875E-06	2.291259765625E-06	7.855224609375E-07	1.97361487153103E-06	870490.5	1.00753704828094E-05
303	155.978369606192	1.31576538085938		1.51092529296875E-06	2.3028564453125E-06	7.9193115234375E-07	1.98779252968961E-06	870733.1875	1.01507866929751E-05
304	156.028369606066	1.32080078125		1.51702880859375E-06	2.31536865234375E-06	7.9833984375E-07	2.00508156922297E-06	871253.3125	1.02264857559931E-05
305	156.07836960594	1.32583618164063		1.52252197265625E-06	2.327880859375E-06	8.05358886718751E-07	2.01931175070058E-06	871116.4375	1.03024749478209E-05
306	156.128369605814	1.33087158203125		1.52862548828125E-06	2.34130859375E-06	8.12683105468749E-07	2.03440413315548E-06	870632.875	1.03787533589639E-05
307	156.178369605688	1.33590698242188		1.53533935546875E-06	2.354736328125E-06	8.1939697265625E-07	2.05130481845117E-06	870204.8125	1.04553528217366E-05
308	156.228369605561	1.3409423828125		1.54144287109375E-06	2.36846923828125E-06	8.270263671875E-07	2.06698609872547E-06	869926.75	1.05322724266443E-05
309	156.278369605435	1.34597778320313		1.5478515625E-06	2.38250732421875E-06	8.3465576171875E-07	2.08360984288447E-06	869676.6875	1.06095048977295E-05
310	156.328369605309	1.35101318359375		1.55548095703125E-06	2.39715576171875E-06	8.41674804687501E-07	2.10052576221642E-06	868157.75	1.06870875242748E-05
311	156.378369605183	1.35604858398438		1.5625E-06	2.41241455078125E-06	8.4991455078125E-07	2.11858741749893E-06	867773.4375	1.07650375866797E-05
312	156.428369605056	1.361083984375		1.5692138671875E-06	2.42767333984375E-06	8.58459472656251E-07	2.13535304283141E-06	867172.3125	1.08433305285871E-05
313	156.47836960493	1.36611938476563		1.575927734375E-06	2.442626953125E-06	8.6669921875E-07	2.15314594242955E-06	866963.5625	1.09219590740395E-05
314	156.528369604804	1.37115478515625		1.583251953125E-06	2.45819091796875E-06	8.7493896484375E-07	2.17040019379056E-06	865844.3125	1.1000937774952E-05
315	156.578369604678	1.37619018554688		1.59027099609375E-06	2.474365234375E-06	8.84094238281251E-07	2.18778723137802E-06	865093.125	1.10802766357665E-05
316	156.628369604551	1.3812255859375		1.597900390625E-06	2.49114990234375E-06	8.93249511718751E-07	2.20706078835065E-06	864400.3125	1.11599802039564E-05
317	156.678369604425	1.38626098632813		1.60491943359375E-06	2.5079345703125E-06	9.0301513671875E-07	2.22606149691273E-06	864232.8125	1.12400512080058E-05
318	156.728369604299	1.39129638671875		1.612548828125E-06	2.52593994140625E-06	9.13391113281249E-07	2.24451741814846E-06	863171.875	1.13204878289253E-05
319	156.778369604173	1.39633178710938		1.61895751953125E-06	2.545166015625E-06	9.2620849609375E-07	2.26035490413778E-06	862393.9375	1.14012755147996E-05
320	156.828369604046	1.4013671875		1.6265869140625E-06	2.56591796875E-06	9.393310546875E-07	2.27994178203517E-06	861726.125	1.14824142656289E-05
321	156.87836960392	1.40640258789063		1.63482666015625E-06	2.589111328125E-06	9.5428466796875E-07	2.29847591981525E-06	859996.3125	1.15639495561481E-05
322	156.928369603794	1.41143798828125		1.6436767578125E-06	2.61444091796875E-06	9.7076416015625E-07	2.31994772548205E-06	858707.8125	1.16459123091772E-05
323	156.978369603668	1.41647338867188		1.65252685546875E-06	2.64251708984375E-06	9.89990234374999E-07	2.34101253226981E-06	857248.375	1.17283170766314E-05
324	157.028369603541	1.4215087890625		1.66259765625E-06	2.67364501953125E-06	1.01104736328125E-06	2.36390451391344E-06	855176.25	1.18111947813304E-05
325	157.078369603415	1.42654418945313		1.67388916015625E-06	2.70782470703125E-06	1.033935546875E-06	2.38762140725157E-06	852142.25	1.18946072689141E-05
326	157.128369603289	1.43157958984375		1.68609619140625E-06	2.74658203125E-06	1.06048583984375E-06	2.41326642935746E-06	848868.75	1.19786072900752E-05
327	157.178369603163	1.43661499023438		1.70013427734375E-06	2.78839111328125E-06	1.0882568359375E-06	2.44217903855315E-06	844911.1875	1.20632630569162E-05
328	157.228369603037	1.441650390625		1.715087890625E-06	2.83416748046875E-06	1.11907958984375E-06	2.47255707108707E-06	840569.4375	1.21486427815398E-05
329	157.27836960291	1.44668579101563		1.73126220703125E-06	2.88360595703125E-06	1.15234375E-06	2.50485663855216E-06	835713.0625	1.22348019431229E-05
330	157.328369602784	1.45172119140625		1.7498779296875E-06	2.935791015625E-06	1.1859130859375E-06	2.54033488999994E-06	829612.8125	1.23218305816408E-05
331	157.378369602658	1.45675659179688		1.76910400390625E-06	2.9925537109375E-06	1.22344970703125E-06	2.57742385656456E-06	823529.4375	1.24098050946486E-05
332	157.428369602532	1.4617919921875		1.79046630859375E-06	3.0517578125E-06	1.26129150390625E-06	2.61728928308003E-06	816430.875	1.24987946037436E-05
333	157.478369602405	1.46682739257813		1.81396484375E-06	3.11431884765625E-06	1.30035400390625E-06	2.66049642050348E-06	808546.4375	1.25889046103111E-05
334	157.528369602279	1.47186279296875		1.83929443359375E-06	3.17901611328125E-06	1.3397216796875E-06	2.7066278107668E-06	800066.375	1.26802369777579E-05
335	157.578369602153	1.47689819335938		1.866455078125E-06	3.2464599609375E-06	1.3800048828125E-06	2.75741854238731E-06	791530.4375	1.27728799270699E-05
336	157.628369602027	1.48193359375		1.8951416015625E-06	3.314208984375E-06	1.4190673828125E-06	2.80847393696604E-06	781964.625	1.28669198602438E-05
337	157.6783696019	1.48696899414063		1.9256591796875E-06	3.38226318359375E-06	1.45660400390625E-06	2.863689132937E-06	772266.3125	1.29624404507922E-05
338	157.728369601774	1.49200439453125		1.9561767578125E-06	3.4490966796875E-06	1.492919921875E-06	2.91862420453981E-06	762714.5625	1.30594862639555E-05
339	157.778369601648	1.49703979492188		1.98822021484375E-06	3.5150146484375E-06	1.52679443359375E-06	2.97674819194071E-06	753031.4375	1.31580964080058E-05
340	157.828369601522	1.5020751953125		2.02056884765625E-06	3.57818603515625E-06	1.5576171875E-06	3.03566298498481E-06	743543.25	1.32583154481836E-05
