Potential - Start -0.5 V, Stop 1.5 V, Step 0.005 V; Modulation - Amplitude 0.05 V, Time 0.025 s, Interval time 0.05 s
Index	Base.Time (s)	Potential applied (V)	WE(1).Base.Potential (V)	WE(1).Base.Current (A)	WE(1).Pulse.Current (A)	WE(1).δ.Current (A)	WE(1).Base.Power (W)	WE(1).Base.Resistance (Ω)	WE(1).Base.Charge (C)
1	151.997544616243	-0.500030517578125		-8.099365234375E-07	-6.01196289062494E-08	7.49816894531251E-07	4.04943534704216E-07	617294.625	0
2	152.047544616117	-0.4949951171875		-1.06353759765625E-06	-8.14819335937494E-08	9.820556640625E-07	5.26575718140521E-07	465538.0625	-4.68368526185259E-08
3	152.097544615991	-0.489959716796875		-1.058349609375E-06	-6.92749023437495E-08	9.89074707031251E-07	5.1854863158951E-07	462946.96875	-9.9884026383279E-08
4	152.147544615864	-0.48492431640625		-1.03363037109375E-06	-5.4931640625E-08	9.78698730468749E-07	5.01200986491313E-07	469117.21875	-1.52183531554329E-07
5	152.197544615738	-0.479888916015625		-1.01348876953125E-06	-3.87573242187494E-08	9.747314453125E-07	4.86300166357978E-07	473441.75	-2.03361508965827E-07
6	152.247544615612	-0.474853515625		-9.9151611328125E-07	-2.31933593749997E-08	9.68322753906251E-07	4.70794645934802E-07	478885.8125	-2.53486632573185E-07
7	152.297544615486	-0.469818115234375		-9.716796875E-07	-7.62939453125E-09	9.6405029296875E-07	4.56423776995507E-07	483417.09375	-3.02566519394532E-07
8	152.347544615359	-0.46478271484375		-9.5245361328125E-07	7.01904296875056E-09	9.5947265625E-07	4.4274210608819E-07	488048.71875	-3.50669864701558E-07
9	152.397544615233	-0.459747314453125		-9.36279296875001E-07	2.38037109375006E-08	9.60083007812501E-07	4.30394720751792E-07	490971.34375	-3.97888186398632E-07
10	152.447544615107	-0.4547119140625		-9.1705322265625E-07	3.63159179687503E-08	9.53369140625E-07	4.17162908661339E-07	496039.96875	-4.44221484485752E-07
11	152.497544614981	-0.449676513671875		-9.0362548828125E-07	5.12695312500006E-08	9.5489501953125E-07	4.06477028036534E-07	497804.8125	-4.89738454234612E-07
12	152.547544614854	-0.44464111328125		-8.880615234375E-07	6.31713867187495E-08	9.51232910156249E-07	3.95112550677368E-07	500996.59375	-5.34530613549578E-07
13	152.597544614728	-0.439605712890625		-8.7493896484375E-07	7.69042968749994E-08	9.51843261718749E-07	3.84654867957579E-07	502476.46875	-5.78605636292195E-07
14	152.647544614602	-0.4345703125		-8.6090087890625E-07	8.97216796875003E-08	9.5062255859375E-07	3.74253318113915E-07	504962.78125	-6.22001607553102E-07
15	152.697544614476	-0.429534912109375		-8.49304199218751E-07	1.02844238281249E-07	9.521484375E-07	3.64935374363995E-07	505928.875	-6.64756782953191E-07
16	152.74754461435	-0.42449951171875		-8.3740234375E-07	1.13525390624999E-07	9.50927734375E-07	3.55400203488898E-07	506814.90625	-7.06924424775934E-07
17	152.797544614223	-0.419464111328125		-8.2550048828125E-07	1.26953125E-07	9.5245361328125E-07	3.46267825079849E-07	508133.09375	-7.48496972846624E-07
18	152.847544614097	-0.4144287109375		-8.135986328125E-07	1.373291015625E-07	9.50927734375E-07	3.37079313794675E-07	509227.3125	-7.89474484008679E-07
19	152.897544613971	-0.409393310546875		-8.0413818359375E-07	1.483154296875E-07	9.5245361328125E-07	3.29208774019207E-07	509108.1875	-8.29917894407117E-07
20	152.947544613845	-0.40435791015625		-7.9345703125E-07	1.59912109375E-07	9.53369140625E-07	3.20985890311931E-07	509846.1875	-8.69857785801287E-07
21	152.997544613718	-0.399322509765625		-7.83691406250001E-07	1.70288085937501E-07	9.53979492187501E-07	3.13017380904057E-07	509657.3125	-9.09286484329641E-07
22	153.047544613592	-0.394287109375		-7.74230957031249E-07	1.800537109375E-07	9.5428466796875E-07	3.05458314642237E-07	509578.25	-9.48234514908108E-07
23	153.097544613466	-0.389251708984375		-7.6629638671875E-07	1.9195556640625E-07	9.58251953125E-07	2.98422492051031E-07	508203.9375	-9.86747750175709E-07
24	153.14754461334	-0.38421630859375		-7.5836181640625E-07	1.98974609374999E-07	9.57336425781249E-07	2.91583262423956E-07	507002.03125	-1.02486421837966E-06
25	153.197544613213	-0.379180908203125		-7.5042724609375E-07	2.1087646484375E-07	9.613037109375E-07	2.84753781443214E-07	505652.71875	-1.06258391951997E-06
26	153.247544613087	-0.3741455078125		-7.4493408203125E-07	2.178955078125E-07	9.6282958984375E-07	2.7880466291208E-07	502417.03125	-1.09996790342848E-06
27	153.297544612961	-0.369110107421875		-7.36389160156251E-07	2.28271484375001E-07	9.64660644531251E-07	2.72010936441802E-07	501616.25	-1.13700104975578E-06
28	153.347544612835	-0.36407470703125		-7.2784423828125E-07	2.38952636718751E-07	9.66796875000001E-07	2.64900819502145E-07	500041.9375	-1.17360684726009E-06
29	153.397544612708	-0.359039306640625		-7.24182128906251E-07	2.4871826171875E-07	9.72900390625001E-07	2.60031924881332E-07	495828.09375	-1.20990750929195E-06
30	153.447544612582	-0.35400390625		-7.159423828125E-07	2.545166015625E-07	9.70458984375E-07	2.53380846970686E-07	494330.8125	-1.2459106528695E-06
31	153.497544612456	-0.348968505859375		-7.122802734375E-07	2.63366699218751E-07	9.75646972656251E-07	2.48563367222232E-07	489931.4375	-1.28161616430589E-06
32	153.54754461233	-0.34393310546875		-7.0465087890625E-07	2.685546875E-07	9.7320556640625E-07	2.42417257823035E-07	488220.03125	-1.31703950501105E-06
33	153.597544612203	-0.338897705078125		-7.000732421875E-07	2.78625488281251E-07	9.78698730468751E-07	2.3733865361919E-07	484263.3125	-1.35215759655694E-06
34	153.647544612077	-0.3338623046875		-6.9244384765625E-07	2.8411865234375E-07	9.765625E-07	2.31349957857674E-07	482503.3125	-1.38697043894354E-06
35	153.697544611951	-0.328826904296875		-6.8695068359375E-07	2.9144287109375E-07	9.783935546875E-07	2.26097498057243E-07	479120.40625	-1.42145529480331E-06
36	153.747544611825	-0.32379150390625		-6.8206787109375E-07	2.9632568359375E-07	9.783935546875E-07	2.21097565145101E-07	475257.28125	-1.45568083098624E-06
37	153.797544611699	-0.318756103515625		-6.7962646484375E-07	3.021240234375E-07	9.81750488281249E-07	2.16676554032347E-07	469106.4375	-1.4897232176736E-06
38	153.847544611572	-0.313720703125		-6.75354003906251E-07	3.094482421875E-07	9.84802246093751E-07	2.11954969131511E-07	464708.5625	-1.52359768890165E-06
39	153.897544611446	-0.308685302734375		-6.70471191406249E-07	3.1463623046875E-07	9.85107421874999E-07	2.07046454647752E-07	460582.625	-1.55724330852536E-06
40	153.94754461132	-0.30364990234375		-6.66198730468751E-07	3.21044921874999E-07	9.8724365234375E-07	2.02250518555047E-07	455703.15625	-1.59066007654474E-06
41	153.997544611194	-0.298614501953125		-6.6253662109375E-07	3.2623291015625E-07	9.8876953125E-07	1.97782384248058E-07	450575.78125	-1.62387846103229E-06
42	154.047544611067	-0.2935791015625		-6.561279296875E-07	3.3111572265625E-07	9.8724365234375E-07	1.9258538941358E-07	447348.875	-1.65684502917429E-06
43	154.097544610941	-0.288543701171875		-6.53076171875E-07	3.36608886718751E-07	9.89685058593751E-07	1.88401145351236E-07	441729	-1.68957512869383E-06
44	154.147544610815	-0.28350830078125		-6.4971923828125E-07	3.39660644531251E-07	9.89379882812501E-07	1.84081812903969E-07	436073.3125	-1.72214504345902E-06
45	154.197544610689	-0.278472900390625		-6.451416015625E-07	3.4454345703125E-07	9.89685058593751E-07	1.79733206095989E-07	431835.375	-1.75451657469239E-06
46	154.247544610562	-0.2734375		-6.41784667968751E-07	3.50341796875001E-07	9.92126464843751E-07	1.75546745140309E-07	426200.6875	-1.78668972239393E-06
47	154.297544610436	-0.268402099609375		-6.396484375E-07	3.54614257812499E-07	9.94262695312499E-07	1.71780584423686E-07	419847.34375	-1.8187255363955E-06
48	154.34754461031	-0.26336669921875		-6.3507080078125E-07	3.5736083984375E-07	9.92431640624999E-07	1.67430911801603E-07	415136.96875	-1.8505935486246E-06
49	154.397544610184	-0.258331298828125		-6.32629394531251E-07	3.6346435546875E-07	9.9609375E-07	1.63485893267534E-07	408490.125	-1.88228602837626E-06
50	154.447544610057	-0.2532958984375		-6.29272460937499E-07	3.67126464843751E-07	9.9639892578125E-07	1.59392129717162E-07	402521.84375	-1.91383355740982E-06
51	154.497544609931	-0.248260498046875		-6.2744140625E-07	3.70178222656251E-07	9.9761962890625E-07	1.55807214241577E-07	395768.46875	-1.94525136976154E-06
52	154.547544609805	-0.24322509765625		-6.2286376953125E-07	3.7384033203125E-07	9.967041015625E-07	1.51439067508363E-07	390347.875	-1.97650911104574E-06
53	154.597544609679	-0.238189697265625		-6.201171875E-07	3.7841796875E-07	9.9853515625E-07	1.47705520703312E-07	384104.34375	-2.00758358914754E-06
54	154.647544609552	-0.233154296875		-6.1614990234375E-07	3.814697265625E-07	9.9761962890625E-07	1.43676786024116E-07	378454.71875	-2.03849026547687E-06
55	154.697544609426	-0.228118896484375		-6.1492919921875E-07	3.857421875E-07	1.00067138671875E-06	1.40276966931197E-07	370967.75	-2.06926711143751E-06
56	154.7475446093	-0.22308349609375		-6.103515625E-07	3.8726806640625E-07	9.9761962890625E-07	1.36271111728092E-07	365800	-2.09989934774057E-06
57	154.797544609174	-0.218048095703125		-6.1004638671875E-07	3.9093017578125E-07	1.0009765625E-06	1.33075303665464E-07	357578.8125	-2.13040925700625E-06
58	154.847544609048	-0.2130126953125		-6.0546875E-07	3.9337158203125E-07	9.98840332031251E-07	1.29157299966209E-07	352318.53125	-2.16079706660821E-06
59	154.897544608921	-0.207977294921875		-6.05163574218751E-07	3.9825439453125E-07	1.00341796875E-06	1.26026492353049E-07	344125.0625	-2.19106277654646E-06
60	154.947544608795	-0.20294189453125		-5.99365234375E-07	4.01916503906249E-07	1.00128173828125E-06	1.21691186905082E-07	338747.46875	-2.22117614612216E-06
61	154.997544608669	-0.197906494140625		-6.00585937500001E-07	4.0740966796875E-07	1.00799560546875E-06	1.18969822437975E-07	329827.25	-2.25117491936544E-06
62	155.047544608543	-0.19287109375		-5.963134765625E-07	4.119873046875E-07	1.00830078125E-06	1.15120812438363E-07	323746.1875	-2.28109729505377E-06
63	155.097544608416	-0.187835693359375		-5.9539794921875E-07	4.17480468750001E-07	1.01287841796875E-06	1.11891495180316E-07	315633.03125	-2.3108900677471E-06
64	155.14754460829	-0.18280029296875		-5.938720703125E-07	4.23583984375001E-07	1.0174560546875E-06	1.08686855071483E-07	308170.59375	-2.3406219042954E-06
65	155.197544608164	-0.177764892578125		-5.9234619140625E-07	4.32434082031249E-07	1.0247802734375E-06	1.05226042990125E-07	299896.96875	-2.37027734328876E-06
66	155.247544608038	-0.1727294921875		-5.92041015625E-07	4.3792724609375E-07	1.02996826171875E-06	1.02226799469918E-07	291649.5	-2.39988708017336E-06
67	155.297544607911	-0.167694091796875		-5.9112548828125E-07	4.473876953125E-07	1.03851318359375E-06	9.91102098168994E-08	283634.5	-2.42946612161177E-06
68	155.347544607785	-0.16265869140625		-5.9051513671875E-07	4.559326171875E-07	1.04644775390625E-06	9.60884634082504E-08	275555.5625	-2.45900719164638E-06
69	155.397544607659	-0.157623291015625		-5.9234619140625E-07	4.69970703125E-07	1.06231689453125E-06	9.34760109316812E-08	266409.0625	-2.4885787297535E-06
70	155.447544607533	-0.152587890625		-5.91430664062501E-07	4.8187255859375E-07	1.07330322265625E-06	9.03895482906592E-08	258410.734375	-2.51817323260184E-06
71	155.497544607406	-0.147552490234375		-5.9539794921875E-07	4.98046875E-07	1.09344482421875E-06	8.79796360209184E-08	248180.4375	-2.54784390563145E-06
72	155.54754460728	-0.14251708984375		-5.999755859375E-07	5.17578125E-07	1.1175537109375E-06	8.56715587360668E-08	237995.9375	-2.57772830991598E-06
73	155.597544607154	-0.137481689453125		-6.0394287109375E-07	5.3924560546875E-07	1.1431884765625E-06	8.32522530913593E-08	228246.59375	-2.60782621808175E-06
74	155.647544607028	-0.1324462890625		-6.0943603515625E-07	5.657958984375E-07	1.17523193359375E-06	8.08291318321608E-08	217626.4375	-2.63816059486999E-06
75	155.697544606901	-0.127410888671875		-6.1920166015625E-07	5.99060058593751E-07	1.21826171875E-06	7.89686183111371E-08	205963.53125	-2.66887650468561E-06
76	155.747544606775	-0.12237548828125		-6.2896728515625E-07	6.3751220703125E-07	1.2664794921875E-06	7.70469554822739E-08	194759.828125	-2.70008081315609E-06
77	155.797544606649	-0.117340087890625		-6.4422607421875E-07	6.8206787109375E-07	1.3262939453125E-06	7.56132081392025E-08	182188.53125	-2.73191062660771E-06
78	155.847544606523	-0.1123046875		-6.5887451171875E-07	7.36083984374999E-07	1.39495849609375E-06	7.4075124700812E-08	170634.546875	-2.76448804470419E-06
79	155.897544606397	-0.107269287109375		-6.787109375E-07	8.00170898437499E-07	1.4788818359375E-06	7.28048377141022E-08	158048.5625	-2.79792789115163E-06
80	155.94754460627	-0.10223388671875		-7.0343017578125E-07	8.75244140625001E-07	1.57867431640625E-06	7.19143997685023E-08	145336.234375	-2.83248141386139E-06
81	155.997544606144	-0.097198486328125		-7.33032226562499E-07	9.619140625E-07	1.6949462890625E-06	7.12719909756743E-08	132639.46875	-2.86839281216089E-06
82	156.047544606018	-0.0921630859375		-7.7484130859375E-07	1.06475830078125E-06	1.839599609375E-06	7.13408283559147E-08	118826.3125	-2.90608977593365E-06
83	156.097544605892	-0.087127685546875		-8.1787109375E-07	1.1846923828125E-06	2.0025634765625E-06	7.12342540509781E-08	106492.5390625	-2.94590745397727E-06
84	156.147544605765	-0.08209228515625		-8.673095703125E-07	1.32415771484375E-06	2.19146728515625E-06	7.11200200953499E-08	94546.09375	-2.9880370675528E-06
85	156.197544605639	-0.077056884765625		-9.2620849609375E-07	1.48590087890625E-06	2.412109375E-06	7.14272729851473E-08	83261.9453125	-3.03287492897653E-06
86	156.247544605513	-0.072021484375		-9.9212646484375E-07	1.666259765625E-06	2.65838623046875E-06	7.16360801789051E-08	72777.609375	-3.08083326672204E-06
87	156.297544605387	-0.066986083984375		-1.0693359375E-06	1.87042236328125E-06	2.93975830078125E-06	7.17937922445344E-08	62785.390625	-3.13237001137168E-06
88	156.34754460526	-0.06195068359375		-1.156005859375E-06	2.09930419921875E-06	3.25531005859375E-06	7.16506320941335E-08	53616.68359375	-3.18800334753178E-06
89	156.397544605134	-0.056915283203125		-1.25244140625E-06	2.35260009765625E-06	3.60504150390625E-06	7.1512388899464E-08	45589.66796875	-3.24821462527325E-06
90	156.447544605008	-0.0518798828125		-1.3592529296875E-06	2.62603759765625E-06	3.98529052734375E-06	7.06838036990121E-08	38257.74609375	-3.31350702253985E-06
91	156.497544604882	-0.046844482421875		-1.468505859375E-06	2.92205810546875E-06	4.39056396484375E-06	6.90737351760617E-08	32030.341796875	-3.38420090884028E-06
92	156.547544604755	-0.04180908203125		-1.585693359375E-06	3.232421875E-06	4.818115234375E-06	6.65141470790331E-08	26453.041015625	-3.4605559449119E-06
93	156.597544604629	-0.036773681640625		-1.70806884765625E-06	3.5565185546875E-06	5.26458740234375E-06	6.3364517188802E-08	21718.77734375	-3.5429000035947E-06
94	156.647544604503	-0.03173828125		-1.82769775390625E-06	3.8848876953125E-06	5.71258544921875E-06	5.83537982379312E-08	17468.69140625	-3.63129424840736E-06
95	156.697544604377	-0.026702880859375		-1.94305419921875E-06	4.217529296875E-06	6.16058349609375E-06	5.21164089661852E-08	13803.9892578125	-3.72556291949877E-06
96	156.74754460425	-0.02166748046875		-2.0440673828125E-06	4.5440673828125E-06	6.588134765625E-06	4.48200161429213E-08	10727.0830078125	-3.82524103770265E-06
97	156.797544604124	-0.016632080078125		-2.1343994140625E-06	4.8553466796875E-06	6.98974609375E-06	3.56558302883059E-08	7826.708984375	-3.92970287066419E-06
98	156.847544603998	-0.0115966796875		-2.2027587890625E-06	5.145263671875E-06	7.3480224609375E-06	2.60824695175188E-08	5375.45068359375	-4.0381314647675E-06
99	156.897544603872	-0.006561279296875		-2.24395751953125E-06	5.40771484375E-06	7.65167236328125E-06	1.51272629977939E-08	3004.21606445313	-4.14929945691256E-06
100	156.947544603746	-0.00152587890625		-2.25799560546875E-06	5.6365966796875E-06	7.89459228515625E-06	3.5350087301822E-09	693.336975097656	-4.26184851676226E-06
101	156.997544603619	0.003509521484375		-2.232666015625E-06	5.8258056640625E-06	8.0584716796875E-06	-7.65162333493663E-09	-1534.99182128906	-4.3741147237597E-06
102	157.047544603493	0.008544921875		-2.1624755859375E-06	5.963134765625E-06	8.1256103515625E-06	-1.84385875456883E-08	-3942.98608398438	-4.483993507165E-06
103	157.097544603367	0.013580322265625		-2.07244873046875E-06	6.048583984375E-06	8.12103271484375E-06	-2.81951173519701E-08	-6564.5703125	-4.58986642115633E-06
104	157.147544603241	0.01861572265625		-1.9561767578125E-06	6.0760498046875E-06	8.0322265625E-06	-3.64096734983832E-08	-9514.8212890625	-4.69058204544126E-06
105	157.197544603114	0.023651123046875		-1.80572509765625E-06	6.048583984375E-06	7.85430908203125E-06	-4.26357900096264E-08	-13075.8828125	-4.78462970932014E-06
106	157.247544602988	0.0286865234375		-1.63238525390625E-06	5.96923828125E-06	7.60162353515625E-06	-4.68174938816901E-08	-17569.638671875	-4.8705824156059E-06
107	157.297544602862	0.033721923828125		-1.44256591796875E-06	5.841064453125E-06	7.28363037109375E-06	-4.86637077301566E-08	-23384.810546875	-4.9474560910312E-06
108	157.347544602736	0.03875732421875		-1.22833251953125E-06	5.6732177734375E-06	6.90155029296875E-06	-4.75731418703162E-08	-31530.43359375	-5.01422891829861E-06
109	157.397544602609	0.043792724609375		-1.007080078125E-06	5.46875E-06	6.475830078125E-06	-4.40290186531911E-08	-43412.12109375	-5.0701141844911E-06
110	157.447544602483	0.048828125		-7.82165527343751E-07	5.242919921875E-06	6.02508544921875E-06	-3.81248383973798E-08	-62317.59765625	-5.1148449529137E-06
111	157.497544602357	0.053863525390625		-5.5694580078125E-07	4.998779296875E-06	5.55572509765625E-06	-2.99650722013212E-08	-96602.7421875	-5.14832299813861E-06
112	157.547544602231	0.05889892578125		-3.2958984375E-07	4.74853515625E-06	5.078125E-06	-1.94024281086058E-08	-178611.125	-5.17048647452611E-06
113	157.597544602104	0.063934326171875		-1.141357421875E-07	4.5013427734375E-06	4.615478515625E-06	-7.26584303833988E-09	-557754.0625	-5.18157958140364E-06
114	157.647544601978	0.0689697265625		8.60595703124994E-08	4.2572021484375E-06	4.171142578125E-06	5.93287818873023E-09	801063.875	-5.18228125656606E-06
115	157.697544601852	0.074005126953125		2.703857421875E-07	4.0252685546875E-06	3.7548828125E-06	1.99934273581448E-08	273476.3125	-5.17337002747809E-06
116	157.747544601726	0.07904052734375		4.39453125E-07	3.8104248046875E-06	3.3709716796875E-06	3.46273161255795E-08	179305.5625	-5.15562442160444E-06
117	157.7975446016	0.084075927734375		5.810546875E-07	3.607177734375E-06	3.026123046875E-06	4.88527120978688E-08	144695.375	-5.13011173097766E-06
118	157.847544601473	0.089111328125		7.1441650390625E-07	3.41796875E-06	2.70355224609375E-06	6.34227816931343E-08	124263.1328125	-5.09772462464753E-06
119	157.897544601347	0.094146728515625		8.221435546875E-07	3.248291015625E-06	2.4261474609375E-06	7.70759527313203E-08	114031.1796875	-5.05931075167609E-06
120	157.947544601221	0.09918212890625		9.130859375E-07	3.09173583984375E-06	2.17864990234375E-06	9.01995562685443E-08	108188.5078125	-5.01593012813828E-06
121	157.997544601095	0.104217529296875		9.869384765625E-07	2.95166015625E-06	1.9647216796875E-06	1.02404499102704E-07	105132.96875	-4.96842949360143E-06
122	158.047544600968	0.1092529296875		1.044921875E-06	2.82623291015625E-06	1.78131103515625E-06	1.13810003199433E-07	104234.8125	-4.91763285026536E-06
123	158.097544600842	0.114288330078125		1.09100341796875E-06	2.7142333984375E-06	1.62322998046875E-06	1.24322710348679E-07	104447.5546875	-4.86423459733487E-06
124	158.147544600716	0.11932373046875		1.12701416015625E-06	2.61505126953125E-06	1.488037109375E-06	1.33929233925301E-07	105442.734375	-4.80878452435718E-06
125	158.19754460059	0.124359130859375		1.14959716796875E-06	2.52410888671875E-06	1.37451171875E-06	1.42576979555997E-07	107884.265625	-4.75186925541493E-06
126	158.247544600463	0.12939453125		1.16424560546875E-06	2.44384765625E-06	1.27960205078125E-06	1.50327238657155E-07	110904.3359375	-4.69402311864542E-06
127	158.297544600337	0.134429931640625		1.173095703125E-06	2.373046875E-06	1.199951171875E-06	1.57233770892162E-07	114255.984375	-4.63558944829856E-06
128	158.347544600211	0.13946533203125		1.17828369140625E-06	2.3065185546875E-06	1.12823486328125E-06	1.63862267754666E-07	118026.4140625	-4.57680516774417E-06
129	158.397544600085	0.144500732421875		1.17645263671875E-06	2.25006103515625E-06	1.0736083984375E-06	1.69746954270522E-07	122645.9140625	-4.51793675892986E-06
130	158.447544599958	0.1495361328125		1.173095703125E-06	2.19757080078125E-06	1.02447509765625E-06	1.75169589056168E-07	127289.28125	-4.45919795311056E-06
131	158.497544599832	0.154571533203125		1.16668701171875E-06	2.15087890625E-06	9.8419189453125E-07	1.80051756615285E-07	132278.328125	-4.40070334661868E-06
132	158.547544599706	0.15960693359375		1.1566162109375E-06	2.10693359375E-06	9.503173828125E-07	1.84250993129353E-07	137730.875	-4.34262074122671E-06
133	158.59754459958	0.164642333984375		1.14593505859375E-06	2.06939697265625E-06	9.234619140625E-07	1.88389648769771E-07	143462.0625	-4.2850570025621E-06
134	158.647544599453	0.169677734375		1.134033203125E-06	2.0330810546875E-06	8.990478515625E-07	1.92143303934245E-07	149407.96875	-4.22805760535994E-06
135	158.697544599327	0.174713134765625		1.1224365234375E-06	2.0001220703125E-06	8.77685546875E-07	1.95796118873659E-07	155410.546875	-4.17164619648247E-06
136	158.747544599201	0.17974853515625		1.112060546875E-06	1.96807861328125E-06	8.5601806640625E-07	1.99382199639331E-07	161223.9375	-4.11578366765752E-06
137	158.797544599075	0.184783935546875		1.09832763671875E-06	1.9378662109375E-06	8.3953857421875E-07	2.02551078132274E-07	167907.75	-4.0605236790725E-06
138	158.847544598949	0.1898193359375		1.0870361328125E-06	1.91131591796875E-06	8.24279785156251E-07	2.06108268230309E-07	174424.484375	-4.00588987758965E-06
139	158.897544598822	0.194854736328125		1.0748291015625E-06	1.88568115234375E-06	8.10852050781251E-07	2.09140338824909E-07	181033.5	-3.9518431549368E-06
140	158.947544598696	0.19989013671875		1.06536865234375E-06	1.85791015625E-06	7.92541503906251E-07	2.12566547475035E-07	187281.578125	-3.89833803637885E-06
141	158.99754459857	0.204925537109375		1.05438232421875E-06	1.83441162109375E-06	7.80029296875E-07	2.15651553503449E-07	193979.734375	-3.84534450859064E-06
142	159.047544598444	0.2099609375		1.044921875E-06	1.81060791015625E-06	7.6568603515625E-07	2.18818783537245E-07	200408.875	-3.79286188945116E-06
143	159.097544598317	0.214996337890625		1.03546142578125E-06	1.78863525390625E-06	7.53173828124999E-07	2.22114820758179E-07	207161.796875	-3.7408522075566E-06
144	159.147544598191	0.22003173828125		1.026611328125E-06	1.76727294921875E-06	7.4066162109375E-07	2.25166502332286E-07	213644.46875	-3.68930045624438E-06
145	159.197544598065	0.225067138671875		1.01776123046875E-06	1.74774169921875E-06	7.29980468749999E-07	2.28381281885959E-07	220479.765625	-3.63819117410458E-06
146	159.247544597939	0.2301025390625		1.011962890625E-06	1.7266845703125E-06	7.14721679687501E-07	2.32175793257738E-07	226718.953125	-3.58744796358224E-06
147	159.297544597812	0.235137939453125		1.0028076171875E-06	1.70989990234375E-06	7.07092285156251E-07	2.35063637887833E-07	233749.234375	-3.537078782756E-06
148	159.347544597686	0.24017333984375		9.967041015625E-07	1.69097900390625E-06	6.9427490234375E-07	2.3865175080573E-07	240232.703125	-3.48709090758348E-06
149	159.39754459756	0.245208740234375		9.88159179687501E-07	1.6754150390625E-06	6.87255859375E-07	2.41732294625763E-07	247560.21875	-3.4374693314021E-06
150	159.447544597434	0.250244140625		9.8297119140625E-07	1.65863037109375E-06	6.756591796875E-07	2.45382835828423E-07	253958.40625	-3.38819108947064E-06
151	159.497544597307	0.255279541015625		9.735107421875E-07	1.6448974609375E-06	6.7138671875E-07	2.47893467530957E-07	261567.40625	-3.33927914653032E-06
152	159.547544597181	0.26031494140625		9.6710205078125E-07	1.62994384765625E-06	6.62841796874999E-07	2.51249360871952E-07	268633.65625	-3.29076374327997E-06
153	159.597544597055	0.265350341796875		9.5947265625E-07	1.61834716796875E-06	6.5887451171875E-07	2.54157185963777E-07	276081.40625	-3.2425994049845E-06
154	159.647544596929	0.2703857421875		9.5367431640625E-07	1.60491943359375E-06	6.512451171875E-07	2.57365172728896E-07	282976	-3.19477067023399E-06
155	159.697544596802	0.275421142578125		9.4573974609375E-07	1.59332275390625E-06	6.47583007812499E-07	2.5995720420724E-07	290642.15625	-3.1472852697334E-06
156	159.747544596676	0.28045654296875		9.3994140625E-07	1.58203125E-06	6.4208984375E-07	2.63153765445168E-07	297857.15625	-3.10014343085641E-06
157	159.79754459655	0.285491943359375		9.320068359375E-07	1.572265625E-06	6.40258789062499E-07	2.65568473878375E-07	305730.1875	-3.05334469885565E-06
158	159.847544596424	0.29052734375		9.27124023437501E-07	1.5606689453125E-06	6.33544921875E-07	2.68590952146042E-07	312475.3125	-3.0068663363636E-06
159	159.897544596298	0.295562744140625		9.1888427734375E-07	1.55181884765625E-06	6.329345703125E-07	2.70886914677249E-07	320823.65625	-2.96071607408521E-06
160	159.947544596171	0.30059814453125		9.136962890625E-07	1.54205322265625E-06	6.2835693359375E-07	2.73902543312943E-07	328089.5	-2.91490164272545E-06
161	159.997544596045	0.305633544921875		9.0789794921875E-07	1.53472900390625E-06	6.268310546875E-07	2.76625144124409E-07	335596.65625	-2.86936187876563E-06
162	160.047544595919	0.3106689453125		9.02404785156249E-07	1.52587890625E-06	6.23474121093751E-07	2.79715720807872E-07	343490.03125	-2.82410428553703E-06
163	160.097544595793	0.315704345703125		8.96301269531249E-07	1.51947021484375E-06	6.23168945312501E-07	2.82309713384166E-07	351413.03125	-2.77913659374462E-06
164	160.147544595666	0.32073974609375		8.92028808593751E-07	1.5142822265625E-06	6.22253417968749E-07	2.85482968820361E-07	358775.25	-2.7344283353159E-06
165	160.19754459554	0.325775146484375		8.85620117187499E-07	1.507568359375E-06	6.219482421875E-07	2.87891396055784E-07	367057.21875	-2.68998701358214E-06
166	160.247544595414	0.330810546875		8.8165283203125E-07	1.500244140625E-06	6.1859130859375E-07	2.91121921236481E-07	374524.0625	-2.64580535258574E-06
167	160.297544595288	0.335845947265625		8.7432861328125E-07	1.49658203125E-06	6.2225341796875E-07	2.93212792712438E-07	383560.21875	-2.60190563494689E-06
168	160.347544595161	0.34088134765625		8.7005615234375E-07	1.4923095703125E-06	6.2225341796875E-07	2.96054849968641E-07	391090.875	-2.5582960461179E-06
169	160.397544595035	0.345916748046875		8.64562988281251E-07	1.48895263671875E-06	6.243896484375E-07	2.98591913860946E-07	399470.53125	-2.51493065661634E-06
170	160.447544594909	0.3509521484375		8.60595703125E-07	1.48284912109375E-06	6.2225341796875E-07	3.01660207924215E-07	407304.96875	-2.47180173573724E-06
171	160.497544594783	0.355987548828125		8.55712890625E-07	1.4801025390625E-06	6.243896484375E-07	3.04100836956422E-07	415299.59375	-2.42889404944435E-06
172	160.547544594656	0.36102294921875		8.5296630859375E-07	1.47613525390625E-06	6.23168945312499E-07	3.07523919218511E-07	422683.375	-2.38617690229148E-06
173	160.59754459453	0.366058349609375		8.4686279296875E-07	1.47430419921875E-06	6.2744140625E-07	3.09355073113693E-07	431351.375	-2.34368121709849E-06
174	160.647544594404	0.37109375		8.4259033203125E-07	1.4703369140625E-06	6.27746582031251E-07	3.12114309508615E-07	439623.3125	-2.30144496526918E-06
175	160.697544594278	0.376129150390625		8.3831787109375E-07	1.468505859375E-06	6.3018798828125E-07	3.14829691205887E-07	447979.625	-2.25942221732112E-06
176	160.747544594151	0.38116455078125		8.3587646484375E-07	1.46575927734375E-06	6.298828125E-07	3.17968755325637E-07	455093.09375	-2.21756727114553E-06
177	160.797544594025	0.386199951171875		8.306884765625E-07	1.46453857421875E-06	6.33850097656251E-07	3.20152736321688E-07	463960.34375	-2.17590331885731E-06
178	160.847544593899	0.3912353515625		8.27941894531251E-07	1.46087646484375E-06	6.32934570312499E-07	3.23263179780042E-07	471581.3125	-2.1344374090404E-06
179	160.897544593773	0.396270751953125		8.2366943359375E-07	1.46026611328125E-06	6.365966796875E-07	3.25717422811067E-07	480103.75	-2.09314725907461E-06
180	160.947544593647	0.40130615234375		8.2275390625E-07	1.45904541015625E-06	6.3629150390625E-07	3.29422931599765E-07	486646.90625	-2.05198671210383E-06
181	160.99754459352	0.406341552734375		8.19091796875E-07	1.4569091796875E-06	6.378173828125E-07	3.31981141243887E-07	494821.1875	-2.01094053409179E-06
182	161.047544593394	0.411376953125		8.17260742187501E-07	1.4569091796875E-06	6.396484375E-07	3.35478944180068E-07	502277.8125	-1.97003168977972E-06
183	161.097544593268	0.416412353515625		8.18481445312499E-07	1.456298828125E-06	6.378173828125E-07	3.4005145721494E-07	507606.28125	-1.9291380795039E-06
184	161.147544593142	0.42144775390625		8.1329345703125E-07	1.4556884765625E-06	6.4239501953125E-07	3.41966455152942E-07	516998.15625	-1.88834371783742E-06
185	161.197544593015	0.426483154296875		8.0841064453125E-07	1.456298828125E-06	6.47888183593749E-07	3.44107405680916E-07	526538.3125	-1.84780117251648E-06
186	161.247544592889	0.4315185546875		8.06579589843751E-07	1.45477294921875E-06	6.48193359374999E-07	3.4731561981971E-07	533863.0625	-1.80742642896803E-06
187	161.297544592763	0.436553955078125		8.02001953125001E-07	1.45538330078125E-06	6.5338134765625E-07	3.49456286130589E-07	543302.9375	-1.76721187017392E-06
188	161.347544592637	0.44158935546875		7.9925537109375E-07	1.4556884765625E-06	6.5643310546875E-07	3.52308489937059E-07	551508.1875	-1.72718046087539E-06
189	161.39754459251	0.446624755859375		7.9681396484375E-07	1.45660400390625E-06	6.59790039062501E-07	3.55293224174602E-07	559594.0625	-1.68727865457186E-06
190	161.447544592384	0.45166015625		7.952880859375E-07	1.45721435546875E-06	6.6192626953125E-07	3.58666000010999E-07	567076	-1.64747609687765E-06
191	161.497544592258	0.456695556640625		7.91015625E-07	1.458740234375E-06	6.67724609375001E-07	3.60601546844919E-07	576311.75	-1.60781860358838E-06
192	161.547544592132	0.46173095703125		7.88269042968751E-07	1.4599609375E-06	6.7169189453125E-07	3.63414926596306E-07	584862.5625	-1.56833641540288E-06
193	161.597544592005	0.466766357421875		7.843017578125E-07	1.46270751953125E-06	6.78405761718751E-07	3.65367611721013E-07	593968.875	-1.52902214267669E-06
194	161.647544591879	0.4718017578125		7.8155517578125E-07	1.4642333984375E-06	6.82678222656251E-07	3.68095129488211E-07	602616.1875	-1.48987578540982E-06
195	161.697544591753	0.476837158203125		7.7667236328125E-07	1.46820068359375E-06	6.915283203125E-07	3.69824789459017E-07	613084.5	-1.45092008096981E-06
196	161.747544591627	0.48187255859375		7.74230957031249E-07	1.4703369140625E-06	6.96105957031251E-07	3.72348182509086E-07	621166.75	-1.41214752602536E-06
197	161.7975445915	0.486907958984375		7.69958496093751E-07	1.47430419921875E-06	7.04345703124999E-07	3.74240983092022E-07	631272.3125	-1.3735427728534E-06
198	161.847544591374	0.491943359375		7.672119140625E-07	1.47735595703125E-06	7.1014404296875E-07	3.76722368855553E-07	640015.9375	-1.33511343847204E-06
199	161.897544591248	0.496978759765625		7.62023925781249E-07	1.48406982421875E-06	7.22045898437501E-07	3.78058530259295E-07	651061.3125	-1.29688260130933E-06
200	161.947544591122	0.50201416015625		7.58056640625E-07	1.4874267578125E-06	7.293701171875E-07	3.798611203365E-07	661030.625	-1.25888061575097E-06
201	161.997544590996	0.507049560546875		7.537841796875E-07	1.4935302734375E-06	7.3974609375E-07	3.81354794853905E-07	671174.125	-1.22108451705572E-06
202	162.047544590869	0.5120849609375		7.50122070312501E-07	1.49932861328125E-06	7.4920654296875E-07	3.83347895649422E-07	681285.625	-1.18348691557912E-06
203	162.097544590743	0.517120361328125		7.4493408203125E-07	1.50726318359375E-06	7.62329101562501E-07	3.84424907906578E-07	692748.875	-1.14611054868874E-06
204	162.147544590617	0.52215576171875		7.40661621093749E-07	1.513671875E-06	7.73010253906251E-07	3.85994837870385E-07	703625.875	-1.10897065042082E-06
205	162.197544590491	0.527191162109375		7.3516845703125E-07	1.5216064453125E-06	7.8643798828125E-07	3.86721751510777E-07	715525.125	-1.07207483779348E-06
206	162.247544590364	0.5322265625		7.30285644531251E-07	1.53106689453125E-06	8.00781249999999E-07	3.87875104479463E-07	727287.9375	-1.03543845852982E-06
207	162.297544590238	0.537261962890625		7.2357177734375E-07	1.54083251953125E-06	8.17260742187501E-07	3.87996806239244E-07	741079.75	-9.99092094389198E-07
208	162.347544590112	0.54229736328125		7.1868896484375E-07	1.552734375E-06	8.34045410156251E-07	3.88931624684119E-07	752993.625	-9.63035517997923E-07
209	162.397544589986	0.547332763671875		7.1075439453125E-07	1.56494140625E-06	8.5418701171875E-07	3.88216591318269E-07	768484.375	-9.27299481645605E-07
210	162.447544589859	0.5523681640625		7.0648193359375E-07	1.5765380859375E-06	8.7005615234375E-07	3.89375713893969E-07	780129.625	-8.91868580765731E-07
211	162.497544589733	0.557403564453125		6.98242187500001E-07	1.591796875E-06	8.93554687499999E-07	3.88520788874303E-07	796896.875	-8.5675043237643E-07
212	162.547544589607	0.56243896484375		6.9244384765625E-07	1.60675048828125E-06	9.14306640625E-07	3.88675516660442E-07	810621.4375	-8.21983292098594E-07
213	162.597544589481	0.567474365234375		6.8359375E-07	1.62353515625E-06	9.3994140625E-07	3.87170899784905E-07	828526.8125	-7.87582337125059E-07
214	162.647544589354	0.572509765625		6.7474365234375E-07	1.641845703125E-06	9.6710205078125E-07	3.85597218155453E-07	846947.0625	-7.53623908167356E-07
215	162.697544589228	0.577545166015625		6.65283203125E-07	1.663818359375E-06	9.9853515625E-07	3.83601701514635E-07	866697.25	-7.20123239261738E-07
216	162.747544589102	0.58258056640625		6.5460205078125E-07	1.68487548828125E-06	1.0302734375E-06	3.80739152205933E-07	888531.5	-6.87126146203809E-07
217	162.797544588976	0.587615966796875		6.43310546875001E-07	1.7095947265625E-06	1.0662841796875E-06	3.773716912292E-07	911859.5625	-6.54678331102332E-07
218	162.847544588849	0.5926513671875		6.3323974609375E-07	1.737060546875E-06	1.10382080078125E-06	3.74729950181063E-07	934506.0625	-6.22764559921052E-07
219	162.897544588723	0.597686767578125		6.20422363281251E-07	1.76788330078125E-06	1.1474609375E-06	3.70250205605771E-07	961879.0625	-5.91422974594025E-07
220	162.947544588597	0.60272216796875		6.085205078125E-07	1.79962158203125E-06	1.19110107421875E-06	3.66193120271419E-07	988916.75	-5.60699447760271E-07
221	162.997544588471	0.607757568359375		5.9356689453125E-07	1.83563232421875E-06	1.2420654296875E-06	3.60165103074905E-07	1022262.25	-5.30647241703264E-07
222	163.047544588345	0.61279296875		5.7861328125E-07	1.87408447265625E-06	1.29547119140625E-06	3.53969767274975E-07	1057278.5	-5.01342753977951E-07
223	163.097544588218	0.617828369140625		5.60913085937501E-07	1.91680908203125E-06	1.35589599609375E-06	3.46000234685562E-07	1099728	-4.72854594590899E-07
224	163.147544588092	0.62286376953125		5.43823242187499E-07	1.961669921875E-06	1.4178466796875E-06	3.38146918466009E-07	1143378.25	-4.45236167934127E-07
225	163.197544587966	0.627899169921875		5.2459716796875E-07	2.0123291015625E-06	1.48773193359375E-06	3.28753742451227E-07	1194589.875	-4.18525672785108E-07
226	163.24754458784	0.6329345703125		5.0506591796875E-07	2.06695556640625E-06	1.5618896484375E-06	3.1911878295432E-07	1250997	-3.92784102132282E-07
227	163.297544587713	0.637969970703125		4.81262207031249E-07	2.1234130859375E-06	1.64215087890625E-06	3.06458048271452E-07	1323145.25	-3.68125881777814E-07
228	163.347544587587	0.64300537109375		4.608154296875E-07	2.1826171875E-06	1.7218017578125E-06	2.95730217203527E-07	1392649	-3.44573948041216E-07
229	163.397544587461	0.648040771484375		4.37011718749999E-07	2.24639892578125E-06	1.80938720703125E-06	2.8258793349778E-07	1479678.75	-3.22128272500777E-07
230	163.447544587335	0.653076171875		4.150390625E-07	2.31353759765625E-06	1.89849853515625E-06	2.70545456260152E-07	1570588.375	-3.00826997090553E-07
231	163.497544587208	0.658111572265625		3.90625E-07	2.3834228515625E-06	1.9927978515625E-06	2.56597985526241E-07	1681640.625	-2.80685412690218E-07
232	163.547544587082	0.66314697265625		3.67126464843751E-07	2.45330810546875E-06	2.086181640625E-06	2.42977023390267E-07	1802743.125	-2.61741604390409E-07
233	163.597544586956	0.668182373046875		3.42407226562499E-07	2.5250244140625E-06	2.1826171875E-06	2.28393389534176E-07	1948039.25	-2.4400327447438E-07
234	163.64754458683	0.6732177734375		3.2073974609375E-07	2.5970458984375E-06	2.27630615234375E-06	2.15555729710104E-07	2095337.875	-2.27424592935677E-07
235	163.697544586703	0.678253173828125		2.99682617187499E-07	2.6690673828125E-06	2.369384765625E-06	2.029771621892E-07	2260081.5	-2.11914041869932E-07
236	163.747544586577	0.68328857421875		2.8045654296875E-07	2.73895263671875E-06	2.45849609375E-06	1.91341740674034E-07	2432644.25	-1.97410557234434E-07
237	163.797544586451	0.688323974609375		2.61535644531249E-07	2.8076171875E-06	2.54608154296875E-06	1.79773820718765E-07	2628238.25	-1.83860763058874E-07
238	163.847544586325	0.693359375		2.48107910156251E-07	2.8729248046875E-06	2.62481689453125E-06	1.71778083313257E-07	2790529	-1.71119665992592E-07
239	163.897544586198	0.698394775390625		2.337646484375E-07	2.93670654296875E-06	2.70294189453125E-06	1.63010312803635E-07	2983028.75	-1.59072854444275E-07
240	163.947544586072	0.70343017578125		2.25219726562501E-07	2.9925537109375E-06	2.767333984375E-06	1.58172042574734E-07	3118292.75	-1.47598242961067E-07
241	163.997544585946	0.708465576171875		2.1697998046875E-07	3.048095703125E-06	2.83111572265625E-06	1.53451352957745E-07	3259353.25	-1.36543249595888E-07
242	164.04754458582	0.7135009765625		2.17285156249999E-07	3.101806640625E-06	2.884521484375E-06	1.54774554061987E-07	3278230.5	-1.2568662555168E-07
243	164.097544585694	0.718536376953125		2.166748046875E-07	3.1549072265625E-06	2.938232421875E-06	1.55430853965299E-07	3310704.25	-1.14837625631026E-07
244	164.147544585567	0.72357177734375		2.23388671874999E-07	3.2080078125E-06	2.984619140625E-06	1.61344587468193E-07	3233196.75	-1.03836043763295E-07
245	164.197544585441	0.728607177734375		2.29492187499999E-07	3.26416015625E-06	3.03466796875E-06	1.66936516166061E-07	3169680.75	-9.25140213325903E-08
246	164.247544585315	0.733642578125		2.38647460937499E-07	3.326416015625E-06	3.0877685546875E-06	1.74812470277175E-07	3069437.25	-8.08105298233386E-08
247	164.297544585189	0.738677978515625		2.45361328125E-07	3.3966064453125E-06	3.1512451171875E-06	1.81018364742158E-07	3006841	-6.87103067775752E-08
248	164.347544585062	0.74371337890625		2.47802734374999E-07	3.47869873046875E-06	3.23089599609375E-06	1.84029516958617E-07	2996921.5	-5.63812072584824E-08
249	164.397544584936	0.748748779296875		2.43225097656249E-07	3.575439453125E-06	3.33221435546875E-06	1.81884388439357E-07	3074529.5	-4.41055121314093E-08
250	164.44754458481	0.7537841796875		2.3681640625E-07	3.68896484375E-06	3.4521484375E-06	1.78219380586597E-07	3177835	-3.21044772988444E-08
251	164.497544584684	0.758819580078125		2.1331787109375E-07	3.82354736328125E-06	3.6102294921875E-06	1.61511721330498E-07	3549356.5	-2.08511199417671E-08
252	164.547544584557	0.76385498046875		1.8310546875E-07	3.9788818359375E-06	3.7957763671875E-06	1.39530754950101E-07	4161666.75	-1.09405364767667E-08
253	164.597544584431	0.768890380859375		1.4068603515625E-07	4.1534423828125E-06	4.01275634765625E-06	1.07935996140895E-07	5453362.5	-2.84574896980416E-09
254	164.647544584305	0.77392578125		9.1552734375E-08	4.35791015625E-06	4.266357421875E-06	7.07432619151405E-08	8440000	2.96022006907037E-09
255	164.697544584179	0.778961181640625		2.41088867187503E-08	4.5806884765625E-06	4.55657958984375E-06	1.87467783518969E-08	32253166	5.85176085365902E-09
256	164.747544584052	0.78399658203125		-4.79125976562494E-08	4.82177734375E-06	4.86968994140625E-06	-3.75048259115829E-08	-16337580	5.25666798978364E-09
257	164.797544583926	0.789031982421875		-1.3092041015625E-07	5.0811767578125E-06	5.21209716796875E-06	-1.03120598282658E-07	-6016317	7.85842668715731E-10
258	164.8475445838	0.7940673828125		-2.1484375E-07	5.3497314453125E-06	5.5645751953125E-06	-1.7040372313204E-07	-3691761.25	-7.85826159699354E-09
259	164.897544583674	0.799102783203125		-2.98156738281249E-07	5.6243896484375E-06	5.92254638671875E-06	-2.37848411188679E-07	-2675537.5	-2.0683273760369E-08
260	164.947544583547	0.80413818359375		-3.7567138671875E-07	5.89599609375E-06	6.27166748046875E-06	-3.01518468859285E-07	-2136474.5	-3.75289772591714E-08
261	164.997544583421	0.809173583984375		-4.46166992187499E-07	6.1614990234375E-06	6.607666015625E-06	-3.6027765304425E-07	-1809849.625	-5.80749350831411E-08
262	165.047544583295	0.814208984375		-4.974365234375E-07	6.414794921875E-06	6.9122314453125E-06	-4.0425825886814E-07	-1633742.25	-8.16650214119363E-08
263	165.097544583169	0.819244384765625		-5.36193847656249E-07	6.6436767578125E-06	7.17987060546875E-06	-4.38210179254384E-07	-1524189	-1.07505783830675E-07
264	165.147544583043	0.82427978515625		-5.4351806640625E-07	6.8450927734375E-06	7.38861083984375E-06	-4.46849867330457E-07	-1512633.375	-1.34498577608611E-07
265	165.197544582916	0.829315185546875		-5.26123046875E-07	7.0098876953125E-06	7.5360107421875E-06	-4.35278167287834E-07	-1572505.875	-1.61239611884412E-07
266	165.24754458279	0.8343505859375		-4.80041503906251E-07	7.135009765625E-06	7.61505126953125E-06	-3.9979039456739E-07	-1734901.5	-1.86393720014166E-07
267	165.297544582664	0.839385986328125		-4.05273437500001E-07	7.2113037109375E-06	7.6165771484375E-06	-3.3950058764276E-07	-2067018.125	-2.08526586220614E-07
268	165.347544582538	0.84442138671875		-3.0059814453125E-07	7.23876953125E-06	7.53936767578125E-06	-2.53372832048626E-07	-2804061	-2.26173384021422E-07
269	165.397544582411	0.849456787109375		-1.7120361328125E-07	7.220458984375E-06	7.39166259765625E-06	-1.45194960055051E-07	-4953654.5	-2.37968421856749E-07
270	165.447544582285	0.8544921875		-1.58691406249994E-08	7.1533203125E-06	7.169189453125E-06	-1.35406850176878E-08	-53769232	-2.42645256776086E-07
271	165.497544582159	0.859527587890625		1.5716552734375E-07	7.037353515625E-06	6.88018798828125E-06	1.34776342974874E-07	5456310.5	-2.39112836197819E-07
272	165.547544582033	0.86456298828125		3.5247802734375E-07	6.8878173828125E-06	6.53533935546875E-06	3.04309196508257E-07	2449350.75	-2.26371739131537E-07
273	165.597544581906	0.869598388671875		5.5511474609375E-07	6.707763671875E-06	6.15264892578125E-06	4.81795154883002E-07	1563496.375	-2.03681921107091E-07
274	165.64754458178	0.8746337890625		7.63854980468751E-07	6.5032958984375E-06	5.73944091796875E-06	6.6716091851049E-07	1143427.875	-1.70707679103543E-07
275	165.697544581654	0.879669189453125		9.69848632812501E-07	6.28662109375E-06	5.3167724609375E-06	8.51814093039138E-07	905601	-1.27365098023802E-07
276	165.747544581528	0.88470458984375		1.182861328125E-06	6.060791015625E-06	4.8779296875E-06	1.04503885722806E-06	746904.0625	-7.35473406621168E-08
277	165.797544581401	0.889739990234375		1.3800048828125E-06	5.8380126953125E-06	4.4580078125E-06	1.22552921766328E-06	643520.5625	-9.47568956632949E-09
278	165.847544581275	0.894775390625		1.5692138671875E-06	5.615234375E-06	4.0460205078125E-06	1.40265728987288E-06	569622.75	6.42547774987179E-08
279	165.897544581149	0.899810791015625		1.74041748046875E-06	5.4046630859375E-06	3.66424560546875E-06	1.56259409322956E-06	515868.84375	1.46995560612595E-07
280	165.947544581023	0.90484619140625		1.89605712890625E-06	5.206298828125E-06	3.31024169921875E-06	1.71332544596225E-06	476581.375	2.37907428868311E-07
281	165.997544580896	0.909881591796875		2.03216552734375E-06	5.0201416015625E-06	2.98797607421875E-06	1.84561895366642E-06	446913.96875	3.36112975674041E-07
282	166.04754458077	0.9149169921875		2.1502685546875E-06	4.8492431640625E-06	2.698974609375E-06	1.96469227375928E-06	424921.9375	4.4067382987123E-07
283	166.097544580644	0.919952392578125		2.252197265625E-06	4.693603515625E-06	2.44140625E-06	2.06950858228083E-06	407994.59375	5.50735478554998E-07
284	166.147544580518	0.92498779296875		2.33612060546875E-06	4.5501708984375E-06	2.21405029296875E-06	2.15803129322012E-06	395427.8125	6.65443394609611E-07
285	166.197544580392	0.930023193359375		2.39990234375E-06	4.4219970703125E-06	2.0220947265625E-06	2.22866901822272E-06	386953.21875	7.83843972840259E-07
286	166.247544580265	0.93505859375		2.45452880859375E-06	4.30755615234375E-06	1.85302734375E-06	2.29437932830479E-06	380828.03125	9.05204785794922E-07
287	166.297544580139	0.940093994140625		2.49114990234375E-06	4.20135498046875E-06	1.710205078125E-06	2.33849391406693E-06	376822.25	1.02884678199189E-06
288	166.347544580013	0.94512939453125		2.5201416015625E-06	4.10858154296875E-06	1.58843994140625E-06	2.37878361986077E-06	374545.90625	1.15412899504008E-06
289	166.397544579887	0.950164794921875		2.5360107421875E-06	4.02435302734375E-06	1.48834228515625E-06	2.40614531321626E-06	374127.5625	1.28053284242924E-06
290	166.44754457976	0.9552001953125		2.54852294921875E-06	3.948974609375E-06	1.40045166015625E-06	2.42968303609814E-06	374086.9375	1.40764620937262E-06
291	166.497544579634	0.960235595703125		2.5518798828125E-06	3.8818359375E-06	1.3299560546875E-06	2.44612260758004E-06	375627.84375	1.5351562296928E-06
292	166.547544579508	0.96527099609375		2.55218505859375E-06	3.82110595703125E-06	1.2689208984375E-06	2.45887690653035E-06	377496.125	1.66275788160419E-06
293	166.597544579382	0.970306396484375		2.54638671875E-06	3.7677001953125E-06	1.2213134765625E-06	2.46805552706064E-06	380632.8125	1.79022219981562E-06
294	166.647544579255	0.975341796875		2.5408935546875E-06	3.71856689453125E-06	1.17767333984375E-06	2.47436264544376E-06	383257.28125	1.91740423360898E-06
295	166.697544579129	0.980377197265625		2.53143310546875E-06	3.6749267578125E-06	1.14349365234375E-06	2.47673779085744E-06	386497.90625	2.04421235139307E-06
296	166.747544579003	0.98541259765625		2.51922607421875E-06	3.63250732421875E-06	1.11328125E-06	2.47786420004559E-06	390430.0625	2.17047886508226E-06
297	166.797544578877	0.990447998046875		2.506103515625E-06	3.5968017578125E-06	1.0906982421875E-06	2.47872367253876E-06	394666.34375	2.29611191571166E-06
298	166.84754457875	0.9954833984375		2.49114990234375E-06	3.5626220703125E-06	1.07147216796875E-06	2.47609705184004E-06	398995.46875	2.42104329117865E-06
299	166.897544578624	1.00051879882813		2.476806640625E-06	3.53240966796875E-06	1.05560302734375E-06	2.47544608100725E-06	403523.90625	2.54524229603703E-06
300	166.947544578498	1.00555419921875		2.46337890625E-06	3.5028076171875E-06	1.0394287109375E-06	2.47330217462149E-06	407581.75	2.66874690169061E-06
301	166.997544578372	1.01058959960938		2.44842529296875E-06	3.4759521484375E-06	1.02752685546875E-06	2.46949616666825E-06	411940.6875	2.79154210147681E-06
302	167.047544578245	1.015625		2.4346923828125E-06	3.44970703125E-06	1.0150146484375E-06	2.46976242124219E-06	416645.78125	2.91361993731698E-06
303	167.097544578119	1.02066040039063		2.4200439453125E-06	3.42620849609375E-06	1.00616455078125E-06	2.46524245994806E-06	420933.15625	3.03498836728977E-06
304	167.147544577993	1.02569580078125		2.40631103515625E-06	3.40484619140625E-06	9.9853515625E-07	2.46520585278631E-06	425745.09375	3.1556471640215E-06
305	167.197544577867	1.03073120117188		2.393798828125E-06	3.38226318359375E-06	9.8846435546875E-07	2.46407557824568E-06	430010.21875	3.27564998769958E-06
306	167.247544577741	1.0357666015625		2.38189697265625E-06	3.36334228515625E-06	9.81445312500001E-07	2.46418153437844E-06	434337	3.39504231305909E-06
307	167.297544577614	1.04080200195313		2.3687744140625E-06	3.3428955078125E-06	9.7412109375E-07	2.46289505412278E-06	438933.28125	3.51380913343746E-06
308	167.347544577488	1.04583740234375		2.35809326171875E-06	3.32550048828125E-06	9.674072265625E-07	2.46402328230033E-06	443121.5	3.6319809169072E-06
309	167.397544577362	1.05087280273438		2.34710693359375E-06	3.3087158203125E-06	9.6160888671875E-07	2.46257127400895E-06	447016	3.74961086890835E-06
310	167.447544577236	1.055908203125		2.3370361328125E-06	3.292236328125E-06	9.552001953125E-07	2.46412946580676E-06	451162.21875	3.86671445085085E-06
311	167.497544577109	1.06094360351563		2.32635498046875E-06	3.2745361328125E-06	9.4818115234375E-07	2.46564650296932E-06	455594.9375	3.98329939343967E-06
312	167.547544576983	1.06597900390625		2.3187255859375E-06	3.25714111328125E-06	9.3841552734375E-07	2.46958984462253E-06	459331.40625	4.09942640544614E-06
313	167.597544576857	1.07101440429688		2.30743408203125E-06	3.24249267578125E-06	9.3505859375E-07	2.4681262402737E-06	463563.03125	4.21508002546034E-06
314	167.647544576731	1.0760498046875		2.2998046875E-06	3.22601318359375E-06	9.26208496093751E-07	2.47119510277116E-06	467224	4.33026116297697E-06
315	167.697544576604	1.08108520507813		2.28912353515625E-06	3.21044921875E-06	9.2132568359375E-07	2.47229263550253E-06	471803.75	4.44498436991125E-06
316	167.747544576478	1.08612060546875		2.28302001953125E-06	3.19610595703125E-06	9.13085937500001E-07	2.47824164034682E-06	475471.21875	4.55928784504067E-06
317	167.797544576352	1.09115600585938		2.27386474609375E-06	3.18084716796875E-06	9.06982421875001E-07	2.47801858677121E-06	479264.53125	4.67321024189005E-06
318	167.847544576226	1.09619140625		2.26715087890625E-06	3.16680908203125E-06	8.99658203124999E-07	2.48107994593738E-06	482702.90625	4.7867356443021E-06
319	167.897544576099	1.10122680664063		2.25860595703125E-06	3.15277099609375E-06	8.94165039062501E-07	2.48482501774561E-06	487096.34375	4.89987951368676E-06
320	167.947544575973	1.10626220703125		2.25189208984375E-06	3.13720703125E-06	8.8531494140625E-07	2.48705964622786E-06	490445.875	5.01264185004402E-06
321	167.997544575847	1.11129760742188		2.24456787109375E-06	3.12286376953125E-06	8.782958984375E-07	2.48993046625401E-06	494221.625	5.1250531214464E-06
322	168.047544575721	1.1163330078125		2.24029541015625E-06	3.1097412109375E-06	8.6944580078125E-07	2.49476238423085E-06	497071.25	5.23717471878626E-06
323	168.097544575595	1.12136840820313		2.2314453125E-06	3.0975341796875E-06	8.66088867187501E-07	2.49920776695944E-06	501914.6875	5.34896844328614E-06
324	168.147544575468	1.12640380859375		2.2271728515625E-06	3.0853271484375E-06	8.58154296875E-07	2.50393827627704E-06	504795.8125	5.46043384019868E-06
325	168.197544575342	1.13143920898438		2.21954345703125E-06	3.0731201171875E-06	8.5357666015625E-07	2.50823040914838E-06	509143.4375	5.57160183234373E-06
326	168.247544575216	1.136474609375		2.21405029296875E-06	3.0615234375E-06	8.4747314453125E-07	2.51350911639747E-06	512749.84375	5.68244149690145E-06
327	168.29754457509	1.14151000976563		2.20794677734375E-06	3.0523681640625E-06	8.4442138671875E-07	2.5160134100588E-06	516102.3125	5.79299148739665E-06
328	168.347544574963	1.14654541015625		2.2015380859375E-06	3.04229736328125E-06	8.40759277343749E-07	2.52147606261133E-06	520238.40625	5.90322861171444E-06
329	168.397544574837	1.15158081054688		2.19451904296875E-06	3.0322265625E-06	8.37707519531252E-07	2.52482209361915E-06	524266.4375	6.01313013248728E-06
330	168.447544574711	1.1566162109375		2.18994140625E-06	3.023681640625E-06	8.33740234375001E-07	2.5302483663836E-06	527592	6.12274152445025E-06
331	168.497544574585	1.16165161132813		2.1844482421875E-06	3.0194091796875E-06	8.34960937499999E-07	2.53456801146967E-06	531153.9375	6.23210144112818E-06
332	168.547544574458	1.16668701171875		2.177734375E-06	3.01361083984375E-06	8.3587646484375E-07	2.53741131928109E-06	535033.625	6.34115576758632E-06
333	168.597544574332	1.17172241210938		2.1728515625E-06	3.0096435546875E-06	8.367919921875E-07	2.54299493462895E-06	538623.625	6.44992041998194E-06
334	168.647544574206	1.1767578125		2.16827392578125E-06	3.00537109375E-06	8.37097167968751E-07	2.54888641393336E-06	542153.4375	6.5584486037551E-06
335	168.69754457408	1.18179321289063		2.1624755859375E-06	3.00384521484375E-06	8.41369628906251E-07	2.55262921200483E-06	545865.125	6.66671758153825E-06
336	168.747544573953	1.18682861328125		2.1575927734375E-06	3.0023193359375E-06	8.44726562500001E-07	2.55674217441992E-06	549222.0625	6.77471916787908E-06
337	168.797544573827	1.19186401367188		2.15118408203125E-06	3.0023193359375E-06	8.5113525390625E-07	2.5603080757719E-06	553270	6.88243835611502E-06
338	168.847544573701	1.1968994140625		2.1514892578125E-06	3.004150390625E-06	8.52661132812499E-07	2.57248984780745E-06	555744.6875	6.9900052039884E-06
339	168.897544573575	1.20193481445313		2.14080810546875E-06	3.00567626953125E-06	8.64868164062499E-07	2.5701717731863E-06	560798.3125	7.09731284587178E-06
340	168.947544573448	1.20697021484375		2.137451171875E-06	3.00567626953125E-06	8.68225097656248E-07	2.57723058894044E-06	564106.25	7.20426942280028E-06
341	168.997544573322	1.21200561523438		2.1368408203125E-06	3.00933837890625E-06	8.72497558593752E-07	2.58692853094544E-06	566552.4375	7.31112641005893E-06
342	169.047544573196	1.217041015625		2.12738037109375E-06	3.00933837890625E-06	8.81958007812502E-07	2.58586305790232E-06	571367.0625	7.41773192203254E-06
343	169.09754457307	1.22207641601563		2.127685546875E-06	3.01116943359375E-06	8.8348388671875E-07	2.59727244156238E-06	573723.4375	7.52410869608866E-06
344	169.147544572944	1.22711181640625		2.1209716796875E-06	3.0096435546875E-06	8.88671874999999E-07	2.59878584074613E-06	577697.875	7.63032494432991E-06
345	169.197544572817	1.23214721679688		2.11761474609375E-06	3.0072021484375E-06	8.89587402343749E-07	2.60501246884814E-06	580919.4375	7.73629017203348E-06
346	169.247544572691	1.2371826171875		2.1160888671875E-06	3.00384521484375E-06	8.8775634765625E-07	2.6154052648053E-06	584078.5	7.8421326179523E-06
347	169.297544572565	1.24221801757813		2.11517333984375E-06	2.999267578125E-06	8.84094238281251E-07	2.62524690697319E-06	586784.0625	7.94791412772611E-06
348	169.347544572439	1.24725341796875		2.11578369140625E-06	2.99102783203125E-06	8.75244140625001E-07	2.63633569375088E-06	588922.5625	8.0536883615423E-06
349	169.397544572312	1.25228881835938		2.11700439453125E-06	2.9827880859375E-06	8.65783691406249E-07	2.64754771706066E-06	590745.25	8.15950716059888E-06
350	169.447544572186	1.25732421875		2.1221923828125E-06	2.97393798828125E-06	8.5174560546875E-07	2.66569327322941E-06	591889.5625	8.26548784971237E-06
351	169.49754457206	1.26235961914063		2.1246337890625E-06	2.9632568359375E-06	8.38623046875001E-07	2.6784857709572E-06	593364	8.37165862321854E-06
352	169.547544571934	1.26739501953125		2.13043212890625E-06	2.95135498046875E-06	8.20922851562501E-07	2.69684801423864E-06	594184.25	8.4780349425273E-06
353	169.597544571807	1.27243041992188		2.13470458984375E-06	2.93731689453125E-06	8.026123046875E-07	2.71268004325975E-06	595282.375	8.58466319186846E-06
354	169.647544571681	1.2774658203125		2.14263916015625E-06	2.9229736328125E-06	7.80334472656251E-07	2.73453247245925E-06	595641.6875	8.69159703142941E-06
355	169.697544571555	1.28250122070313		2.14630126953125E-06	2.91168212890625E-06	7.65380859375001E-07	2.74903163699491E-06	596758.125	8.79882009030553E-06
356	169.747544571429	1.28753662109375		2.154541015625E-06	2.89764404296875E-06	7.4310302734375E-07	2.77076264865173E-06	596883.875	8.90634146344382E-06
357	169.797544571302	1.29257202148438		2.16064453125E-06	2.8863525390625E-06	7.25708007812501E-07	2.78982133750105E-06	597598.875	9.01422117749462E-06
358	169.847544571176	1.297607421875		2.16583251953125E-06	2.8729248046875E-06	7.07092285156249E-07	2.8070955977455E-06	598421.875	9.12238283490296E-06
359	169.89754457105	1.30264282226563		2.1697998046875E-06	2.86163330078125E-06	6.9183349609375E-07	2.82283212982293E-06	599578.0625	9.23077368497616E-06
360	169.947544570924	1.30767822265625		2.1746826171875E-06	2.85186767578125E-06	6.7718505859375E-07	2.83913936982572E-06	600336.8125	9.33938554226188E-06
361	169.997544570797	1.31271362304688		2.17864990234375E-06	2.8436279296875E-06	6.64978027343751E-07	2.85761620943958E-06	602045.125	9.44821931625484E-06
362	170.047544570671	1.3177490234375		2.18231201171875E-06	2.83355712890625E-06	6.512451171875E-07	2.87307534563297E-06	603272.3125	9.55724317464046E-06
363	170.097544570545	1.32278442382813		2.18353271484375E-06	2.82806396484375E-06	6.4453125E-07	2.88534420178621E-06	605171.25	9.66638890531613E-06
364	170.147544570419	1.32781982421875		2.18597412109375E-06	2.82196044921875E-06	6.35986328124999E-07	2.89857712232333E-06	606589.4375	9.77562649495667E-06
365	170.197544570293	1.33285522460938		2.18658447265625E-06	2.8179931640625E-06	6.31408691406249E-07	2.91073047264945E-06	608792.75	9.88494048215216E-06
366	170.247544570166	1.337890625		2.18841552734375E-06	2.8125E-06	6.24084472656252E-07	2.92385334432765E-06	610514.5625	9.99431631498737E-06
367	170.29754457004	1.34292602539063		2.1881103515625E-06	2.811279296875E-06	6.23168945312499E-07	2.93546531793254E-06	613110.1875	1.01037294371054E-05
368	170.347544569914	1.34796142578125		2.1875E-06	2.8082275390625E-06	6.20727539062499E-07	2.94466030936746E-06	615373.875	1.02131189123611E-05
369	170.397544569788	1.35299682617188		2.1881103515625E-06	2.80731201171875E-06	6.19201660156249E-07	2.9575014650618E-06	617712.6875	1.03225092971115E-05
370	170.447544569661	1.3580322265625		2.18780517578125E-06	2.80487060546875E-06	6.17065429687501E-07	2.96777170660789E-06	620030.6875	1.04319078673143E-05
371	170.497544569535	1.36306762695313		2.1868896484375E-06	2.80609130859375E-06	6.19201660156251E-07	2.97587303066393E-06	622243.9375	1.05412746052025E-05
372	170.547544569409	1.36810302734375		2.18475341796875E-06	2.806396484375E-06	6.21643066406251E-07	2.98496729556064E-06	625366.6875	1.06505658550304E-05
373	170.597544569283	1.37313842773438		2.183837890625E-06	2.80731201171875E-06	6.23474121093749E-07	2.99504608847201E-06	628004.5	1.07597807073034E-05
374	170.647544569156	1.378173828125		2.18292236328125E-06	2.80792236328125E-06	6.25E-07	3.00511555906269E-06	630644.5	1.08689500848413E-05
375	170.69754456903	1.38320922851563		2.181396484375E-06	2.80914306640625E-06	6.2774658203125E-07	3.01366617350141E-06	633324	1.09780576167395E-05
376	170.747544568904	1.38824462890625		2.1795654296875E-06	2.81219482421875E-06	6.32629394531251E-07	3.02310945698991E-06	636376.375	1.10870814751252E-05
377	170.797544568778	1.39328002929688		2.1771240234375E-06	2.81402587890625E-06	6.36901855468751E-07	3.02902458315657E-06	639052.5	1.11959989226307E-05
378	170.847544568651	1.3983154296875		2.1759033203125E-06	2.81494140625E-06	6.39038085937499E-07	3.03994306705135E-06	642075.75	1.13048245111713E-05
379	170.897544568525	1.40335083007813		2.1734619140625E-06	2.81768798828125E-06	6.44226074218751E-07	3.04581794807746E-06	644762.75	1.14135591502418E-05
380	170.947544568399	1.40838623046875		2.17193603515625E-06	2.82073974609375E-06	6.48803710937501E-07	3.05494768326753E-06	647604.375	1.1522193744895E-05
381	170.997544568273	1.41342163085938		2.16888427734375E-06	2.82470703125E-06	6.55822753906252E-07	3.06124570670363E-06	650766.875	1.16307137432159E-05
382	171.047544568146	1.41845703125		2.16827392578125E-06	2.82867431640625E-06	6.60400390624999E-07	3.07229470308812E-06	653483.5	1.17391427920666E-05
383	171.09754456802	1.42349243164063		2.1661376953125E-06	2.83355712890625E-06	6.6741943359375E-07	3.0791836707067E-06	656241.1875	1.18475036288146E-05
384	171.147544567894	1.42852783203125		2.1649169921875E-06	2.83905029296875E-06	6.7413330078125E-07	3.09000120068958E-06	659289.5625	1.19557798825554E-05
385	171.197544567768	1.43356323242188		2.1630859375E-06	2.8466796875E-06	6.8359375E-07	3.09728966385592E-06	661963.9375	1.20639797387412E-05
386	171.247544567642	1.4385986328125		2.16278076171875E-06	2.85430908203125E-06	6.91528320312501E-07	3.10807308778749E-06	664456.0625	1.21721268442343E-05
387	171.297544567515	1.44363403320313		2.1612548828125E-06	2.86346435546875E-06	7.02209472656251E-07	3.11775238515111E-06	667466.875	1.22802275654976E-05
388	171.347544567389	1.44866943359375		2.16156005859375E-06	2.872314453125E-06	7.10754394531249E-07	3.1294068776333E-06	669772.75	1.23882973639411E-05
389	171.397544567263	1.45370483398438		2.16278076171875E-06	2.884521484375E-06	7.2174072265625E-07	3.14173462356848E-06	671652.375	1.24964062706567E-05
390	171.447544567137	1.458740234375		2.164306640625E-06	2.89794921875E-06	7.33642578125002E-07	3.1531981221633E-06	673152.875	1.2604583389475E-05
391	171.49754456701	1.46377563476563		2.16461181640625E-06	2.91168212890625E-06	7.470703125E-07	3.1655331440561E-06	675595.6875	1.27128059830284E-05
392	171.547544566884	1.46881103515625		2.16705322265625E-06	2.926025390625E-06	7.58972167968751E-07	3.17968510898936E-06	677087.75	1.28210976981791E-05
393	171.597544566758	1.47384643554688		2.17071533203125E-06	2.94189453125E-06	7.71179199218749E-07	3.1956576549419E-06	678194.875	1.29295422084397E-05
394	171.647544566632	1.4788818359375		2.174072265625E-06	2.9583740234375E-06	7.84301757812499E-07	3.21187872032169E-06	679533.9375	1.30381622511777E-05
395	171.697544566505	1.48391723632813		2.177734375E-06	2.97698974609375E-06	7.9925537109375E-07	3.22792220686097E-06	680633.4375	1.31469569168985E-05
396	171.747544566379	1.48895263671875		2.18353271484375E-06	2.9949951171875E-06	8.11462402343749E-07	3.24784491567698E-06	681202	1.32559889607364E-05
397	171.797544566253	1.49398803710938		2.1875E-06	3.0145263671875E-06	8.270263671875E-07	3.26375970871595E-06	682059.125	1.33652647491544E-05
398	171.847544566127	1.4990234375		2.19451904296875E-06	3.03619384765625E-06	8.41674804687499E-07	3.28628698298417E-06	682380.75	1.34748152049724E-05
