Potential - Start -0.205 V, Stop 1.505 V, Step 0.005 V; Modulation - Amplitude 0.05 V, Time 0.025 s, Interval time 0.05 s
Index	Base.Time (s)	Potential applied (V)	WE(1).Base.Potential (V)	WE(1).Base.Current (A)	WE(1).Pulse.Current (A)	WE(1).δ.Current (A)	WE(1).Base.Power (W)	WE(1).Base.Resistance (Ω)	WE(1).Base.Charge (C)
1	65.3711498349537	-0.204925537109375		-2.423095703125E-07	2.703857421875E-07	5.126953125E-07	4.96258394377946E-08	845214.125	0
2	65.4211498348275	-0.19989013671875		-4.302978515625E-07	2.41699218749999E-07	6.719970703125E-07	8.59860307400595E-08	464397.1875	-1.68151856883014E-08
3	65.4711498347012	-0.194854736328125		-4.3182373046875E-07	2.42004394531251E-07	6.73828125000001E-07	8.40638278987171E-08	450812.75	-3.83682241533734E-08
4	65.521149834575	-0.1898193359375		-4.25109863281251E-07	2.46582031250001E-07	6.71691894531251E-07	8.06421738275276E-08	446231.1875	-5.97915601474597E-08
5	65.5711498344488	-0.184783935546875		-4.168701171875E-07	2.520751953125E-07	6.68945312499999E-07	7.69545707157704E-08	442825.78125	-8.08410618446942E-08
6	65.6211498343225	-0.17974853515625		-4.0863037109375E-07	2.5787353515625E-07	6.6650390625E-07	7.3400826750003E-08	439581.78125	-1.0147857665288E-07
7	65.6711498341963	-0.174713134765625		-4.0130615234375E-07	2.63671875E-07	6.6497802734375E-07	7.00767159855786E-08	435133.09375	-1.21726984048109E-07
8	65.72114983407	-0.169677734375		-3.9337158203125E-07	2.69470214843751E-07	6.62841796875001E-07	6.6686375532754E-08	430954.21875	-1.41593929470218E-07
9	65.7711498339438	-0.164642333984375		-3.863525390625E-07	2.7587890625E-07	6.622314453125E-07	6.35981933783114E-08	426066.375	-1.61087029937335E-07
10	65.8211498338176	-0.15960693359375		-3.79028320312499E-07	2.81372070312499E-07	6.60400390624999E-07	6.04492811362434E-08	420772.96875	-1.80221547907422E-07
11	65.8711498336913	-0.154571533203125		-3.73229980468751E-07	2.87475585937499E-07	6.6070556640625E-07	5.76451668621303E-08	413818.5	-1.99028008296409E-07
12	65.9211498335651	-0.1495361328125		-3.67126464843751E-07	2.94189453125E-07	6.61315917968751E-07	5.48538565681156E-08	406982.5625	-2.17536921809369E-07
13	65.9711498334389	-0.144500732421875		-3.61022949218751E-07	3.0029296875E-07	6.61315917968751E-07	5.21240082207441E-08	399915.5	-2.3574065721732E-07
14	66.0211498333126	-0.13946533203125		-3.5552978515625E-07	3.07617187500001E-07	6.63146972656251E-07	4.95515273257752E-08	392017.1875	-2.53654462767372E-07
15	66.0711498331864	-0.134429931640625		-3.509521484375E-07	3.15246582031251E-07	6.6619873046875E-07	4.71356322861993E-08	382695.65625	-2.71316508815289E-07
16	66.1211498330601	-0.12939453125		-3.4637451171875E-07	3.2379150390625E-07	6.70166015625E-07	4.47978223405698E-08	373392.09375	-2.88749674837163E-07
17	66.1711498329339	-0.124359130859375		-3.4210205078125E-07	3.33251953124999E-07	6.75354003906249E-07	4.25435153772469E-08	363514.71875	-3.05961606272831E-07
18	66.2211498328077	-0.11932373046875		-3.387451171875E-07	3.4332275390625E-07	6.8206787109375E-07	4.03789783831598E-08	351891.90625	-3.22982771194802E-07
19	66.2711498326814	-0.114288330078125		-3.3538818359375E-07	3.5552978515625E-07	6.9091796875E-07	3.83002465298432E-08	340491.375	-3.39836105922586E-07
20	66.3211498325552	-0.1092529296875		-3.3294677734375E-07	3.692626953125E-07	7.0220947265625E-07	3.63347680831794E-08	327772.6875	-3.56544489932276E-07
21	66.371149832429	-0.104217529296875		-3.32031250000001E-07	3.84521484375E-07	7.16552734375001E-07	3.45528121670213E-08	313419.125	-3.73168944634017E-07
22	66.4211498323027	-0.09918212890625		-3.31726074218749E-07	4.0130615234375E-07	7.33032226562499E-07	3.28911724523095E-08	298896.0625	-3.8976287441983E-07
23	66.4711498321765	-0.094146728515625		-3.3294677734375E-07	4.2236328125E-07	7.5531005859375E-07	3.1325527061199E-08	282584.78125	-4.06379683681735E-07
24	66.5211498320502	-0.089111328125		-3.3447265625E-07	4.473876953125E-07	7.81860351562499E-07	2.97950943917158E-08	266332.125	-4.23065188215332E-07
25	66.571149831924	-0.084075927734375		-3.3843994140625E-07	4.77294921875E-07	8.15734863281251E-07	2.84443242293264E-08	248331.828125	-4.39887998027189E-07
26	66.6211498317978	-0.07904052734375		-3.4454345703125E-07	5.12084960937501E-07	8.56628417968751E-07	2.7201352281736E-08	229140.84375	-4.56962567341179E-07
27	66.6711498316715	-0.074005126953125		-3.51562499999999E-07	5.52978515624999E-07	9.04541015624999E-07	2.60174264354873E-08	210503.484375	-4.74365208447125E-07
28	66.7211498315453	-0.0689697265625		-3.61328125E-07	6.0272216796875E-07	9.6405029296875E-07	2.48876208530646E-08	190625	-4.92187496092811E-07
29	66.7711498314191	-0.063934326171875		-3.7384033203125E-07	6.610107421875E-07	1.03485107421875E-06	2.38898199000914E-08	170938.78125	-5.10566678713076E-07
30	66.8211498312928	-0.05889892578125		-3.90625E-07	7.293701171875E-07	1.1199951171875E-06	2.29954721930881E-08	150703.125	-5.29678345628781E-07
31	66.8711498311666	-0.053863525390625		-4.1046142578125E-07	8.10546875E-07	1.22100830078125E-06	2.20838458631079E-08	131078.078125	-5.4970547580524E-07
32	66.9211498310403	-0.048828125		-4.33959960937499E-07	9.05761718750001E-07	1.3397216796875E-06	2.11351522949599E-08	112229.2578125	-5.70816041545186E-07
33	66.9711498309141	-0.043792724609375		-4.66003417968749E-07	1.016845703125E-06	1.48284912109375E-06	2.03293417655459E-08	93614.9375	-5.93315121477644E-07
34	67.0211498307879	-0.03875732421875		-5.01403808593751E-07	1.14501953125E-06	1.64642333984375E-06	1.93535019121782E-08	76981.1328125	-6.17500290900352E-07
35	67.0711498306616	-0.033721923828125		-5.43823242187499E-07	1.2933349609375E-06	1.837158203125E-06	1.82939565718243E-08	61857.46875	-6.4363098317699E-07
36	67.1211498305354	-0.0286865234375		-5.9356689453125E-07	1.46209716796875E-06	2.0556640625E-06	1.69422325058122E-08	48087.40234375	-6.72065709750314E-07
37	67.1711498304091	-0.023651123046875		-6.500244140625E-07	1.65313720703125E-06	2.30316162109375E-06	1.53123114188247E-08	36239.4375	-7.03155478731787E-07
38	67.2211498302829	-0.01861572265625		-7.1533203125E-07	1.86553955078125E-06	2.58087158203125E-06	1.32487496529166E-08	25891.638671875	-7.37289383323514E-07
39	67.2711498301567	-0.013580322265625		-7.87353515625E-07	2.09991455078125E-06	2.88726806640625E-06	1.05579562870162E-08	17031.0078125	-7.74856573571014E-07
40	67.3211498300304	-0.008544921875		-8.6700439453125E-07	2.35565185546875E-06	3.22265625E-06	7.30264915205225E-09	9714.8896484375	-8.16215504073625E-07
41	67.3711498299042	-0.003509521484375		-9.53063964843751E-07	2.628173828125E-06	3.58123779296875E-06	3.2575426800463E-09	3586.29541015625	-8.61717182942812E-07
42	67.421149829778	0.00152587890625		-1.04339599609375E-06	2.9205322265625E-06	3.96392822265625E-06	-1.74812131437108E-09	-1605.73278808594	-9.11628717403801E-07
43	67.4711498296517	0.006561279296875		-1.13037109375E-06	3.21929931640625E-06	4.34967041015625E-06	-7.49602158123253E-09	-5866.630859375	-9.65972844824137E-07
44	67.5211498295255	0.0115966796875		-1.220703125E-06	3.52386474609375E-06	4.74456787109375E-06	-1.42753124876549E-08	-9580.0009765625	-1.02474973573408E-06
45	67.5711498293992	0.016632080078125		-1.3055419921875E-06	3.82659912109375E-06	5.13214111328125E-06	-2.1889185575219E-08	-12842.4501953125	-1.08790584363305E-06
46	67.621149829273	0.02166748046875		-1.3824462890625E-06	4.119873046875E-06	5.5023193359375E-06	-3.00849123391345E-08	-15741.7216796875	-1.15510556497611E-06
47	67.6711498291468	0.026702880859375		-1.4447021484375E-06	4.3975830078125E-06	5.84228515625E-06	-3.8789334411149E-08	-18584.70703125	-1.22578421724029E-06
48	67.7211498290205	0.03173828125		-1.48834228515625E-06	4.6539306640625E-06	6.14227294921875E-06	-4.7423647231426E-08	-21408.65234375	-1.29911040858133E-06
49	67.7711498288943	0.036773681640625		-1.510009765625E-06	4.876708984375E-06	6.38671875E-06	-5.56760753056551E-08	-24417.947265625	-1.37406914291205E-06
50	67.8211498287681	0.04180908203125		-1.50360107421875E-06	5.0628662109375E-06	6.56646728515625E-06	-6.30981986660117E-08	-27909.478515625	-1.44940941027016E-06
51	67.8711498286418	0.046844482421875		-1.47064208984375E-06	5.206298828125E-06	6.67694091796875E-06	-6.90081520815511E-08	-31907.03515625	-1.52376549067412E-06
52	67.9211498285156	0.0518798828125		-1.4129638671875E-06	5.2978515625E-06	6.7108154296875E-06	-7.3304398995333E-08	-36717.0625	-1.59585567871545E-06
53	67.9711498283893	0.056915283203125		-1.31866455078125E-06	5.340576171875E-06	6.65924072265625E-06	-7.51728919112793E-08	-43230.734375	-1.66414633895329E-06
54	68.0211498282631	0.06195068359375		-1.20208740234375E-06	5.3314208984375E-06	6.53350830078125E-06	-7.44701296184758E-08	-51535.92578125	-1.72716522683913E-06
55	68.0711498281369	0.066986083984375		-1.0601806640625E-06	5.2703857421875E-06	6.33056640625E-06	-7.11144139131648E-08	-63270.00390625	-1.78372192749521E-06
56	68.1211498280106	0.072021484375		-8.99658203125001E-07	5.1666259765625E-06	6.0662841796875E-06	-6.48496296662415E-08	-80122.1171875	-1.83271788500861E-06
57	68.1711498278844	0.077056884765625		-7.22656250000001E-07	5.01708984375E-06	5.73974609375E-06	-5.57297461512007E-08	-106714.53125	-1.87327566436579E-06
58	68.2211498277582	0.08209228515625		-5.33142089843749E-07	4.8370361328125E-06	5.37017822265625E-06	-4.38319354145733E-08	-154207.203125	-1.90467062566313E-06
59	68.2711498276319	0.087127685546875		-3.39660644531251E-07	4.6356201171875E-06	4.97528076171875E-06	-2.95938438199528E-08	-256513.9375	-1.92649076780071E-06
60	68.3211498275057	0.0921630859375		-1.44348144531251E-07	4.4158935546875E-06	4.56024169921875E-06	-1.32991644363756E-08	-638266.4375	-1.93859091268678E-06
61	68.3711498273794	0.097198486328125		4.63867187499994E-08	4.1949462890625E-06	4.1485595703125E-06	4.51154980041224E-09	2096710.625	-1.94103995454498E-06
62	68.4211498272532	0.10223388671875		2.29797363281251E-07	3.97186279296875E-06	3.7420654296875E-06	2.35000889858838E-08	445019.9375	-1.93413529814279E-06
63	68.471149827127	0.107269287109375		4.010009765625E-07	3.7548828125E-06	3.3538818359375E-06	4.30150883801161E-08	267503.8125	-1.91836534213508E-06
64	68.5211498270007	0.1123046875		5.56335449218751E-07	3.548583984375E-06	2.99224853515625E-06	6.25639628992758E-08	202139.34375	-1.89443198905792E-06
65	68.5711498268745	0.117340087890625		6.9580078125E-07	3.3544921875E-06	2.65869140625E-06	8.16665561842456E-08	168684.21875	-1.86312865935179E-06
66	68.6211498267483	0.12237548828125		8.1695556640625E-07	3.17413330078125E-06	2.357177734375E-06	9.99753311248242E-08	149794.546875	-1.82530970960215E-06
67	68.671149826622	0.127410888671875		9.197998046875E-07	3.0096435546875E-06	2.08984375E-06	1.17248646347434E-07	138586.59375	-1.78189077360003E-06
68	68.7211498264958	0.1324462890625		1.00555419921875E-06	2.86041259765625E-06	1.8548583984375E-06	1.33120536816023E-07	131654.03125	-1.73375701706391E-06
69	68.7711498263695	0.137481689453125		1.07513427734375E-06	2.7252197265625E-06	1.65008544921875E-06	1.47942515127397E-07	127987.515625	-1.68173971815122E-06
70	68.8211498262433	0.14251708984375		1.1297607421875E-06	2.6031494140625E-06	1.473388671875E-06	1.61044681590283E-07	126175.046875	-1.62661740432668E-06
71	68.8711498261171	0.147552490234375		1.1724853515625E-06	2.4945068359375E-06	1.322021484375E-06	1.7300313004398E-07	125845.9140625	-1.5690612826802E-06
72	68.9211498259908	0.152587890625		1.20330810546875E-06	2.39776611328125E-06	1.1944580078125E-06	1.83646960749684E-07	126832.359375	-1.5096663901204E-06
73	68.9711498258646	0.157623291015625		1.2249755859375E-06	2.31048583984375E-06	1.08551025390625E-06	1.93122062341899E-07	128699.5546875	-1.44895932407962E-06
74	69.0211498257383	0.16265869140625		1.239013671875E-06	2.232666015625E-06	9.9365234375E-07	2.01498522756083E-07	131256.15625	-1.38735958898906E-06
75	69.0711498256121	0.167694091796875		1.2469482421875E-06	2.16339111328125E-06	9.1644287109375E-07	2.09143891538588E-07	134508.078125	-1.32521051909862E-06
76	69.1211498254859	0.1727294921875		1.2493896484375E-06	2.10052490234375E-06	8.5113525390625E-07	2.15768295674934E-07	138226.6875	-1.26280212953134E-06
77	69.1711498253596	0.177764892578125		1.248779296875E-06	2.04437255859375E-06	7.95593261718751E-07	2.22027225049715E-07	142375.359375	-1.20034792416845E-06
78	69.2211498252334	0.18280029296875		1.2445068359375E-06	1.99371337890625E-06	7.4920654296875E-07	2.27534201258095E-07	146910.25	-1.13801570478245E-06
79	69.2711498251072	0.187835693359375		1.23809814453125E-06	1.9482421875E-06	7.10144042968751E-07	2.32559017376843E-07	151713.09375	-1.07595064946509E-06
80	69.3211498249809	0.19287109375		1.22955322265625E-06	1.90643310546875E-06	6.76879882812499E-07	2.37182788964674E-07	156887.578125	-1.01425928278331E-06
81	69.3711498248547	0.197906494140625		1.22039794921875E-06	1.86859130859375E-06	6.48193359375E-07	2.41524674038374E-07	162165.546875	-9.53010555804212E-07
82	69.4211498247284	0.20294189453125		1.2103271484375E-06	1.834716796875E-06	6.243896484375E-07	2.45626068817728E-07	167675.25	-8.92242439931579E-07
83	69.4711498246022	0.207977294921875		1.19964599609375E-06	1.802978515625E-06	6.03332519531251E-07	2.49462516421772E-07	173340.109375	-8.31993077099469E-07
84	69.521149824476	0.2130126953125		1.18865966796875E-06	1.77398681640625E-06	5.85327148437501E-07	2.53127041105472E-07	179152.765625	-7.72285432049102E-07
85	69.5711498243497	0.218048095703125		1.17706298828125E-06	1.74713134765625E-06	5.70068359375E-07	2.56692260336422E-07	185273.53125	-7.13142355834862E-07
86	69.6211498242235	0.22308349609375		1.1651611328125E-06	1.72210693359375E-06	5.5694580078125E-07	2.59963769622118E-07	191487.703125	-6.54586756354547E-07
87	69.6711498240973	0.228118896484375		1.153564453125E-06	1.69891357421875E-06	5.45349121093749E-07	2.63079442675007E-07	197698.421875	-5.96618633608159E-07
88	69.721149823971	0.233154296875		1.14227294921875E-06	1.67816162109375E-06	5.35888671875E-07	2.66395574044509E-07	204167.78125	-5.39222696716024E-07
89	69.7711498238448	0.238189697265625		1.13189697265625E-06	1.65863037109375E-06	5.267333984375E-07	2.69571643229938E-07	210407.125	-4.82368477605633E-07
90	69.8211498237185	0.24322509765625		1.12060546875E-06	1.6400146484375E-06	5.19409179687501E-07	2.72559390168681E-07	217047.921875	-4.26055891011856E-07
91	69.8711498235923	0.248260498046875		1.1102294921875E-06	1.62261962890625E-06	5.12390136718749E-07	2.7559224236029E-07	223584.390625	-3.70285022199823E-07
92	69.9211498234661	0.2532958984375		1.10015869140625E-06	1.6058349609375E-06	5.0567626953125E-07	2.78598520253581E-07	230180.3125	-3.15025317831896E-07
93	69.9711498233398	0.258331298828125		1.0906982421875E-06	1.590576171875E-06	4.99877929687499E-07	2.81761487030963E-07	236849.46875	-2.60253898431984E-07
94	70.0211498232136	0.26336669921875		1.08062744140625E-06	1.57623291015625E-06	4.9560546875E-07	2.84667237337999E-07	243772.953125	-2.05970764000085E-07
95	70.0711498230874	0.268402099609375		1.07086181640625E-06	1.56219482421875E-06	4.913330078125E-07	2.87388871811345E-07	250612.71875	-1.52183531554329E-07
96	70.1211498229611	0.2734375		1.06231689453125E-06	1.54937744140625E-06	4.87060546875E-07	2.90509689193641E-07	257426.03125	-9.88540591606579E-08
97	70.1711498228349	0.278472900390625		1.05377197265625E-06	1.53656005859375E-06	4.827880859375E-07	2.93382612426285E-07	264205.0625	-4.59518396667136E-08
98	70.2211498227086	0.28350830078125		1.04583740234375E-06	1.5252685546875E-06	4.79431152343751E-07	2.96439736757748E-07	271024.21875	6.53839205000395E-09
99	70.2711498225824	0.288543701171875		1.03759765625E-06	1.51458740234375E-06	4.76989746093751E-07	2.99328917208186E-07	278029.4375	5.86242663302983E-08
100	70.3211498224562	0.2935791015625		1.03057861328125E-06	1.50390625E-06	4.73327636718751E-07	3.02493418757876E-07	284809	1.10328670643867E-07
101	70.3711498223299	0.298614501953125		1.02264404296875E-06	1.495361328125E-06	4.7271728515625E-07	3.0537634643224E-07	292002.40625	1.61659230002442E-07
102	70.4211498222037	0.30364990234375		1.01531982421875E-06	1.48590087890625E-06	4.70581054687501E-07	3.08270756477214E-07	299038.1875	2.12608327387898E-07
103	70.4711498220775	0.308685302734375		1.00860595703125E-06	1.47735595703125E-06	4.6875E-07	3.1128027444538E-07	305990.90625	2.63206487716161E-07
104	70.5211498219512	0.313720703125		1.0009765625E-06	1.4691162109375E-06	4.681396484375E-07	3.14027062131572E-07	313414.625	3.13446037125686E-07
105	70.571149821825	0.318756103515625		9.94262695312501E-07	1.4617919921875E-06	4.67529296875E-07	3.16836263891673E-07	320503.375	3.63327018249038E-07
106	70.6211498216987	0.32379150390625		9.8724365234375E-07	1.45477294921875E-06	4.67529296874999E-07	3.19661097591961E-07	327975.28125	4.1286466512247E-07
107	70.6711498215725	0.328826904296875		9.808349609375E-07	1.4483642578125E-06	4.67529296875E-07	3.22524897455878E-07	335252.03125	4.62066651607529E-07
108	70.7211498214463	0.3338623046875		9.747314453125E-07	1.44287109375E-06	4.681396484375E-07	3.2545582939747E-07	342548.5625	5.10955771915178E-07
109	70.77114982132	0.338897705078125		9.686279296875E-07	1.43798828125E-06	4.69360351562499E-07	3.28295328699824E-07	349905.5	5.59539785172092E-07
110	70.8211498211938	0.34393310546875		9.6221923828125E-07	1.43341064453125E-06	4.71191406249999E-07	3.30909699641779E-07	357405.65625	6.07810932251596E-07
111	70.8711498210675	0.348968505859375		9.564208984375E-07	1.4288330078125E-06	4.72412109374999E-07	3.33789955675456E-07	364901.09375	6.55776943858655E-07
112	70.9211498209413	0.35400390625		9.50012207031251E-07	1.42547607421875E-06	4.75463867187499E-07	3.36279043722243E-07	372598.78125	7.0343776314985E-07
113	70.9711498208151	0.359039306640625		9.442138671875E-07	1.422119140625E-06	4.779052734375E-07	3.38923456411067E-07	380155.125	7.50793446968601E-07
114	71.0211498206888	0.36407470703125		9.3841552734375E-07	1.4202880859375E-06	4.8187255859375E-07	3.41653333180147E-07	387967.5	7.97859172507742E-07
115	71.0711498205626	0.369110107421875		9.326171875E-07	1.41845703125E-06	4.85839843750001E-07	3.4420997963025E-07	395746.0625	8.44634996610694E-07
116	71.1211498204364	0.3741455078125		9.27124023437501E-07	1.41693115234375E-06	4.8980712890625E-07	3.46907569337418E-07	403587.90625	8.91128536295582E-07
117	71.1711498203101	0.379180908203125		9.2132568359375E-07	1.4154052734375E-06	4.9407958984375E-07	3.49377216934954E-07	411593.25	9.37339734718989E-07
118	71.2211498201839	0.38421630859375		9.1552734375E-07	1.4154052734375E-06	4.998779296875E-07	3.5173258083887E-07	419633.34375	9.83261088549625E-07
119	71.2711498200576	0.389251708984375		9.09423828125E-07	1.4154052734375E-06	5.05981445312501E-07	3.53967010369161E-07	427986.59375	1.02888486708252E-06
120	71.3211498199314	0.394287109375		9.04235839843751E-07	1.41632080078125E-06	5.12084960937499E-07	3.56500947873428E-07	436010.8125	1.07422636119736E-06
121	71.3711498198052	0.399322509765625		8.99353027343749E-07	1.4166259765625E-06	5.1727294921875E-07	3.59131888671982E-07	444010.875	1.11931603896664E-06
122	71.4211498196789	0.40435791015625		8.9385986328125E-07	1.41754150390625E-06	5.23681640625E-07	3.61412020311036E-07	452338.6875	1.16414639705908E-06
123	71.4711498195527	0.409393310546875		8.88977050781251E-07	1.41876220703125E-06	5.2978515625E-07	3.63941239811538E-07	460521.8125	1.20871732178784E-06
124	71.5211498194265	0.4144287109375		8.84094238281249E-07	1.41998291015625E-06	5.35888671875001E-07	3.66421005537632E-07	468795.3125	1.25304404718918E-06
125	71.5711498193002	0.419464111328125		8.79821777343751E-07	1.4208984375E-06	5.41076660156249E-07	3.69053651638751E-07	476760.34375	1.29714203467302E-06
126	71.621149819174	0.42449951171875		8.75244140625001E-07	1.422119140625E-06	5.46875E-07	3.71487260508729E-07	484937.25	1.34101867388381E-06
127	71.6711498190477	0.429534912109375		8.7158203125E-07	1.4227294921875E-06	5.511474609375E-07	3.74374906186858E-07	492822.125	1.38468931254465E-06
128	71.7211498189215	0.4345703125		8.6822509765625E-07	1.4227294921875E-06	5.54504394531249E-07	3.77278354335431E-07	500492.09375	1.42818441872805E-06
129	71.7711498187953	0.439605712890625		8.65478515625E-07	1.42303466796875E-06	5.57556152343751E-07	3.80469288074892E-07	507933.71875	1.47152707086207E-06
130	71.821149818669	0.44464111328125		8.6212158203125E-07	1.42364501953125E-06	5.615234375E-07	3.83282070970381E-07	515681.4375	1.51471704157302E-06
131	71.8711498185428	0.449676513671875		8.60595703125E-07	1.42364501953125E-06	5.6304931640625E-07	3.8693713122484E-07	522446.84375	1.5577850263071E-06
132	71.9211498184166	0.4547119140625		8.5906982421875E-07	1.42364501953125E-06	5.645751953125E-07	3.90655486626201E-07	529342.8125	1.60077661348623E-06
133	71.9711498182903	0.459747314453125		8.56933593750001E-07	1.42333984375E-06	5.6640625E-07	3.93972925394337E-07	536502.875	1.643676682761E-06
134	72.0211498181641	0.46478271484375		8.5601806640625E-07	1.4239501953125E-06	5.6793212890625E-07	3.97888527459145E-07	542994.625	1.68650046816765E-06
135	72.0711498180378	0.469818115234375		8.5418701171875E-07	1.42333984375E-06	5.6915283203125E-07	4.01312519215935E-07	550017.875	1.72925558672432E-06
136	72.1211498179116	0.474853515625		8.526611328125E-07	1.42364501953125E-06	5.7098388671875E-07	4.04889135552366E-07	556907.6875	1.77192680439475E-06
137	72.1711498177854	0.479888916015625		8.514404296875E-07	1.42425537109375E-06	5.72814941406249E-07	4.08570826948562E-07	563584.25	1.8145293552152E-06
138	72.2211498176591	0.48492431640625		8.4991455078125E-07	1.42486572265625E-06	5.74951171875E-07	4.12040492392407E-07	570412.9375	1.85706323918566E-06
139	72.2711498175329	0.489959716796875		8.4869384765625E-07	1.4251708984375E-06	5.7647705078125E-07	4.15773996564894E-07	577238.375	1.89952845630614E-06
140	72.3211498174066	0.4949951171875		8.465576171875E-07	1.42608642578125E-06	5.7952880859375E-07	4.18964390291876E-07	584607.0625	1.94190965885355E-06
141	72.3711498172804	0.500030517578125		8.44726562500001E-07	1.42791748046875E-06	5.8319091796875E-07	4.22311700276623E-07	591835.3125	1.98419184016529E-06
142	72.4211498171542	0.50506591796875		8.43200683593751E-07	1.42913818359375E-06	5.859375E-07	4.25871917286713E-07	598986.625	2.0263901205908E-06
143	72.4711498170279	0.510101318359375		8.4075927734375E-07	1.43096923828125E-06	5.902099609375E-07	4.28795431162143E-07	606606.1875	2.06848903872014E-06
144	72.5211498169017	0.51513671875		8.392333984375E-07	1.43310546875E-06	5.938720703125E-07	4.32345558465386E-07	613854.5625	2.11048882192699E-06
145	72.5711498167755	0.520172119140625		8.3831787109375E-07	1.435546875E-06	5.97229003906251E-07	4.36043990248436E-07	620458.6875	2.15242766898882E-06
146	72.6211498166492	0.52520751953125		8.36181640625E-07	1.4373779296875E-06	6.011962890625E-07	4.39092332271684E-07	627992.6875	2.1942901184957E-06
147	72.671149816523	0.530242919921875		8.34045410156251E-07	1.439208984375E-06	6.05163574218749E-07	4.42195755567809E-07	635675.0625	2.23604570237512E-06
148	72.7211498163967	0.5352783203125		8.32519531250001E-07	1.441650390625E-06	6.09130859375E-07	4.45553411054789E-07	642851.9375	2.27770988203702E-06
149	72.7711498162705	0.540313720703125		8.30993652343751E-07	1.44439697265625E-06	6.134033203125E-07	4.48921184670326E-07	650091.8125	2.31929766414396E-06
150	72.8211498161443	0.54534912109375		8.29162597656249E-07	1.44622802734375E-06	6.17065429687501E-07	4.52183058996525E-07	657710.75	2.36080154536467E-06
151	72.871149816018	0.550384521484375		8.27941894531251E-07	1.44805908203125E-06	6.20117187499999E-07	4.55635841944968E-07	664688.5625	2.4022292564041E-06
152	72.9211498158918	0.555419921875		8.270263671875E-07	1.4501953125E-06	6.23168945312499E-07	4.59346892967005E-07	671586.75	2.4436035346298E-06
153	72.9711498157656	0.560455322265625		8.2550048828125E-07	1.45263671875E-06	6.2713623046875E-07	4.6263093622656E-07	678890.9375	2.48491664933681E-06
154	73.0211498156393	0.56549072265625		8.23974609375E-07	1.45477294921875E-06	6.30798339843749E-07	4.65874535393596E-07	686185.1875	2.52615359386255E-06
155	73.0711498155131	0.570526123046875		8.23364257812501E-07	1.45721435546875E-06	6.33850097656249E-07	4.69775926603688E-07	692957.75	2.56733687820088E-06
156	73.1211498153868	0.5755615234375		8.221435546875E-07	1.45904541015625E-06	6.36901855468749E-07	4.73144012858029E-07	700000	2.60847468780412E-06
157	73.1711498152606	0.580596923828125		8.2061767578125E-07	1.46148681640625E-06	6.40869140625E-07	4.76397985949006E-07	707437.75	2.6495436031837E-06
158	73.2211498151344	0.58563232421875		8.2000732421875E-07	1.4642333984375E-06	6.44226074218751E-07	4.80197741126176E-07	714142.1875	2.69055931312323E-06
159	73.2711498150081	0.590667724609375		8.1939697265625E-07	1.46636962890625E-06	6.4697265625E-07	4.83916323901212E-07	720744.875	2.73154432761658E-06
160	73.3211498148819	0.595703125		8.1817626953125E-07	1.46881103515625E-06	6.50634765625001E-07	4.87365184653754E-07	728049.25	2.77248386737483E-06
161	73.3711498147557	0.600738525390625		8.1756591796875E-07	1.47125244140625E-06	6.536865234375E-07	4.91093430809997E-07	734714.5	2.81337725027697E-06
162	73.4211498146294	0.60577392578125		8.1634521484375E-07	1.473388671875E-06	6.5704345703125E-07	4.94470839385031E-07	741981.3125	2.85422515844402E-06
163	73.4711498145032	0.610809326171875		8.1634521484375E-07	1.47613525390625E-06	6.59790039062499E-07	4.98656163472333E-07	748261.6875	2.89504237116489E-06
164	73.5211498143769	0.6158447265625		8.15429687499999E-07	1.4788818359375E-06	6.634521484375E-07	5.02103375765728E-07	755127.3125	2.93583661914454E-06
165	73.5711498142507	0.620880126953125		8.1512451171875E-07	1.4813232421875E-06	6.66198730468751E-07	5.05995103594614E-07	761550	2.97660062642535E-06
166	73.6211498141245	0.62591552734375		8.14208984375001E-07	1.48406982421875E-06	6.6986083984375E-07	5.09626033817767E-07	768740.625	3.01733393825998E-06
167	73.6711498139982	0.630950927734375		8.13903808593749E-07	1.48651123046875E-06	6.72607421875E-07	5.13433974447253E-07	775065.625	3.0580367820221E-06
168	73.721149813872	0.635986328125		8.135986328125E-07	1.48834228515625E-06	6.7474365234375E-07	5.17338264671707E-07	781545.4375	3.09872439174796E-06
169	73.7711498137458	0.641021728515625		8.135986328125E-07	1.49078369140625E-06	6.7718505859375E-07	5.21509548434551E-07	787847	3.13940427076886E-06
170	73.8211498136195	0.64605712890625		8.135986328125E-07	1.492919921875E-06	6.793212890625E-07	5.25556686170603E-07	793961	3.18008414978976E-06
171	73.8711498134933	0.651092529296875		8.12683105468751E-07	1.4947509765625E-06	6.8206787109375E-07	5.29082285538607E-07	801089	3.22074129144312E-06
172	73.921149813367	0.6561279296875		8.1298828125E-07	1.4971923828125E-06	6.84204101562499E-07	5.33349862053001E-07	806944.4375	3.26138297168654E-06
173	73.9711498132408	0.661163330078125		8.1329345703125E-07	1.49932861328125E-06	6.86035156250001E-07	5.37645348686056E-07	812833.0625	3.3020401133399E-06
174	74.0211498131146	0.66619873046875		8.13903808593749E-07	1.5008544921875E-06	6.86950683593751E-07	5.42172017503617E-07	818447.6875	3.3427199923608E-06
175	74.0711498129883	0.671234130859375		8.135986328125E-07	1.50299072265625E-06	6.8939208984375E-07	5.46040666904446E-07	824906.25	3.38340760208666E-06
176	74.1211498128621	0.67626953125		8.13903808593749E-07	1.5045166015625E-06	6.90612792968751E-07	5.50318986825005E-07	830746.1875	3.42409498443885E-06
177	74.1711498127358	0.681304931640625		8.13903808593749E-07	1.50665283203125E-06	6.927490234375E-07	5.54467021629534E-07	837007.875	3.46479032486968E-06
178	74.2211498126096	0.68634033203125		8.148193359375E-07	1.50848388671875E-06	6.93664550781251E-07	5.59168768177187E-07	842209.75	3.50550840266806E-06
179	74.2711498124834	0.691375732421875		8.1512451171875E-07	1.50909423828125E-06	6.939697265625E-07	5.63482672077953E-07	848071.875	3.54625694853894E-06
180	74.3211498123571	0.6964111328125		8.15734863281251E-07	1.5118408203125E-06	6.9610595703125E-07	5.68012126223039E-07	853610.1875	3.58702845915104E-06
181	74.3711498122309	0.701446533203125		8.1634521484375E-07	1.5118408203125E-06	6.9549560546875E-07	5.7254777630078E-07	859140.1875	3.62783043783566E-06
182	74.4211498121047	0.70648193359375		8.160400390625E-07	1.51275634765625E-06	6.96716308593749E-07	5.76492652726301E-07	865706.8125	3.66864014722523E-06
183	74.4711498119784	0.711517333984375		8.1634521484375E-07	1.513671875E-06	6.9732666015625E-07	5.80744142553158E-07	871439.25	3.70944962924113E-06
184	74.5211498118522	0.716552734375		8.1695556640625E-07	1.51519775390625E-06	6.982421875E-07	5.85267059705075E-07	876914.5	3.75028230337193E-06
185	74.5711498117259	0.721588134765625		8.1787109375E-07	1.51611328125E-06	6.98242187500001E-07	5.90141098655295E-07	882238.8125	3.79115294890653E-06
186	74.6211498115997	0.72662353515625		8.18481445312499E-07	1.5167236328125E-06	6.98242187500001E-07	5.94652931340534E-07	887658.5	3.8320617932186E-06
187	74.6711498114735	0.731658935546875		8.197021484375E-07	1.51763916015625E-06	6.97937011718751E-07	5.99642305587622E-07	892442.3125	3.87301633963943E-06
188	74.7211498113472	0.7366943359375		8.2061767578125E-07	1.5191650390625E-06	6.9854736328125E-07	6.04469221343606E-07	897620	3.91402409150032E-06
189	74.771149811221	0.741729736328125		8.21838378906251E-07	1.519775390625E-06	6.9793701171875E-07	6.09506685123051E-07	902413.6875	3.95508550354862E-06
190	74.8211498110948	0.74676513671875		8.23364257812501E-07	1.52008056640625E-06	6.96716308593749E-07	6.14809437138319E-07	906894	3.99621558244689E-06
191	74.8711498109685	0.751800537109375		8.2550048828125E-07	1.52099609375E-06	6.9549560546875E-07	6.2023383406995E-07	910166.375	4.03743752031005E-06
192	74.9211498108423	0.7568359375		8.26110839843749E-07	1.52099609375E-06	6.94885253906251E-07	6.25230370587815E-07	916143.375	4.07872767027584E-06
193	74.971149810716	0.761871337890625		8.27941894531251E-07	1.52130126953125E-06	6.93359375E-07	6.30406134405348E-07	919646.1875	4.12007875638665E-06
194	75.0211498105898	0.76690673828125		8.29467773437501E-07	1.52130126953125E-06	6.9183349609375E-07	6.36377535556676E-07	924944.8125	4.16151397075737E-06
195	75.0711498104636	0.771942138671875		8.30993652343751E-07	1.52130126953125E-06	6.903076171875E-07	6.41605822693236E-07	929122.3125	4.20302558268304E-06
196	75.1211498103373	0.7769775390625		8.3343505859375E-07	1.52099609375E-06	6.87561035156251E-07	6.47305967049761E-07	931893.125	4.2446363295312E-06
197	75.1711498102111	0.782012939453125		8.3526611328125E-07	1.52008056640625E-06	6.84814453125E-07	6.53061420052836E-07	936061.4375	4.28635394200683E-06
198	75.2211498100849	0.78704833984375		8.3740234375E-07	1.51947021484375E-06	6.8206787109375E-07	6.59076079045917E-07	939868.875	4.32817068940494E-06
199	75.2711498099586	0.792083740234375		8.40148925781251E-07	1.51824951171875E-06	6.78100585937499E-07	6.6534011011754E-07	942608.0625	4.3701093090931E-06
200	75.3211498098324	0.797119140625		8.4197998046875E-07	1.51702880859375E-06	6.75048828124999E-07	6.71158318255038E-07	946719.875	4.41216252511367E-06
201	75.3711498097061	0.802154541015625		8.441162109375E-07	1.5155029296875E-06	6.7138671875E-07	6.77498064760584E-07	950831.5625	4.45431487605674E-06
202	75.4211498095799	0.80718994140625		8.465576171875E-07	1.5142822265625E-06	6.67724609374999E-07	6.83591110828274E-07	953857.25	4.49658182333224E-06
203	75.4711498094537	0.812225341796875		8.49609375E-07	1.51336669921875E-06	6.6375732421875E-07	6.89944613441185E-07	955819	4.5389861043077E-06
204	75.5211498093274	0.8172607421875		8.52050781249999E-07	1.51123046875E-06	6.591796875E-07	6.9686768711108E-07	959885.4375	4.58152771898312E-06
205	75.5711498092012	0.822296142578125		8.5479736328125E-07	1.5093994140625E-06	6.5460205078125E-07	7.0276615815601E-07	961799.375	4.62419893665356E-06
206	75.621149809075	0.82733154296875		8.5723876953125E-07	1.5069580078125E-06	6.4971923828125E-07	7.09482264937833E-07	965468.125	4.66699975731899E-06
207	75.6711498089487	0.832366943359375		8.59680175781249E-07	1.50482177734375E-06	6.451416015625E-07	7.15175815457769E-07	967696.1875	4.70992245027446E-06
208	75.7211498088225	0.83740234375		8.624267578125E-07	1.5032958984375E-06	6.40869140625E-07	7.22198194580415E-07	970983.75	4.75297520097229E-06
209	75.7711498086962	0.842437744140625		8.6517333984375E-07	1.5008544921875E-06	6.35681152343751E-07	7.28722625353839E-07	973545	4.79616528537008E-06
210	75.82114980857	0.84747314453125		8.67309570312499E-07	1.4984130859375E-06	6.31103515625001E-07	7.35021558284643E-07	977128.8125	4.83947724205791E-06
211	75.8711498084438	0.852508544921875		8.697509765625E-07	1.49688720703125E-06	6.2713623046875E-07	7.41868291243009E-07	980701.75	4.88290379507816E-06
212	75.9211498083175	0.8575439453125		8.72192382812501E-07	1.4947509765625E-06	6.2255859375E-07	7.48209458834026E-07	983555	4.92645267513581E-06
213	75.9711498081913	0.862579345703125		8.7554931640625E-07	1.4923095703125E-06	6.1676025390625E-07	7.55097119053971E-07	985012.25	4.97014616485103E-06
214	76.021149808065	0.86761474609375		8.77685546875E-07	1.49017333984375E-06	6.12487792968751E-07	7.62028605549858E-07	989221.1875	5.01397698826622E-06
215	76.0711498079388	0.872650146484375		8.79821777343751E-07	1.488037109375E-06	6.08215332031249E-07	7.67642347909714E-07	991675.375	5.05791467730887E-06
216	76.1211498078126	0.877685546875		8.819580078125E-07	1.48529052734375E-06	6.03332519531249E-07	7.73812644183636E-07	994809.6875	5.10195923197898E-06
217	76.1711498076863	0.882720947265625		8.84399414062501E-07	1.48284912109375E-06	5.9844970703125E-07	7.80542961820174E-07	997929.625	5.14611792823416E-06
218	76.2211498075601	0.88775634765625		8.8623046875E-07	1.480712890625E-06	5.94482421874999E-07	7.87027147453045E-07	1002066.125	5.19038394486415E-06
219	76.2711498074339	0.892791748046875		8.8775634765625E-07	1.47796630859375E-06	5.902099609375E-07	7.92987862041628E-07	1006187.75	5.23473363500671E-06
220	76.3211498073076	0.8978271484375		8.8958740234375E-07	1.475830078125E-06	5.8624267578125E-07	7.98967221271596E-07	1009605.5	5.27916699866182E-06
221	76.3711498071814	0.902862548828125		8.9111328125E-07	1.4727783203125E-06	5.816650390625E-07	8.04688738753612E-07	1013356.1875	5.32368449057685E-06
222	76.4211498070551	0.90789794921875		8.9263916015625E-07	1.47064208984375E-06	5.780029296875E-07	8.10152869235026E-07	1016752.125	5.36827838004683E-06
223	76.4711498069289	0.912933349609375		8.9385986328125E-07	1.4678955078125E-06	5.7403564453125E-07	8.16443673556932E-07	1021850.4375	5.41294093636679E-06
224	76.5211498068027	0.91796875		8.94775390624999E-07	1.46575927734375E-06	5.70983886718751E-07	8.21375863324647E-07	1025920.875	5.45765669812681E-06
225	76.5711498066764	0.923004150390625		8.96606445312501E-07	1.46392822265625E-06	5.67321777343749E-07	8.27434632810764E-07	1029271.625	5.50244112673681E-06
226	76.6211498065502	0.92803955078125		8.9752197265625E-07	1.46209716796875E-06	5.645751953125E-07	8.33209753636766E-07	1034342.125	5.54729467694415E-06
227	76.671149806424	0.933074951171875		8.9874267578125E-07	1.4599609375E-06	5.6121826171875E-07	8.38457140162063E-07	1038030.5625	5.59220097784419E-06
228	76.7211498062977	0.9381103515625		8.9996337890625E-07	1.45782470703125E-06	5.57861328124999E-07	8.44539613353845E-07	1042726.375	5.63716866963659E-06
229	76.7711498061715	0.943145751953125		9.0057373046875E-07	1.45538330078125E-06	5.54809570312501E-07	8.49234822908329E-07	1047102.6875	5.68218229091144E-06
230	76.8211498060452	0.94818115234375		9.0087890625E-07	1.4532470703125E-06	5.523681640625E-07	8.54471295497206E-07	1052845.5	5.72721864955383E-06
231	76.871149805919	0.953216552734375		9.0057373046875E-07	1.451416015625E-06	5.5084228515625E-07	8.58579142004601E-07	1058624.25	5.77225500819623E-06
232	76.9211498057928	0.958251953125		9.01184082031251E-07	1.4501953125E-06	5.49011230468749E-07	8.63561410824332E-07	1063325.375	5.81729864279623E-06
233	76.9711498056665	0.963287353515625		9.014892578125E-07	1.44805908203125E-06	5.4656982421875E-07	8.68255597197276E-07	1068381.875	5.86236546951113E-06
234	77.0211498055403	0.96832275390625		9.0179443359375E-07	1.446533203125E-06	5.4473876953125E-07	8.73228032105544E-07	1073773.25	5.90744775763596E-06
235	77.0711498054141	0.973358154296875		9.02099609375E-07	1.44500732421875E-06	5.4290771484375E-07	8.77928357567725E-07	1078822.75	5.95254505242337E-06
236	77.1211498052878	0.9783935546875		9.02099609375E-07	1.44378662109375E-06	5.4168701171875E-07	8.82608446772792E-07	1084573.75	5.99765007791575E-06
237	77.1711498051616	0.983428955078125		9.02099609375E-07	1.4422607421875E-06	5.401611328125E-07	8.87013243300316E-07	1089986.5	6.04275510340813E-06
238	77.2211498050353	0.98846435546875		9.0179443359375E-07	1.4410400390625E-06	5.3924560546875E-07	8.91116428647365E-07	1095769.875	6.08785239819554E-06
239	77.2711498049091	0.993499755859375		9.0087890625E-07	1.439208984375E-06	5.38330078125E-07	8.95160439995379E-07	1102981	6.13291922491044E-06
240	77.3211498047829	0.99853515625		9.0087890625E-07	1.43768310546875E-06	5.3680419921875E-07	8.99834162737534E-07	1108739.875	6.17796331425779E-06
241	77.3711498046566	1.00357055664063		9.0087890625E-07	1.436767578125E-06	5.35888671875001E-07	9.03958039089048E-07	1113821.125	6.2230069488578E-06
242	77.4211498045304	1.00860595703125		8.9996337890625E-07	1.43585205078125E-06	5.35888671875E-07	9.07708397335227E-07	1120718.875	6.26802830083761E-06
243	77.4711498044041	1.01364135742188		8.99353027343749E-07	1.43524169921875E-06	5.35888671875001E-07	9.11209667719959E-07	1126569.5	6.3130109992926E-06
244	77.5211498042779	1.0186767578125		8.9996337890625E-07	1.434326171875E-06	5.3436279296875E-07	9.1677173941207E-07	1131909.125	6.35799415249494E-06
245	77.5711498041517	1.02371215820313		8.99353027343749E-07	1.43341064453125E-06	5.340576171875E-07	9.20815807603503E-07	1138445.875	6.40297685094993E-06
246	77.6211498040254	1.02874755859375		8.9874267578125E-07	1.43218994140625E-06	5.33447265625001E-07	9.2457929667944E-07	1144652	6.4479290813324E-06
247	77.6711498038992	1.03378295898438		8.98132324218751E-07	1.4312744140625E-06	5.3314208984375E-07	9.28336874039815E-07	1150866.5	6.49285129838972E-06
248	77.721149803773	1.038818359375		8.978271484375E-07	1.43096923828125E-06	5.33142089843751E-07	9.32953298615757E-07	1157376	6.5377498685848E-06
249	77.7711498036467	1.04385375976563		8.97216796875E-07	1.42974853515625E-06	5.3253173828125E-07	9.36426147291058E-07	1163265.375	6.58262615615968E-06
250	77.8211498035205	1.04888916015625		8.9691162109375E-07	1.42974853515625E-06	5.328369140625E-07	9.40760855883127E-07	1169445.375	6.62747925161966E-06
251	77.8711498033942	1.05392456054688		8.96301269531249E-07	1.42974853515625E-06	5.33447265625001E-07	9.44497116961429E-07	1175689.5	6.6723096097121E-06
252	77.921149803268	1.0589599609375		8.96606445312501E-07	1.42852783203125E-06	5.31921386718749E-07	9.49470290834142E-07	1181075.625	6.71713223709958E-06
253	77.9711498031418	1.06399536132813		8.9599609375E-07	1.4288330078125E-06	5.328369140625E-07	9.53198991737736E-07	1187329.75	6.76194758852944E-06
254	78.0211498030155	1.06903076171875		8.9569091796875E-07	1.42852783203125E-06	5.328369140625E-07	9.57521137934236E-07	1193526.375	6.8067397478444E-06
255	78.0711498028893	1.07406616210938		8.953857421875E-07	1.42791748046875E-06	5.3253173828125E-07	9.61566911428235E-07	1199386.5	6.85151644574944E-06
256	78.1211498027631	1.0791015625		8.953857421875E-07	1.42791748046875E-06	5.3253173828125E-07	9.65938852459658E-07	1204839.875	6.89628586769686E-06
257	78.1711498026368	1.08413696289063		8.953857421875E-07	1.42852783203125E-06	5.33142089843749E-07	9.70310907177918E-07	1210293.125	6.94105528964428E-06
258	78.2211498025106	1.08917236328125		8.95080566406251E-07	1.42852783203125E-06	5.33447265624999E-07	9.74623844740563E-07	1216502	6.98581698088674E-06
259	78.2711498023843	1.09420776367188		8.953857421875E-07	1.4288330078125E-06	5.33447265624999E-07	9.79328092398646E-07	1221540.625	7.0305786721292E-06
260	78.3211498022581	1.0992431640625		8.953857421875E-07	1.42852783203125E-06	5.33142089843749E-07	9.83700147116906E-07	1226993.875	7.07534763932927E-06
261	78.3711498021319	1.10427856445313		8.953857421875E-07	1.42913818359375E-06	5.3375244140625E-07	9.88891883935139E-07	1233469.75	7.12011706127669E-06
262	78.4211498020056	1.10931396484375		8.9569091796875E-07	1.42913818359375E-06	5.33447265625E-07	9.93602384369296E-07	1238500.875	7.16489375918172E-06
263	78.4711498018794	1.11434936523438		8.9691162109375E-07	1.4306640625E-06	5.3375244140625E-07	9.99609710561344E-07	1242599.5	7.20970911061158E-06
264	78.5211498017532	1.119384765625		8.97216796875E-07	1.43035888671875E-06	5.33142089843749E-07	1.00405691227934E-06	1247279	7.25456220607157E-06
265	78.5711498016269	1.12442016601563		8.97216796875E-07	1.4306640625E-06	5.33447265625E-07	1.00843794825778E-06	1252721.125	7.29942303223652E-06
266	78.6211498015007	1.12945556640625		8.9752197265625E-07	1.43157958984375E-06	5.340576171875E-07	1.01343721325975E-06	1258075.5	7.34429158910643E-06
267	78.6711498013744	1.13449096679688		8.9874267578125E-07	1.4324951171875E-06	5.3375244140625E-07	1.02030105608719E-06	1263157.875	7.38919834475382E-06
268	78.7211498012482	1.1395263671875		8.99353027343749E-07	1.43310546875E-06	5.3375244140625E-07	1.02456192507816E-06	1266712	7.4341505751363E-06
269	78.771149801122	1.14456176757813		8.9996337890625E-07	1.43341064453125E-06	5.33447265624999E-07	1.03047568700276E-06	1272295.75	7.47913327359129E-06
270	78.8211498009957	1.14959716796875		9.002685546875E-07	1.4349365234375E-06	5.34667968749999E-07	1.03494619452249E-06	1276949.125	7.52413916416117E-06
271	78.8711498008695	1.15463256835938		9.014892578125E-07	1.435546875E-06	5.340576171875E-07	1.04102639397752E-06	1280975	7.56918325350853E-06
272	78.9211498007433	1.15966796875		9.02404785156249E-07	1.436767578125E-06	5.34362792968751E-07	1.04621449281694E-06	1284748.125	7.61428054829594E-06
273	78.971149800617	1.16470336914063		9.033203125E-07	1.43829345703125E-06	5.34973144531251E-07	1.05223807622679E-06	1289527	7.65942331781844E-06
274	79.0211498004908	1.16973876953125		9.04541015625E-07	1.43951416015625E-06	5.34973144531249E-07	1.05780054582283E-06	1292847.625	7.70461974752834E-06
275	79.0711498003645	1.17477416992188		9.051513671875E-07	1.4404296875E-06	5.352783203125E-07	1.06348659301148E-06	1298044.5	7.74986256146803E-06
276	79.1211498002383	1.1798095703125		9.06982421874999E-07	1.4422607421875E-06	5.352783203125E-07	1.07006655980513E-06	1300807.625	7.79516540205805E-06
277	79.1711498001121	1.18484497070313		9.0789794921875E-07	1.44317626953125E-06	5.352783203125E-07	1.0755796893136E-06	1304874	7.84053827374009E-06
278	79.2211497999858	1.18988037109375		9.0911865234375E-07	1.4447021484375E-06	5.3558349609375E-07	1.08174242541281E-06	1308828.5	7.88596298662014E-06
279	79.2711497998596	1.19491577148438		9.10339355468751E-07	1.44622802734375E-06	5.35888671875E-07	1.08819551769557E-06	1313107.625	7.93144954513991E-06
280	79.3211497997333	1.199951171875		9.11560058593749E-07	1.44744873046875E-06	5.35888671875001E-07	1.09354937194439E-06	1316036.125	7.9769970398047E-06
281	79.3711497996071	1.20498657226563		9.130859375E-07	1.44927978515625E-06	5.36193847656251E-07	1.10011694687273E-06	1319518.75	8.02261365606682E-06
282	79.4211497994809	1.21002197265625		9.1400146484375E-07	1.45111083984375E-06	5.37109375E-07	1.10624068838661E-06	1324207.125	8.06829029897926E-06
283	79.4711497993546	1.21505737304688		9.14916992187501E-07	1.45263671875E-06	5.37719726562499E-07	1.11209544684243E-06	1328552.375	8.11401332612149E-06
284	79.5211497992284	1.2200927734375		9.161376953125E-07	1.45416259765625E-06	5.38024902343751E-07	1.11749329789745E-06	1331445.75	8.15979001345113E-06
285	79.5711497991022	1.22512817382813		9.17968750000001E-07	1.45660400390625E-06	5.3863525390625E-07	1.12448935851717E-06	1334441.5	8.20564218884101E-06
286	79.6211497989759	1.23016357421875		9.19189453124999E-07	1.4581298828125E-06	5.38940429687501E-07	1.13103385501745E-06	1338645.5	8.25157167128054E-06
287	79.6711497988497	1.23519897460938		9.21020507812501E-07	1.4599609375E-06	5.389404296875E-07	1.13778412469401E-06	1341285.625	8.29757664178032E-06
288	79.7211497987234	1.240234375		9.22546386718751E-07	1.46270751953125E-06	5.401611328125E-07	1.14417366603448E-06	1344360	8.34366619528737E-06
289	79.7711497985972	1.24526977539063		9.2315673828125E-07	1.46453857421875E-06	5.413818359375E-07	1.14943827611569E-06	1348760.375	8.38980849948712E-06
290	79.821149798471	1.25030517578125		9.25292968749999E-07	1.46697998046875E-06	5.4168701171875E-07	1.15689863378066E-06	1351253.25	8.4360199252842E-06
291	79.8711497983447	1.25534057617188		9.2681884765625E-07	1.46942138671875E-06	5.42602539062501E-07	1.16333183086681E-06	1354297	8.48232230055146E-06
292	79.9211497982185	1.2603759765625		9.28649902343751E-07	1.47125244140625E-06	5.42602539062499E-07	1.17044794478716E-06	1357213.375	8.52870925882598E-06
293	79.9711497980923	1.26541137695313		9.30175781250001E-07	1.47369384765625E-06	5.4351806640625E-07	1.17691308787471E-06	1360236.25	8.57517989061307E-06
294	80.021149797966	1.27044677734375		9.31701660156251E-07	1.4764404296875E-06	5.4473876953125E-07	1.18367734103231E-06	1363576.75	8.62172691995511E-06
295	80.0711497978398	1.27548217773438		9.3353271484375E-07	1.4788818359375E-06	5.4534912109375E-07	1.19027697564889E-06	1365805.875	8.66835762280971E-06
296	80.1211497977135	1.280517578125		9.35974121093749E-07	1.48193359375E-06	5.4595947265625E-07	1.19853120850166E-06	1368112.25	8.71509564603912E-06
297	80.1711497975873	1.28555297851563		9.37499999999999E-07	1.484375E-06	5.46875000000001E-07	1.20506285838928E-06	1371093.75	8.76193189469632E-06
298	80.2211497974611	1.29058837890625		9.3963623046875E-07	1.4874267578125E-06	5.4779052734375E-07	1.21268362818228E-06	1373497.875	8.8088609118131E-06
299	80.2711497973348	1.29562377929688		9.41162109375E-07	1.4892578125E-06	5.48095703125E-07	1.2195356475786E-06	1376783.375	8.85588087840006E-06
300	80.3211497972086	1.3006591796875		9.429931640625E-07	1.4923095703125E-06	5.4931640625E-07	1.2262248674233E-06	1378964.375	8.90298451849958E-06
301	80.3711497970824	1.30569458007813		9.4482421875E-07	1.495361328125E-06	5.50537109375E-07	1.23350764624774E-06	1381783	8.95018001756398E-06
302	80.4211497969561	1.31072998046875		9.46655273437499E-07	1.49810791015625E-06	5.51452636718751E-07	1.24052053251944E-06	1384268.25	8.99746646609856E-06
303	80.4711497968299	1.31576538085938		9.4940185546875E-07	1.5008544921875E-06	5.51452636718751E-07	1.24933490042167E-06	1386049.5	9.04486842046026E-06
304	80.5211497967036	1.32080078125		9.51232910156249E-07	1.50390625E-06	5.52673339843751E-07	1.25580857002205E-06	1387873	9.09238406165969E-06
305	80.5711497965774	1.32583618164063		9.527587890625E-07	1.50726318359375E-06	5.54504394531251E-07	1.26363818253594E-06	1392056.5	9.13998428586638E-06
306	80.6211497964512	1.33087158203125		9.552001953125E-07	1.51031494140625E-06	5.5511474609375E-07	1.27095734114846E-06	1392971.25	9.18768273550086E-06
307	80.6711497963249	1.33590698242188		9.57336425781249E-07	1.5130615234375E-06	5.55725097656251E-07	1.27905843783083E-06	1395600.875	9.23549669096246E-06
308	80.7211497961987	1.3409423828125		9.5947265625E-07	1.5167236328125E-06	5.572509765625E-07	1.28659758047434E-06	1397582.625	9.28341614780948E-06
309	80.7711497960725	1.34597778320313		9.6160888671875E-07	1.51947021484375E-06	5.57861328125001E-07	1.29415741412231E-06	1399555.75	9.331443834526E-06
310	80.8211497959462	1.35101318359375		9.63439941406249E-07	1.52313232421875E-06	5.596923828125E-07	1.3010319435125E-06	1401647.25	9.37956974667031E-06
311	80.87114979582	1.35604858398438		9.661865234375E-07	1.52618408203125E-06	5.5999755859375E-07	1.31034323658241E-06	1403664	9.42781025514705E-06
312	80.9211497956937	1.361083984375		9.6893310546875E-07	1.529541015625E-06	5.60607910156249E-07	1.31820797832916E-06	1404094.5	9.47618809732376E-06
313	80.9711497955675	1.36611938476563		9.7076416015625E-07	1.533203125E-06	5.62438964843751E-07	1.32603167912748E-06	1407104.625	9.52468053583289E-06
314	81.0211497954413	1.37115478515625		9.735107421875E-07	1.536865234375E-06	5.633544921875E-07	1.33423975512414E-06	1407837	9.57328757067444E-06
315	81.071149795315	1.37619018554688		9.7564697265625E-07	1.54052734375E-06	5.64880371093751E-07	1.34252684347302E-06	1410384.875	9.62201647780603E-06
316	81.1211497951888	1.3812255859375		9.78698730468749E-07	1.54449462890625E-06	5.657958984375E-07	1.35150503410841E-06	1410976	9.67087544267997E-06
317	81.1711497950625	1.38626098632813		9.80529785156251E-07	1.54815673828125E-06	5.67626953125E-07	1.35941979806375E-06	1413943.375	9.71985627984395E-06
318	81.2211497949363	1.39129638671875		9.8297119140625E-07	1.55181884765625E-06	5.6884765625E-07	1.36760422719817E-06	1415399	9.76894352788804E-06
319	81.2711497948101	1.39633178710938		9.85107421875001E-07	1.55517578125E-06	5.70068359374999E-07	1.37538643230073E-06	1417286.375	9.81814537226455E-06
320	81.3211497946838	1.4013671875		9.87548828125E-07	1.55914306640625E-06	5.71594238281251E-07	1.3839185157849E-06	1419035.875	9.86746181297349E-06
321	81.3711497945576	1.40640258789063		9.89990234375E-07	1.56341552734375E-06	5.7342529296875E-07	1.39247583774704E-06	1420776.875	9.91690012597246E-06
322	81.4211497944314	1.41143798828125		9.92736816406251E-07	1.56707763671875E-06	5.74340820312499E-07	1.40058045872138E-06	1421149.75	9.96646849671379E-06
323	81.4711497943051	1.41647338867188		9.9517822265625E-07	1.5704345703125E-06	5.7525634765625E-07	1.40949157412251E-06	1423183.125	1.00161660157028E-05
324	81.5211497941789	1.4215087890625		9.9761962890625E-07	1.57470703125E-06	5.7708740234375E-07	1.41812506626593E-06	1424900.625	1.00659863164765E-05
325	81.5711497940526	1.42654418945313		1.00006103515625E-06	1.578369140625E-06	5.7830810546875E-07	1.42586827678315E-06	1425694.25	1.01159284895402E-05
326	81.6211497939264	1.43157958984375		1.0028076171875E-06	1.58203125E-06	5.79223632812501E-07	1.43559884691058E-06	1427571.5	1.01659998108516E-05
327	81.6711497938002	1.43661499023438		1.0052490234375E-06	1.58538818359375E-06	5.8013916015625E-07	1.44461603213131E-06	1429568.875	1.02162011899054E-05
328	81.7211497936739	1.441650390625		1.00738525390625E-06	1.58843994140625E-06	5.810546875E-07	1.45198987411277E-06	1430778.625	1.02665171652916E-05
329	81.7711497935477	1.44668579101563		1.009521484375E-06	1.591796875E-06	5.82275390624999E-07	1.46061449868284E-06	1433192.25	1.03169404610526E-05
330	81.8211497934215	1.45172119140625		1.01226806640625E-06	1.59515380859375E-06	5.828857421875E-07	1.46922207022726E-06	1433825.75	1.03674847196089E-05
331	81.8711497932952	1.45675659179688		1.01470947265625E-06	1.5972900390625E-06	5.8258056640625E-07	1.47833952723886E-06	1435789.5	1.04181590359076E-05
332	81.921149793169	1.4617919921875		1.016845703125E-06	1.6009521484375E-06	5.841064453125E-07	1.48610649830516E-06	1437275	1.04689479485387E-05
333	81.9711497930427	1.46682739257813		1.01959228515625E-06	1.6033935546875E-06	5.8380126953125E-07	1.49572133523179E-06	1438790.875	1.05198587334598E-05
334	82.0211497929165	1.47186279296875		1.021728515625E-06	1.60614013671875E-06	5.8441162109375E-07	1.50384414610016E-06	1440561.5	1.05708923001657E-05
335	82.0711497927903	1.47689819335938		1.024169921875E-06	1.60888671875E-06	5.84716796875E-07	1.5127510550883E-06	1442193.125	1.06220395537093E-05
336	82.121149792664	1.48193359375		1.02630615234375E-06	1.6107177734375E-06	5.8441162109375E-07	1.52091752170236E-06	1443948.875	1.06733014035854E-05
337	82.1711497925378	1.48696899414063		1.0284423828125E-06	1.61346435546875E-06	5.8502197265625E-07	1.52879113102244E-06	1445400.625	1.07246705738362E-05
338	82.2211497924116	1.49200439453125		1.03057861328125E-06	1.61590576171875E-06	5.85327148437501E-07	1.53762778154487E-06	1447734.75	1.07761452454724E-05
339	82.2711497922853	1.49703979492188		1.03363037109375E-06	1.61865234375E-06	5.85021972656251E-07	1.54722806655627E-06	1448184.25	1.08277508843457E-05
340	82.3211497921591	1.5020751953125		1.03546142578125E-06	1.62078857421875E-06	5.85327148437499E-07	1.55534087298292E-06	1450633.625	1.08794783955091E-05
