Potential - Start 1.505 V, Stop -0.205 V, Step -0.005 V; Modulation - Amplitude -0.05 V, Time 0.025 s, Interval time 0.05 s
Index	Base.Time (s)	Potential applied (V)	WE(1).Base.Potential (V)	WE(1).Base.Current (A)	WE(1).Pulse.Current (A)	WE(1).δ.Current (A)	WE(1).Base.Power (W)	WE(1).Base.Resistance (Ω)	WE(1).Base.Charge (C)
1	144.017256636391	1.50497436523438	1.50482177734375	3.687744140625E-06	3.00079345703125E-06	-6.86950683593748E-07	5.54939742869465E-06	408060.25	0
2	144.067256636265	1.49993896484375	1.49993896484375	3.75701904296875E-06	3.013916015625E-06	-7.4310302734375E-07	5.6352992032771E-06	399236.46875	1.8611908103594E-07
3	144.117256636139	1.49490356445313	1.49505615234375	3.7274169921875E-06	3.001708984375E-06	-7.25708007812498E-07	5.57269777345937E-06	401097.09375	3.73229966044164E-07
4	144.167256636013	1.4898681640625	1.4898681640625	3.69110107421875E-06	2.9852294921875E-06	-7.0587158203125E-07	5.49925380255445E-06	403637.875	5.58692931917903E-07
5	144.217256635886	1.48483276367188	1.4849853515625	3.65478515625E-06	2.96783447265625E-06	-6.86950683593751E-07	5.42730231245514E-06	406312.625	7.42340091619553E-07
6	144.26725663576	1.47979736328125	1.4801025390625	3.6199951171875E-06	2.95074462890625E-06	-6.69250488281251E-07	5.35796380063402E-06	408868.6875	9.24209587083169E-07
7	144.317256635634	1.47476196289063	1.47491455078125	3.5882568359375E-06	2.9345703125E-06	-6.53686523437499E-07	5.29237195223686E-06	411039.3125	1.10441590095434E-06
8	144.367256635508	1.4697265625	1.46942138671875	3.55865478515625E-06	2.9180908203125E-06	-6.40563964843752E-07	5.2291634347057E-06	412914.84375	1.28308863622806E-06
9	144.417256635381	1.46469116210938	1.4642333984375	3.5308837890625E-06	2.90313720703125E-06	-6.2774658203125E-07	5.17003809363814E-06	414693.1875	1.46032709835708E-06
10	144.467256635255	1.45965576171875	1.4599609375	3.505859375E-06	2.8887939453125E-06	-6.170654296875E-07	5.11841744810226E-06	416434.5625	1.63624565630016E-06
11	144.517256635129	1.45462036132813	1.455078125	3.482666015625E-06	2.87445068359375E-06	-6.08215332031251E-07	5.06755122842151E-06	417805.8125	1.81095879270288E-06
12	144.567256635003	1.4495849609375	1.44989013671875	3.460693359375E-06	2.86102294921875E-06	-5.9967041015625E-07	5.01762497151503E-06	418959.4375	1.98454290512018E-06
13	144.617256634877	1.44454956054688	1.4447021484375	3.4405517578125E-06	2.84820556640625E-06	-5.92346191406248E-07	4.97057226311881E-06	419904.21875	2.15707382267283E-06
14	144.66725663475	1.43951416015625	1.43951416015625	3.42193603515625E-06	2.8363037109375E-06	-5.85632324218752E-07	4.92592516820878E-06	420672.46875	2.32863612836809E-06
15	144.717256634624	1.43447875976563	1.4349365234375	3.4051513671875E-06	2.8240966796875E-06	-5.81054687500002E-07	4.88617615701514E-06	421401.6875	2.49931326834485E-06
16	144.767256634498	1.429443359375	1.429443359375	3.38958740234375E-06	2.8125E-06	-5.77087402343748E-07	4.84522297483636E-06	421716.03125	2.66918186753173E-06
17	144.817256634372	1.42440795898438	1.424560546875	3.37432861328125E-06	2.8009033203125E-06	-5.73425292968749E-07	4.80693552162847E-06	422176	2.83827966995887E-06
18	144.867256634245	1.41937255859375	1.41937255859375	3.359375E-06	2.78961181640625E-06	-5.69763183593749E-07	4.76820468975347E-06	422510.90625	3.00662213703617E-06
19	144.917256634119	1.41433715820313	1.4141845703125	3.3465576171875E-06	2.77923583984375E-06	-5.67321777343752E-07	4.73265026812442E-06	422578.875	3.17427065965603E-06
20	144.967256633993	1.4093017578125	1.40960693359375	3.33404541015625E-06	2.7685546875E-06	-5.65490722656251E-07	4.69969336336362E-06	422791.78125	3.3412857192161E-06
21	145.017256633867	1.40426635742188	1.40380859375	3.32275390625E-06	2.75848388671875E-06	-5.64270019531251E-07	4.66451047032024E-06	422483.46875	3.50770551449386E-06
22	145.06725663374	1.39923095703125	1.39862060546875	3.31146240234375E-06	2.74810791015625E-06	-5.63354492187501E-07	4.63147944174125E-06	422357.40625	3.67356096830918E-06
23	145.117256633614	1.39419555664063	1.39373779296875	3.3013916015625E-06	2.738037109375E-06	-5.63354492187501E-07	4.60127421320067E-06	422166.78125	3.83888254873455E-06
24	145.167256633488	1.38916015625	1.38916015625	3.2916259765625E-06	2.72857666015625E-06	-5.6304931640625E-07	4.57259557151701E-06	422028.5625	4.0037079998001E-06
25	145.217256633362	1.38412475585938	1.38397216796875	3.282470703125E-06	2.7191162109375E-06	-5.63354492187501E-07	4.54284781881142E-06	421625.15625	4.16806005887338E-06
26	145.267256633235	1.37908935546875	1.37908935546875	3.27362060546875E-06	2.70965576171875E-06	-5.63964843750001E-07	4.51461528427899E-06	421273.4375	4.33196237281663E-06
27	145.317256633109	1.37405395507813	1.37420654296875	3.2659912109375E-06	2.69989013671875E-06	-5.6610107421875E-07	4.48814625997329E-06	420762.46875	4.49545268565998E-06
28	145.367256632983	1.3690185546875	1.36932373046875	3.25775146484375E-06	2.6904296875E-06	-5.67321777343749E-07	4.46091644334956E-06	420327.875	4.65854645881336E-06
29	145.417256632857	1.36398315429688	1.36383056640625	3.2501220703125E-06	2.681884765625E-06	-5.682373046875E-07	4.43261569671449E-06	419624.40625	4.82124323752942E-06
30	145.46725663273	1.35894775390625	1.35894775390625	3.243408203125E-06	2.6727294921875E-06	-5.706787109375E-07	4.40762232756242E-06	418987.59375	4.98358122058562E-06
31	145.517256632604	1.35391235351563	1.3543701171875	3.2366943359375E-06	2.66326904296875E-06	-5.73425292968752E-07	4.383682153275E-06	418442.40625	5.14558405484422E-06
32	145.567256632478	1.348876953125	1.348876953125	3.22998046875E-06	2.65472412109375E-06	-5.7525634765625E-07	4.35684614785714E-06	417611.5	5.30725083081052E-06
33	145.617256632352	1.34384155273438	1.34429931640625	3.22418212890625E-06	2.6458740234375E-06	-5.7830810546875E-07	4.33426566814887E-06	416942.71875	5.4686047405994E-06
34	145.667256632226	1.33880615234375	1.3385009765625	3.2183837890625E-06	2.63702392578125E-06	-5.8135986328125E-07	4.30780983151635E-06	415892.3125	5.62966897632577E-06
35	145.717256632099	1.33377075195313	1.3336181640625	3.2122802734375E-06	2.6287841796875E-06	-5.83496093750002E-07	4.2839551497309E-06	415162.46875	5.79043580728467E-06
36	145.767256631973	1.3287353515625	1.3287353515625	3.20709228515625E-06	2.6202392578125E-06	-5.86853027343748E-07	4.26137694375939E-06	414311.53125	5.95091978539131E-06
37	145.817256631847	1.32369995117188	1.32415771484375	3.20220947265625E-06	2.61199951171875E-06	-5.90209960937502E-07	4.24023028244847E-06	413513.78125	6.11115228821291E-06
38	145.867256631721	1.31866455078125	1.318359375	3.1964111328125E-06	2.60345458984375E-06	-5.92956542968748E-07	4.21401819039602E-06	412449.90625	6.27111785433954E-06
39	145.917256631594	1.31362915039063	1.3134765625	3.192138671875E-06	2.59552001953125E-06	-5.9661865234375E-07	4.19279922425631E-06	411472.28125	6.43083194518113E-06
40	145.967256631468	1.30859375	1.30859375	3.18756103515625E-06	2.58758544921875E-06	-5.99975585937501E-07	4.17122237195144E-06	410531.375	6.59032411931548E-06
41	146.017256631342	1.30355834960938	1.3037109375	3.18328857421875E-06	2.57965087890625E-06	-6.03637695312501E-07	4.150087988819E-06	409548.46875	6.74959528623731E-06
42	146.067256631216	1.29852294921875	1.29852294921875	3.17962646484375E-06	2.5714111328125E-06	-6.08215332031248E-07	4.12881809097598E-06	408388.53125	6.90866818331415E-06
43	146.117256631089	1.29348754882813	1.29364013671875	3.175048828125E-06	2.56317138671875E-06	-6.1187744140625E-07	4.10737038691877E-06	407439.46875	7.06753507984104E-06
44	146.167256630963	1.2884521484375	1.28875732421875	3.17108154296875E-06	2.55462646484375E-06	-6.16455078125E-07	4.08675441576634E-06	406409.40625	7.22618869986036E-06
45	146.217256630837	1.28341674804688	1.28326416015625	3.167724609375E-06	2.5457763671875E-06	-6.21948242187501E-07	4.06502749683568E-06	405105.96875	7.38465860194992E-06
46	146.267256630711	1.27838134765625	1.2786865234375	3.16436767578125E-06	2.53692626953125E-06	-6.27441406249998E-07	4.0462341530656E-06	404089.125	7.54296115701436E-06
47	146.317256630584	1.27334594726563	1.27349853515625	3.1610107421875E-06	2.52777099609375E-06	-6.3323974609375E-07	4.02554269385291E-06	402877	7.70109545555897E-06
48	146.367256630458	1.268310546875	1.268310546875	3.15826416015625E-06	2.5177001953125E-06	-6.40563964843749E-07	4.0056597754301E-06	401584.71875	7.85907741374103E-06
49	146.417256630332	1.26327514648438	1.2628173828125	3.1561279296875E-06	2.50701904296875E-06	-6.49108886718749E-07	3.98561314796098E-06	400116.03125	8.01693749963306E-06
50	146.467256630206	1.25823974609375	1.2579345703125	3.15399169921875E-06	2.4951171875E-06	-6.5887451171875E-07	3.9675151128904E-06	398838.90625	8.17469026515028E-06
51	146.517256630079	1.25320434570313	1.25335693359375	3.1524658203125E-06	2.48291015625E-06	-6.695556640625E-07	3.95116467188927E-06	397579.875	8.33235117170261E-06
52	146.567256629953	1.2481689453125	1.24786376953125	3.15185546875E-06	2.46917724609375E-06	-6.82678222656251E-07	3.93308619095478E-06	395914.03125	8.48995932756225E-06
53	146.617256629827	1.24313354492188	1.24267578125	3.1512451171875E-06	2.45361328125E-06	-6.97631835937501E-07	3.91597586713033E-06	394344.375	8.64753747009672E-06
54	146.667256629701	1.23809814453125	1.23779296875	3.15185546875E-06	2.43621826171875E-06	-7.1563720703125E-07	3.90134437111556E-06	392718.8125	8.8051147031365E-06
55	146.717256629575	1.23306274414063	1.23321533203125	3.1524658203125E-06	2.41729736328125E-06	-7.3516845703125E-07	3.8876692087797E-06	391190.71875	8.96272285899613E-06
56	146.767256629448	1.22802734375	1.22802734375	3.15521240234375E-06	2.39593505859375E-06	-7.59277343749999E-07	3.87468708140659E-06	389205.90625	9.12041468836833E-06
57	146.817256629322	1.22299194335938	1.2225341796875	3.15765380859375E-06	2.37091064453125E-06	-7.86743164062499E-07	3.86033980248612E-06	387165.375	9.27823657548288E-06
58	146.867256629196	1.21795654296875	1.2176513671875	3.16192626953125E-06	2.34283447265625E-06	-8.19091796875001E-07	3.85012344850111E-06	385098	9.43622580962256E-06
59	146.91725662907	1.21292114257813	1.21307373046875	3.16802978515625E-06	2.31048583984375E-06	-8.57543945312501E-07	3.84305349143688E-06	382911.09375	9.59447424975224E-06
60	146.967256628943	1.2078857421875	1.20758056640625	3.17413330078125E-06	2.2723388671875E-06	-9.01794433593751E-07	3.83302176487632E-06	380444.1875	9.75302828010172E-06
61	147.017256628817	1.20285034179688	1.2030029296875	3.18328857421875E-06	2.22930908203125E-06	-9.53979492187501E-07	3.82950520361192E-06	377912	9.91196429822594E-06
62	147.067256628691	1.19781494140625	1.197509765625	3.19488525390625E-06	2.1783447265625E-06	-1.01654052734375E-06	3.825906333077E-06	374820.90625	1.00714187283302E-05
63	147.117256628565	1.19277954101563	1.19293212890625	3.20892333984375E-06	2.119140625E-06	-1.08978271484375E-06	3.82802772946889E-06	371754.625	1.02315134427045E-05
64	147.167256628438	1.187744140625	1.187744140625	3.22601318359375E-06	2.04925537109375E-06	-1.1767578125E-06	3.8316784412018E-06	368177.09375	1.03923875940382E-05
65	147.217256628312	1.18270874023438	1.1822509765625	3.24676513671875E-06	1.9683837890625E-06	-1.27838134765625E-06	3.83849101126543E-06	364131.96875	1.0554206710367E-05
66	147.267256628186	1.17767333984375	1.1773681640625	3.271484375E-06	1.87347412109375E-06	-1.39801025390625E-06	3.85174143957556E-06	359888.0625	1.07171626950731E-05
67	147.31725662806	1.17263793945313	1.1724853515625	3.3013916015625E-06	1.76239013671875E-06	-1.53900146484375E-06	3.87083309760783E-06	355148.84375	1.08814847408212E-05
68	147.367256627933	1.1676025390625	1.1676025390625	3.336181640625E-06	1.63299560546875E-06	-1.70318603515625E-06	3.89533397537889E-06	349981.71875	1.10474238681491E-05
69	147.417256627807	1.16256713867188	1.16241455078125	3.37799072265625E-06	1.48284912109375E-06	-1.8951416015625E-06	3.92662559534074E-06	344114.1875	1.12152783913189E-05
70	147.467256627681	1.15753173828125	1.1578369140625	3.42742919921875E-06	1.3092041015625E-06	-2.11822509765625E-06	3.96840414396138E-06	337814.96875	1.13854139272007E-05
71	147.517256627555	1.15249633789063	1.15264892578125	3.485107421875E-06	1.11053466796875E-06	-2.37457275390625E-06	4.01710531150457E-06	330735.5625	1.15582270154846E-05
72	147.567256627428	1.1474609375	1.14776611328125	3.55133056640625E-06	8.82873535156251E-07	-2.66845703125E-06	4.07609695685096E-06	323193.25	1.17341378427227E-05
73	147.617256627302	1.14242553710938	1.142578125	3.6279296875E-06	6.2591552734375E-07	-3.00201416015625E-06	4.14519308833405E-06	314939.4375	1.191361934616E-05
74	147.667256627176	1.13739013671875	1.1370849609375	3.71490478515625E-06	3.37829589843749E-07	-3.3770751953125E-06	4.22416223955224E-06	306087.25	1.20971908472711E-05
75	147.71725662705	1.13235473632813	1.13250732421875	3.81195068359375E-06	1.92260742187506E-08	-3.792724609375E-06	4.31706212111749E-06	297093.90625	1.22853616630891E-05
76	147.767256626924	1.1273193359375	1.126708984375	3.91998291015625E-06	-3.30810546875E-07	-4.25079345703125E-06	4.41667953055003E-06	287427.03125	1.24786602100357E-05
77	147.817256626797	1.12228393554688	1.12213134765625	4.03778076171875E-06	-7.1136474609375E-07	-4.7491455078125E-06	4.53092025054502E-06	277907.9375	1.26776039905963E-05
78	147.867256626671	1.11724853515625	1.11724853515625	4.163818359375E-06	-1.11785888671875E-06	-5.28167724609375E-06	4.65201992483344E-06	268323.09375	1.28826441141427E-05
79	147.917256626545	1.11221313476563	1.11236572265625	4.2938232421875E-06	-1.54693603515625E-06	-5.84075927734375E-06	4.77630192108336E-06	259061.84375	1.30940852614003E-05
80	147.967256626419	1.107177734375	1.107177734375	4.425048828125E-06	-1.995849609375E-06	-6.4208984375E-06	4.89931517222431E-06	250206.90625	1.33120574901113E-05
81	148.017256626292	1.10214233398438	1.10198974609375	4.55322265625E-06	-2.46002197265625E-06	-7.01324462890625E-06	5.01760450788424E-06	242024.140625	1.3536514416046E-05
82	148.067256626166	1.09710693359375	1.0968017578125	4.67529296875E-06	-2.9296875E-06	-7.60498046875E-06	5.12786937179044E-06	234595.296875	1.37672268465394E-05
83	148.11725662604	1.09207153320313	1.09222412109375	4.779052734375E-06	-3.39752197265625E-06	-8.17657470703125E-06	5.21979654877214E-06	228544.0625	1.40035854201415E-05
84	148.167256625914	1.0870361328125	1.0870361328125	4.8614501953125E-06	-3.86138916015625E-06	-8.72283935546875E-06	5.28457212567446E-06	223603.265625	1.42445978781325E-05
85	148.217256625787	1.08200073242188	1.08154296875	4.9163818359375E-06	-4.30908203125E-06	-9.2254638671875E-06	5.31727800989756E-06	219987.578125	1.44890436786227E-05
86	148.267256625661	1.07696533203125	1.07666015625	4.937744140625E-06	-4.7332763671875E-06	-9.6710205078125E-06	5.3162721087574E-06	218046.96875	1.47353966895025E-05
87	148.317256625535	1.07192993164063	1.07208251953125	4.925537109375E-06	-5.1300048828125E-06	-1.00555419921875E-05	5.28058171767043E-06	217658	1.49819788930472E-05
88	148.367256625409	1.06689453125	1.06689453125	4.876708984375E-06	-5.487060546875E-06	-1.036376953125E-05	5.20293406225392E-06	218773.46875	1.52270349644823E-05
89	148.417256625282	1.06185913085938	1.06201171875	4.791259765625E-06	-5.8013916015625E-06	-1.05926513671875E-05	5.08837365487125E-06	221656.0625	1.54687350004679E-05
90	148.467256625156	1.05682373046875	1.05682373046875	4.669189453125E-06	-6.0638427734375E-06	-1.07330322265625E-05	4.93451034344616E-06	226339.875	1.57052454596851E-05
91	148.51725662503	1.05178833007813	1.05194091796875	4.510498046875E-06	-6.26220703125E-06	-1.0772705078125E-05	4.74477747047786E-06	233220.578125	1.59347382577835E-05
92	148.567256624904	1.0467529296875	1.0467529296875	4.327392578125E-06	-6.3995361328125E-06	-1.07269287109375E-05	4.52971107733902E-06	241889.984375	1.6155685443664E-05
93	148.617256624777	1.04171752929688	1.04156494140625	4.119873046875E-06	-6.4697265625E-06	-1.0589599609375E-05	4.29111514677061E-06	252814.828125	1.63668664754368E-05
94	148.667256624651	1.03668212890625	1.036376953125	3.89251708984375E-06	-6.4666748046875E-06	-1.03591918945313E-05	4.03411468141712E-06	266248.5625	1.65671772265341E-05
95	148.717256624525	1.03164672851563	1.03179931640625	3.64532470703125E-06	-6.3934326171875E-06	-1.00387573242188E-05	3.76124330614402E-06	283047.3125	1.67556227097521E-05
96	148.767256624399	1.026611328125	1.02691650390625	3.38714599609375E-06	-6.25E-06	-9.63714599609375E-06	3.4783158753271E-06	303180.46875	1.6931433492573E-05
97	148.817256624273	1.02157592773438	1.02142333984375	3.12103271484375E-06	-6.0455322265625E-06	-9.16656494140625E-06	3.18789557240962E-06	327270.9375	1.70941384567413E-05
98	148.867256624146	1.01654052734375	1.0162353515625	2.84942626953125E-06	-5.7830810546875E-06	-8.63250732421875E-06	2.8956876576558E-06	356645.625	1.72433992702281E-05
99	148.91725662402	1.01150512695313	1.01165771484375	2.576904296875E-06	-5.4779052734375E-06	-8.0548095703125E-06	2.60694514508941E-06	392586.4375	1.73790576809552E-05
100	148.967256623894	1.0064697265625	1.005859375	2.30987548828125E-06	-5.1361083984375E-06	-7.44598388671875E-06	2.32340994443803E-06	435460.4375	1.75012282852549E-05
101	149.017256623768	1.00143432617188	1.0015869140625	2.0501708984375E-06	-4.779052734375E-06	-6.8292236328125E-06	2.05342439585365E-06	488538.25	1.7610229406273E-05
102	149.067256623641	0.99639892578125	0.9967041015625	1.80084228515625E-06	-4.412841796875E-06	-6.21368408203125E-06	1.79490689333761E-06	553465.5	1.77065048774239E-05
103	149.117256623515	0.991363525390625	0.99151611328125	1.56646728515625E-06	-4.0496826171875E-06	-5.61614990234375E-06	1.55317752614792E-06	632963.1875	1.779068770702E-05
104	149.167256623389	0.986328125	0.98663330078125	1.34918212890625E-06	-3.7005615234375E-06	-5.04974365234375E-06	1.33114792788547E-06	731282.5625	1.78635782503989E-05
105	149.217256623263	0.981292724609375	0.9814453125	1.15325927734375E-06	-3.3673095703125E-06	-4.52056884765625E-06	1.13186092676187E-06	851018.75	1.7926138752955E-05
106	149.267256623136	0.97625732421875	0.9765625	9.7808837890625E-07	-3.0548095703125E-06	-4.03289794921875E-06	9.55164409788267E-07	998440	1.79794224095531E-05
107	149.31725662301	0.971221923828125	0.97076416015625	8.282470703125E-07	-2.7667236328125E-06	-3.594970703125E-06	8.04032538326283E-07	1172070.75	1.80245806404855E-05
108	149.367256622884	0.9661865234375	0.9661865234375	7.0220947265625E-07	-2.50518798828125E-06	-3.2073974609375E-06	6.7846531237592E-07	1375923.625	1.80628430825891E-05
109	149.417256622758	0.961151123046875	0.9613037109375	5.9844970703125E-07	-2.266845703125E-06	-2.86529541015625E-06	5.75291892346286E-07	1606323.375	1.80953593371669E-05
110	149.467256622631	0.95611572265625	0.955810546875	5.16357421875E-07	-2.05352783203125E-06	-2.56988525390625E-06	4.93539857870928E-07	1851063.75	1.8123229892808E-05
111	149.517256622505	0.951080322265625	0.9515380859375	4.547119140625E-07	-1.8621826171875E-06	-2.31689453125E-06	4.32675705042129E-07	2092617.5	1.81475061253877E-05
112	149.567256622379	0.946044921875	0.94635009765625	4.11376953125001E-07	-1.69219970703125E-06	-2.10357666015625E-06	3.89306592296634E-07	2300445.25	1.81691593752475E-05
113	149.617256622253	0.941009521484375	0.941162109375	3.83911132812501E-07	-1.54022216796875E-06	-1.92413330078125E-06	3.61322605613168E-07	2451510.25	1.81890409294283E-05
114	149.667256622127	0.93597412109375	0.9356689453125	3.692626953125E-07	-1.40380859375E-06	-1.7730712890625E-06	3.45507629617714E-07	2533884.25	1.82078692887444E-05
115	149.717256622	0.930938720703125	0.9307861328125	3.680419921875E-07	-1.2841796875E-06	-1.6522216796875E-06	3.42568370115259E-07	2529021.75	1.82263029273599E-05
116	149.767256621874	0.9259033203125	0.926513671875	3.77807617187501E-07	-1.17767333984375E-06	-1.55548095703125E-06	3.50043904973063E-07	2452342.75	1.82449493877357E-05
117	149.817256621748	0.920867919921875	0.9210205078125	3.948974609375E-07	-1.08306884765625E-06	-1.47796630859375E-06	3.63708664963269E-07	2332303	1.82642670552013E-05
118	149.867256621622	0.91583251953125	0.91583251953125	4.19006347656251E-07	-9.9822998046875E-07	-1.417236328125E-06	3.83739632070501E-07	2185724.75	1.82846142706694E-05
119	149.917256621495	0.910797119140625	0.91094970703125	4.4891357421875E-07	-9.2315673828125E-07	-1.3720703125E-06	4.0893769437389E-07	2029231.875	1.83063129952643E-05
120	149.967256621369	0.90576171875	0.9063720703125	4.83093261718751E-07	-8.5662841796875E-07	-1.3397216796875E-06	4.37862212265827E-07	1876184.625	1.83296124305343E-05
121	150.017256621243	0.900726318359375	0.90087890625	5.18798828125E-07	-7.977294921875E-07	-1.3165283203125E-06	4.67374889012717E-07	1736470.625	1.83546599146212E-05
122	150.067256621117	0.89569091796875	0.89569091796875	5.5511474609375E-07	-7.46765136718749E-07	-1.3018798828125E-06	4.9721126060831E-07	1613523.875	1.83815081982175E-05
123	150.11725662099	0.890655517578125	0.89080810546875	5.9173583984375E-07	-7.02819824218751E-07	-1.2945556640625E-06	5.27123063420731E-07	1505415.125	1.84101791091962E-05
124	150.167256620864	0.8856201171875	0.88531494140625	6.2774658203125E-07	-6.65893554687499E-07	-1.29364013671875E-06	5.55753388198355E-07	1410306.375	1.84406653715996E-05
125	150.217256620738	0.880584716796875	0.8807373046875	6.6131591796875E-07	-6.365966796875E-07	-1.29791259765625E-06	5.824455797665E-07	1331795.125	1.84728924068622E-05
126	150.267256620612	0.87554931640625	0.8758544921875	6.94885253906249E-07	-6.1492919921875E-07	-1.309814453125E-06	6.08618336173095E-07	1260430.5	1.85067965503549E-05
127	150.317256620485	0.870513916015625	0.870361328125	7.28454589843749E-07	-6.02111816406251E-07	-1.33056640625E-06	6.3401864736079E-07	1194805.25	1.85423814400565E-05
128	150.367256620359	0.865478515625	0.865478515625	7.62023925781249E-07	-5.999755859375E-07	-1.36199951171875E-06	6.59515308143455E-07	1135763	1.85796434379881E-05
129	150.417256620233	0.860443115234375	0.86029052734375	7.9620361328125E-07	-6.085205078125E-07	-1.40472412109375E-06	6.84966437347612E-07	1080490.625	1.86185989150545E-05
130	150.467256620107	0.85540771484375	0.8551025390625	8.3282470703125E-07	-6.29577636718751E-07	-1.46240234375E-06	7.12150495019159E-07	1026749.75	1.86593242688105E-05
131	150.51725661998	0.850372314453125	0.850830078125	8.72192382812501E-07	-6.6497802734375E-07	-1.53717041015625E-06	7.42087479466136E-07	975507.375	1.87019504664931E-05
132	150.567256619854	0.8453369140625	0.84564208984375	9.14916992187501E-07	-7.1624755859375E-07	-1.63116455078125E-06	7.73692306665907E-07	924282.875	1.87466266652336E-05
133	150.617256619728	0.840301513671875	0.8404541015625	9.6221923828125E-07	-7.86743164062501E-07	-1.74896240234375E-06	8.08701088317321E-07	873453.875	1.87935565918451E-05
134	150.667256619602	0.83526611328125	0.8349609375	1.014404296875E-06	-8.7860107421875E-07	-1.89300537109375E-06	8.46987916247599E-07	823104.75	1.88429712579818E-05
135	150.717256619476	0.830230712890625	0.8306884765625	1.0736083984375E-06	-9.93957519531249E-07	-2.06756591796875E-06	8.91834076810483E-07	773735.125	1.88951707968954E-05
136	150.767256619349	0.8251953125	0.82550048828125	1.13983154296875E-06	-1.136474609375E-06	-2.27630615234375E-06	9.40931442983128E-07	724230.25	1.89505080925301E-05
137	150.817256619223	0.820159912109375	0.82061767578125	1.21337890625E-06	-1.30767822265625E-06	-2.52105712890625E-06	9.95720142782375E-07	676307.875	1.90093378478196E-05
138	150.867256619097	0.81512451171875	0.81512451171875	1.2969970703125E-06	-1.51123046875E-06	-2.8082275390625E-06	1.05721414911386E-06	628470.5625	1.90720966202207E-05
139	150.917256618971	0.810089111328125	0.8099365234375	1.39068603515625E-06	-1.74774169921875E-06	-3.138427734375E-06	1.12636735138949E-06	582400.75	1.91392900887877E-05
140	150.967256618844	0.8050537109375	0.8050537109375	1.49505615234375E-06	-2.02056884765625E-06	-3.515625E-06	1.20360050459567E-06	538477.25	1.92114330275217E-05
141	151.017256618718	0.800018310546875	0.8001708984375	1.60919189453125E-06	-2.332763671875E-06	-3.94195556640625E-06	1.2876284927188E-06	497250.15625	1.92890383914346E-05
142	151.067256618592	0.79498291015625	0.794677734375	1.729736328125E-06	-2.677001953125E-06	-4.40673828125E-06	1.37458289373171E-06	459421.34375	1.93725118151633E-05
143	151.117256618466	0.789947509765625	0.79010009765625	1.8646240234375E-06	-3.0560302734375E-06	-4.920654296875E-06	1.47323953569867E-06	423731.59375	1.94623717106879E-05
144	151.167256618339	0.784912109375	0.78460693359375	2.0062255859375E-06	-3.46466064453125E-06	-5.47088623046875E-06	1.57409840539913E-06	391086.125	1.95591419469565E-05
145	151.217256618213	0.779876708984375	0.780029296875	2.1527099609375E-06	-3.89892578125E-06	-6.0516357421875E-06	1.67917676208162E-06	362347.625	1.96631153812632E-05
146	151.267256618087	0.77484130859375	0.7745361328125	2.301025390625E-06	-4.3548583984375E-06	-6.6558837890625E-06	1.78222717295284E-06	336604.8125	1.9774459360633E-05
147	151.317256617961	0.769805908203125	0.76995849609375	2.44598388671875E-06	-4.827880859375E-06	-7.27386474609375E-06	1.88330614037113E-06	314784.78125	1.98931338672992E-05
148	151.367256617834	0.7647705078125	0.76446533203125	2.57965087890625E-06	-5.31005859375E-06	-7.88970947265625E-06	1.97205349650176E-06	296344.5	2.00187751033809E-05
149	151.417256617708	0.759735107421875	0.7598876953125	2.6947021484375E-06	-5.792236328125E-06	-8.4869384765625E-06	2.04767093237024E-06	281993.21875	2.01506336452439E-05
150	151.467256617582	0.75469970703125	0.7550048828125	2.7862548828125E-06	-6.2713623046875E-06	-9.0576171875E-06	2.10363600672281E-06	270974.8125	2.02876581170131E-05
151	151.517256617456	0.749664306640625	0.74945068359375	2.85369873046875E-06	-6.7352294921875E-06	-9.58892822265625E-06	2.13870634979685E-06	262624.34375	2.04286570806289E-05
152	151.567256617329	0.74462890625	0.74444580078125	2.87567138671875E-06	-7.1746826171875E-06	-1.00503540039063E-05	2.14078136195894E-06	258877.21875	2.05718915822217E-05
153	151.617256617203	0.739593505859375	0.73944091796875	2.862548828125E-06	-7.5836181640625E-06	-1.04461669921875E-05	2.11668566407752E-06	258315.5625	2.07153461815324E-05
154	151.667256617077	0.73455810546875	0.734405517578125	2.8125E-06	-7.9498291015625E-06	-1.07623291015625E-05	2.0655154457927E-06	261121.953125	2.08572237170301E-05
155	151.717256616951	0.729522705078125	0.729278564453125	2.72430419921875E-06	-8.2672119140625E-06	-1.09915161132812E-05	1.98677662410773E-06	267693.53125	2.09956433536718E-05
156	151.767256616825	0.7244873046875	0.72430419921875	2.59674072265625E-06	-8.526611328125E-06	-1.11233520507812E-05	1.88083015473239E-06	278928.21875	2.11286696867319E-05
157	151.817256616698	0.719451904296875	0.719268798828125	2.4359130859375E-06	-8.721923828125E-06	-1.11578369140625E-05	1.75207628672069E-06	295276.875	2.12544855457963E-05
158	151.867256616572	0.71441650390625	0.714263916015625	2.2442626953125E-06	-8.8470458984375E-06	-1.109130859375E-05	1.60299578055856E-06	318262.1875	2.137149022019E-05
159	151.917256616446	0.709381103515625	0.709259033203125	2.027587890625E-06	-8.8958740234375E-06	-1.09234619140625E-05	1.43808506436471E-06	349804.34375	2.1478286726051E-05
160	151.96725661632	0.704345703125	0.704193115234375	1.78863525390625E-06	-8.8653564453125E-06	-1.06539916992188E-05	1.2595446605701E-06	393704.15625	2.15736909012776E-05
161	152.017256616193	0.699310302734375	0.699066162109375	1.53076171875E-06	-8.7554931640625E-06	-1.02862548828125E-05	1.07010373540106E-06	456678.65625	2.16566768358462E-05
162	152.067256616067	0.69427490234375	0.694091796875	1.263427734375E-06	-8.5723876953125E-06	-9.8358154296875E-06	8.76934848292876E-07	549372	2.17265314859105E-05
163	152.117256615941	0.689239501953125	0.689056396484375	9.8907470703125E-07	-8.3160400390625E-06	-9.30511474609375E-06	6.81528263157816E-07	696667.6875	2.17828437598655E-05
164	152.167256615815	0.6842041015625	0.68402099609375	7.10144042968749E-07	-8.001708984375E-06	-8.71185302734375E-06	4.85753446355375E-07	963214.4375	2.18253244383959E-05
165	152.217256615688	0.679168701171875	0.6790771484375	4.3212890625E-07	-7.6416015625E-06	-8.07373046875E-06	2.93448863430967E-07	1571469	2.18538807530422E-05
166	152.267256615562	0.67413330078125	0.67401123046875	1.5899658203125E-07	-7.2479248046875E-06	-7.40692138671875E-06	1.07165483598237E-07	4239155.5	2.1868660041946E-05
167	152.317256615436	0.669097900390625	0.668914794921875	-1.04675292968751E-07	-6.8389892578125E-06	-6.73431396484375E-06	-7.00188493851783E-08	-6390379.5	2.1870017008041E-05
168	152.36725661531	0.6640625	0.663909912109375	-3.55224609375E-07	-6.427001953125E-06	-6.07177734375E-06	-2.35837148920837E-07	-1868986.25	2.18585191760212E-05
169	152.417256615183	0.659027099609375	0.658843994140625	-5.889892578125E-07	-6.0211181640625E-06	-5.43212890625E-06	-3.88052001198957E-07	-1118601.125	2.18349141505314E-05
170	152.467256615057	0.65399169921875	0.653839111328125	-8.00170898437499E-07	-5.6365966796875E-06	-4.83642578125E-06	-5.23183018685813E-07	-817124.375	2.18001860048389E-05
171	152.517256614931	0.648956298828125	0.648895263671875	-9.88159179687501E-07	-5.2734375E-06	-4.2852783203125E-06	-6.41211784113693E-07	-656670.8125	2.17554770642892E-05
172	152.567256614805	0.6439208984375	0.643798828125	-1.15142822265625E-06	-4.937744140625E-06	-3.78631591796875E-06	-7.41288090466696E-07	-559130.6875	2.17019878618885E-05
173	152.617256614678	0.638885498046875	0.638763427734375	-1.28875732421875E-06	-4.62646484375E-06	-3.33770751953125E-06	-8.23210996259149E-07	-495642.90625	2.16409825952724E-05
174	152.667256614552	0.63385009765625	0.633758544921875	-1.400146484375E-06	-4.34539794921875E-06	-2.94525146484375E-06	-8.87354758560832E-07	-452637.34375	2.15737600228749E-05
175	152.717256614426	0.628814697265625	0.62872314453125	-1.48773193359375E-06	-4.08966064453125E-06	-2.6019287109375E-06	-9.35371474497515E-07	-422605.15625	2.15015643334482E-05
176	152.7672566143	0.623779296875	0.62371826171875	-1.5533447265625E-06	-3.85894775390625E-06	-2.30560302734375E-06	-9.68849462879007E-07	-401532.4375	2.14255360333482E-05
177	152.817256614174	0.618743896484375	0.61871337890625	-1.59881591796875E-06	-3.65020751953125E-06	-2.0513916015625E-06	-9.89208729151869E-07	-386982.25	2.13467319554184E-05
178	152.867256614047	0.61370849609375	0.613739013671875	-1.62628173828125E-06	-3.46221923828125E-06	-1.8359375E-06	-9.98112568595388E-07	-377387.875	2.12661052501062E-05
179	152.917256613921	0.608673095703125	0.608612060546875	-1.63970947265625E-06	-3.29376220703125E-06	-1.654052734375E-06	-9.97946926872828E-07	-371170.65625	2.11844562727492E-05
180	152.967256613795	0.6036376953125	0.60357666015625	-1.6412353515625E-06	-3.14208984375E-06	-1.5008544921875E-06	-9.90611283668841E-07	-367757.5625	2.11024325835751E-05
181	153.017256613669	0.598602294921875	0.598602294921875	-1.63330078125E-06	-3.0047607421875E-06	-1.3714599609375E-06	-9.77697595772042E-07	-366498.53125	2.10205689654686E-05
182	153.067256613542	0.59356689453125	0.593505859375	-1.61712646484375E-06	-2.88177490234375E-06	-1.2646484375E-06	-9.59773956310528E-07	-367012.65625	2.09393074328545E-05
183	153.117256613416	0.588531494140625	0.58856201171875	-1.59576416015625E-06	-2.7703857421875E-06	-1.17462158203125E-06	-9.39206188377284E-07	-368827.6875	2.08589863177622E-05
184	153.16725661329	0.58349609375	0.58349609375	-1.56982421875E-06	-2.66876220703125E-06	-1.09893798828125E-06	-9.1598633389367E-07	-371695.1875	2.07798457267927E-05
185	153.217256613164	0.578460693359375	0.578399658203125	-1.53961181640625E-06	-2.57598876953125E-06	-1.036376953125E-06	-8.90510875706241E-07	-375678.90625	2.07021093956428E-05
186	153.267256613037	0.57342529296875	0.573394775390625	-1.50726318359375E-06	-2.49176025390625E-06	-9.844970703125E-07	-8.64256833210675E-07	-380421.15625	2.06259373953799E-05
187	153.317256612911	0.568389892578125	0.568328857421875	-1.473388671875E-06	-2.41455078125E-06	-9.41162109374999E-07	-8.37369270811905E-07	-385729.09375	2.05514224944636E-05
188	153.367256612785	0.5633544921875	0.563323974609375	-1.43890380859375E-06	-2.34344482421875E-06	-9.04541015625E-07	-8.10568963061087E-07	-391495.25	2.04786138056079E-05
189	153.417256612659	0.558319091796875	0.558258056640625	-1.4044189453125E-06	-2.279052734375E-06	-8.74633789062501E-07	-7.84028145517368E-07	-397501.09375	2.04075313376961E-05
190	153.467256612532	0.55328369140625	0.553314208984375	-1.3690185546875E-06	-2.2186279296875E-06	-8.49609375E-07	-7.57497389258788E-07	-404168.53125	2.03381950996118E-05
191	153.517256612406	0.548248291015625	0.5482177734375	-1.33453369140625E-06	-2.1624755859375E-06	-8.27941894531249E-07	-7.31615045879153E-07	-410793.53125	2.02706069103442E-05
192	153.56725661228	0.543212890625	0.54315185546875	-1.30035400390625E-06	-2.11090087890625E-06	-8.10546875E-07	-7.06289654317516E-07	-417695.40625	2.02047340280842E-05
193	153.617256612154	0.538177490234375	0.538177490234375	-1.26678466796875E-06	-2.06268310546875E-06	-7.95898437500001E-07	-6.81754954712233E-07	-424837.40625	2.01405564439483E-05
194	153.667256612027	0.53314208984375	0.5330810546875	-1.234130859375E-06	-2.017822265625E-06	-7.83691406249999E-07	-6.57891803257371E-07	-431948.5625	2.00780323211802E-05
195	153.717256611901	0.528106689453125	0.52801513671875	-1.2017822265625E-06	-1.97540283203125E-06	-7.7362060546875E-07	-6.34559171430737E-07	-439360.09375	2.00171343749389E-05
196	153.767256611775	0.5230712890625	0.522979736328125	-1.170654296875E-06	-1.9354248046875E-06	-7.647705078125E-07	-6.12228461704944E-07	-446741.40625	1.99578244064469E-05
197	153.817256611649	0.518035888671875	0.517913818359375	-1.14013671875E-06	-1.898193359375E-06	-7.58056640625E-07	-5.90492504670692E-07	-454255.90625	1.99000551219797E-05
198	153.867256611523	0.51300048828125	0.51300048828125	-1.1102294921875E-06	-1.86279296875E-06	-7.525634765625E-07	-5.69548262774333E-07	-462067.0625	1.98437955987174E-05
199	153.917256611396	0.507965087890625	0.5079345703125	-1.08154296875E-06	-1.83013916015625E-06	-7.48596191406249E-07	-5.49353046608303E-07	-469638.84375	1.9789000361925E-05
200	153.96725661127	0.5029296875	0.50286865234375	-1.05377197265625E-06	-1.79840087890625E-06	-7.4462890625E-07	-5.29908902535681E-07	-477208.25	1.97356184798991E-05
201	154.017256611144	0.497894287109375	0.497833251953125	-1.0260009765625E-06	-1.768798828125E-06	-7.427978515625E-07	-5.10777397266793E-07	-485217.125	1.96836244867882E-05
202	154.067256611018	0.49285888671875	0.492828369140625	-9.98840332031251E-07	-1.74072265625E-06	-7.4188232421875E-07	-4.92256845063821E-07	-493400.5625	1.96330020116875E-05
203	154.117256610891	0.487823486328125	0.48779296875	-9.7381591796875E-07	-1.7138671875E-06	-7.4005126953125E-07	-4.75020527801462E-07	-500908.84375	1.95836855709786E-05
204	154.167256610765	0.4827880859375	0.48272705078125	-9.48181152343749E-07	-1.6888427734375E-06	-7.40661621093751E-07	-4.57712673096466E-07	-509108.46875	1.95356369658839E-05
205	154.217256610639	0.477752685546875	0.47772216796875	-9.2376708984375E-07	-1.66534423828125E-06	-7.415771484375E-07	-4.41303996012721E-07	-517145.71875	1.94888380065095E-05
206	154.267256610513	0.47271728515625	0.472686767578125	-8.9996337890625E-07	-1.64276123046875E-06	-7.427978515625E-07	-4.25400770609485E-07	-525228.875	1.94432450371096E-05
207	154.317256610386	0.467681884765625	0.4676513671875	-8.770751953125E-07	-1.6204833984375E-06	-7.43408203125E-07	-4.10165426956155E-07	-533194.125	1.93988180399174E-05
208	154.36725661026	0.462646484375	0.462615966796875	-8.5479736328125E-07	-1.59912109375E-06	-7.4432373046875E-07	-3.95442896206077E-07	-541199.5625	1.93555224541342E-05
209	154.417256610134	0.457611083984375	0.457611083984375	-8.331298828125E-07	-1.5789794921875E-06	-7.45849609375E-07	-3.81249463998756E-07	-549267.375	1.93133237189613E-05
210	154.467256610008	0.45257568359375	0.452545166015625	-8.1146240234375E-07	-1.55914306640625E-06	-7.476806640625E-07	-3.67223378816561E-07	-557690.875	1.9272209101473E-05
211	154.517256609881	0.447540283203125	0.447509765625	-7.92236328125E-07	-1.53961181640625E-06	-7.4737548828125E-07	-3.54533483459818E-07	-564869	1.92321167560294E-05
212	154.567256609755	0.4425048828125	0.442535400390625	-7.720947265625E-07	-1.52130126953125E-06	-7.4920654296875E-07	-3.41679253779148E-07	-573162.0625	1.91930084838532E-05
213	154.617256609629	0.437469482421875	0.437469482421875	-7.537841796875E-07	-1.50299072265625E-06	-7.4920654296875E-07	-3.29757568806599E-07	-580364.375	1.9154860638082E-05
214	154.667256609503	0.43243408203125	0.43243408203125	-7.354736328125E-07	-1.485595703125E-06	-7.50122070312501E-07	-3.18043873903662E-07	-587966.8125	1.91176295629703E-05
215	154.717256609376	0.427398681640625	0.427337646484375	-7.18078613281251E-07	-1.468505859375E-06	-7.50427246093749E-07	-3.06862006027586E-07	-595112.625	1.90812916116556E-05
216	154.76725660925	0.42236328125	0.422393798828125	-7.0159912109375E-07	-1.4520263671875E-06	-7.5042724609375E-07	-2.96351117867744E-07	-602044.375	1.90457994904136E-05
217	154.817256609124	0.417327880859375	0.4173583984375	-6.854248046875E-07	-1.43524169921875E-06	-7.49816894531251E-07	-2.86067773913601E-07	-608904.75	1.90111240954138E-05
218	154.867256608998	0.41229248046875	0.41229248046875	-6.69250488281251E-07	-1.41937255859375E-06	-7.50122070312499E-07	-2.75926936410542E-07	-616051.0625	1.89772563317092E-05
219	154.917256608872	0.407257080078125	0.407257080078125	-6.53991699218751E-07	-1.40411376953125E-06	-7.50122070312499E-07	-2.66342738086678E-07	-622725.1875	1.89441761904163E-05
220	154.967256608745	0.4022216796875	0.4022216796875	-6.38732910156251E-07	-1.38916015625E-06	-7.50427246093749E-07	-2.56912215945704E-07	-629718.125	1.89118563866941E-05
221	155.017256608619	0.397186279296875	0.397216796875	-6.2408447265625E-07	-1.37542724609375E-06	-7.513427734375E-07	-2.4789682129267E-07	-636479.25	1.88802860066062E-05
222	155.067256608493	0.39215087890625	0.39215087890625	-6.09130859375E-07	-1.36138916015625E-06	-7.5225830078125E-07	-2.38871194824242E-07	-643787.625	1.88494559552055E-05
223	155.117256608367	0.387115478515625	0.387176513671875	-5.9539794921875E-07	-1.348876953125E-06	-7.5347900390625E-07	-2.305240940359E-07	-650281.9375	1.88193425856298E-05
224	155.16725660824	0.382080078125	0.382080078125	-5.816650390625E-07	-1.336669921875E-06	-7.550048828125E-07	-2.22242604763778E-07	-656873.0625	1.87899167940486E-05
225	155.217256608114	0.377044677734375	0.377044677734375	-5.67626953125E-07	-1.32415771484375E-06	-7.5653076171875E-07	-2.14020715816332E-07	-664247.3125	1.87611840374302E-05
226	155.267256607988	0.37200927734375	0.37200927734375	-5.5389404296875E-07	-1.31317138671875E-06	-7.59277343750001E-07	-2.06053726969913E-07	-671625.375	1.8733146134764E-05
227	155.317256607862	0.366973876953125	0.366973876953125	-5.39550781250001E-07	-1.3018798828125E-06	-7.62329101562499E-07	-1.98001032458706E-07	-680147.125	1.87058103620075E-05
228	155.367256607735	0.3619384765625	0.361907958984375	-5.2642822265625E-07	-1.29241943359375E-06	-7.659912109375E-07	-1.90518562703801E-07	-687478.25	1.86791603482561E-05
229	155.417256607609	0.356903076171875	0.356903076171875	-5.1300048828125E-07	-1.2823486328125E-06	-7.6934814453125E-07	-1.83091458438867E-07	-695716.8125	1.86531742656371E-05
230	155.467256607483	0.35186767578125	0.35186767578125	-4.99877929687501E-07	-1.27288818359375E-06	-7.73010253906249E-07	-1.75890875198093E-07	-703907.25	1.86278521141503E-05
231	155.517256607357	0.346832275390625	0.346832275390625	-4.8797607421875E-07	-1.26434326171875E-06	-7.763671875E-07	-1.69245851111555E-07	-710756.6875	1.86031575140078E-05
232	155.56725660723	0.341796875	0.341766357421875	-4.75158691406249E-07	-1.256103515625E-06	-7.8094482421875E-07	-1.62393249070192E-07	-719267.8125	1.85790777322836E-05
233	155.617256607104	0.336761474609375	0.33673095703125	-4.62951660156249E-07	-1.2481689453125E-06	-7.85217285156251E-07	-1.55890148789695E-07	-727356.625	1.85556255019037E-05
234	155.667256606978	0.33172607421875	0.331695556640625	-4.50744628906249E-07	-1.2408447265625E-06	-7.9010009765625E-07	-1.49509986613339E-07	-735883.5625	1.8532782632974E-05
235	155.717256606852	0.326690673828125	0.326690673828125	-4.38537597656249E-07	-1.23443603515625E-06	-7.95898437500001E-07	-1.43266149166266E-07	-744954.75	1.85105509444838E-05
236	155.767256606725	0.3216552734375	0.321624755859375	-4.2724609375E-07	-1.2286376953125E-06	-8.013916015625E-07	-1.37412911271895E-07	-752785.75	1.8488906789571E-05
237	155.817256606599	0.316619873046875	0.316619873046875	-4.1473388671875E-07	-1.22222900390625E-06	-8.074951171875E-07	-1.31312987150523E-07	-763429	1.84678574441932E-05
238	155.867256606473	0.31158447265625	0.31158447265625	-4.0435791015625E-07	-1.217041015625E-06	-8.12683105468751E-07	-1.25991647337287E-07	-770566.0625	1.84473792614881E-05
239	155.917256606347	0.306549072265625	0.30657958984375	-3.924560546875E-07	-1.212158203125E-06	-8.197021484375E-07	-1.20319015195491E-07	-781181.9375	1.84274595085299E-05
240	155.967256606221	0.301513671875	0.30157470703125	-3.8116455078125E-07	-1.20819091796875E-06	-8.270263671875E-07	-1.14949585849899E-07	-791193	1.8408118194202E-05
241	156.017256606094	0.296478271484375	0.29644775390625	-3.70178222656251E-07	-1.20452880859375E-06	-8.34350585937499E-07	-1.09738500952972E-07	-800824.4375	1.83893353096209E-05
242	156.067256605968	0.29144287109375	0.29144287109375	-3.5980224609375E-07	-1.201171875E-06	-8.41369628906249E-07	-1.04861797467493E-07	-810008.5	1.83710853889352E-05
243	156.117256605842	0.286407470703125	0.28643798828125	-3.48815917968751E-07	-1.19873046875E-06	-8.4991455078125E-07	-9.99141320789931E-08	-821172.375	1.8353370251134E-05
244	156.167256605716	0.2813720703125	0.281341552734375	-3.37829589843749E-07	-1.19659423828125E-06	-8.587646484375E-07	-9.50455003589923E-08	-832791.3125	1.83362044481328E-05
245	156.217256605589	0.276336669921875	0.276397705078125	-3.27148437499999E-07	-1.1956787109375E-06	-8.68530273437501E-07	-9.04230716969323E-08	-844869.4375	1.83195788849844E-05
246	156.267256605463	0.27130126953125	0.271331787109375	-3.16772460937501E-07	-1.19537353515625E-06	-8.78601074218749E-07	-8.59504396544253E-08	-856551.0625	1.8303480828763E-05
247	156.317256605337	0.266265869140625	0.2662353515625	-3.0670166015625E-07	-1.19537353515625E-06	-8.88671874999999E-07	-8.16548251236782E-08	-868059.75	1.8287893908564E-05
248	156.367256605211	0.26123046875	0.261199951171875	-2.960205078125E-07	-1.19659423828125E-06	-9.0057373046875E-07	-7.73205357518236E-08	-882371.1875	1.82728272193344E-05
249	156.417256605084	0.256195068359375	0.256134033203125	-2.86254882812501E-07	-1.19903564453125E-06	-9.1278076171875E-07	-7.3319618820733E-08	-894776.125	1.82582698471379E-05
250	156.467256604958	0.25115966796875	0.2510986328125	-2.7587890625E-07	-1.201171875E-06	-9.25292968749999E-07	-6.9272815039767E-08	-910177	1.82442163350061E-05
251	156.517256604832	0.246124267578125	0.246185302734375	-2.6580810546875E-07	-1.2060546875E-06	-9.4024658203125E-07	-6.54380443165792E-08	-926176.8125	1.82306739588967E-05
252	156.567256604706	0.2410888671875	0.24114990234375	-2.55432128906249E-07	-1.2115478515625E-06	-9.56115722656251E-07	-6.15974329321034E-08	-944086	1.82176427188097E-05
253	156.617256604579	0.236053466796875	0.236083984375	-2.45056152343751E-07	-1.21917724609375E-06	-9.74121093749999E-07	-5.78538355000546E-08	-963387.25	1.82051317096921E-05
254	156.667256604453	0.23101806640625	0.23101806640625	-2.3468017578125E-07	-1.22802734375E-06	-9.9334716796875E-07	-5.42153593130479E-08	-984395.3125	1.81931372935651E-05
255	156.717256604327	0.225982666015625	0.22601318359375	-2.23693847656251E-07	-1.23809814453125E-06	-1.014404296875E-06	-5.05577588683082E-08	-1010368.375	1.81816776603227E-05
256	156.767256604201	0.220947265625	0.220977783203125	-2.1240234375E-07	-1.25091552734375E-06	-1.03851318359375E-06	-4.69361971511262E-08	-1040373.5625	1.81707764568273E-05
257	156.817256604074	0.215911865234375	0.2159423828125	-2.00500488281249E-07	-1.2652587890625E-06	-1.06475830078125E-06	-4.32965521213191E-08	-1077016.75	1.81604536919622E-05
258	156.867256603948	0.21087646484375	0.210968017578125	-1.89208984375E-07	-1.28265380859375E-06	-1.09344482421875E-06	-3.99170438925012E-08	-1115000	1.81507111847168E-05
259	156.917256603822	0.205841064453125	0.20587158203125	-1.7730712890625E-07	-1.30279541015625E-06	-1.12548828125E-06	-3.65024988013829E-08	-1161101.5	1.81415471161017E-05
260	156.967256603696	0.2008056640625	0.200836181640625	-1.6357421875E-07	-1.32598876953125E-06	-1.16241455078125E-06	-3.28516200909235E-08	-1227798.5	1.81330251507461E-05
261	157.01725660357	0.195770263671875	0.19573974609375	-1.50146484374999E-07	-1.35284423828125E-06	-1.20269775390625E-06	-2.93896338376953E-08	-1303658.625	1.81251834874274E-05
262	157.067256603443	0.19073486328125	0.190704345703125	-1.3580322265625E-07	-1.38580322265625E-06	-1.25E-06	-2.58982648659867E-08	-1404269.75	1.81180348590715E-05
263	157.117256603317	0.185699462890625	0.1856689453125	-1.1932373046875E-07	-1.424560546875E-06	-1.30523681640625E-06	-2.21547118428589E-08	-1556010.25	1.81116556632333E-05
264	157.167256603191	0.1806640625	0.180633544921875	-9.97924804687495E-08	-1.4697265625E-06	-1.36993408203125E-06	-1.8025868797622E-08	-1810091.75	1.81061786861392E-05
265	157.217256603065	0.175628662109375	0.175689697265625	-7.90405273437503E-08	-1.52374267578125E-06	-1.4447021484375E-06	-1.38866056431652E-08	-2222780	1.81017076101853E-05
266	157.267256602938	0.17059326171875	0.170623779296875	-5.46264648437503E-08	-1.5887451171875E-06	-1.53411865234375E-06	-9.32057364622096E-09	-3123463.75	1.80983661266509E-05
267	157.317256602812	0.165557861328125	0.165618896484375	-2.62451171874997E-08	-1.66473388671875E-06	-1.63848876953125E-06	-4.34668701032592E-09	-6310465.5	1.80963434104342E-05
268	157.367256602686	0.1605224609375	0.160491943359375	6.71386718749945E-09	-1.75506591796875E-06	-1.76177978515625E-06	1.07752151645713E-09	23904546	1.80958559212741E-05
269	157.41725660256	0.155487060546875	0.155487060546875	4.36401367187506E-08	-1.8597412109375E-06	-1.90338134765625E-06	6.78547618093717E-09	3562937.25	1.80971146619413E-05
270	157.467256602433	0.15045166015625	0.15045166015625	8.63647460937506E-08	-1.98150634765625E-06	-2.06787109375E-06	1.29937189896623E-08	1742049.5	1.8100363377016E-05
271	157.517256602307	0.145416259765625	0.1455078125	1.34887695312499E-07	-2.12188720703125E-06	-2.25677490234375E-06	1.96272118557772E-08	1078733.125	1.81058949237922E-05
272	157.567256602181	0.140380859375	0.140472412109375	1.90124511718751E-07	-2.2821044921875E-06	-2.47222900390625E-06	2.67072479687158E-08	738844.3125	1.81140203494579E-05
273	157.617256602055	0.135345458984375	0.135345458984375	2.5146484375E-07	-2.4627685546875E-06	-2.7142333984375E-06	3.40346240079725E-08	538228.1875	1.8125059796148E-05
274	157.667256601928	0.13031005859375	0.130340576171875	3.19519042968749E-07	-2.664794921875E-06	-2.98431396484375E-06	4.16462953012342E-08	407927.40625	1.8139335224987E-05
275	157.717256601802	0.125274658203125	0.125274658203125	3.94287109374999E-07	-2.8875732421875E-06	-3.2818603515625E-06	4.93941811896548E-08	317724.46875	1.81571795110358E-05
276	157.767256601676	0.1202392578125	0.12030029296875	4.74853515625E-07	-3.12957763671875E-06	-3.60443115234375E-06	5.71250140524171E-08	253341.921875	1.81789091584506E-05
277	157.81725660155	0.115203857421875	0.115264892578125	5.59387207031251E-07	-3.387451171875E-06	-3.94683837890625E-06	6.44777102820626E-08	206055.640625	1.82047642738326E-05
278	157.867256601423	0.11016845703125	0.1102294921875	6.4849853515625E-07	-3.65936279296875E-06	-4.307861328125E-06	7.14836616566572E-08	169976.46875	1.82349613169208E-05
279	157.917256601297	0.105133056640625	0.105194091796875	7.3699951171875E-07	-3.94012451171875E-06	-4.6771240234375E-06	7.75279929143835E-08	142732.921875	1.82696003321325E-05
280	157.967256601171	0.10009765625	0.10009765625	8.24584960937499E-07	-4.2236328125E-06	-5.0482177734375E-06	8.2539024504058E-08	121391.5625	1.83086394827114E-05
281	158.017256601045	0.095062255859375	0.0950927734375	9.063720703125E-07	-4.498291015625E-06	-5.4046630859375E-06	8.61894307035982E-08	104915.828125	1.83519132406218E-05
282	158.067256600919	0.09002685546875	0.090057373046875	9.8388671875E-07	-4.766845703125E-06	-5.750732421875E-06	8.86062494487305E-08	91532.2578125	1.83991687663365E-05
283	158.117256600792	0.084991455078125	0.085052490234375	1.04248046875E-06	-5.0201416015625E-06	-6.0626220703125E-06	8.86655584508844E-08	81586.65625	1.84498294402147E-05
284	158.167256600666	0.0799560546875	0.079986572265625	1.08306884765625E-06	-5.2459716796875E-06	-6.32904052734375E-06	8.66309619595995E-08	73851.7890625	1.85029675776605E-05
285	158.21725660054	0.074920654296875	0.074951171875	1.0992431640625E-06	-5.438232421875E-06	-6.5374755859375E-06	8.23895618395909E-08	68184.34375	1.8557524526841E-05
286	158.267256600414	0.06988525390625	0.069915771484375	1.09130859375E-06	-5.5938720703125E-06	-6.6851806640625E-06	7.62996847925024E-08	64065.99609375	1.86122888408136E-05
287	158.317256600287	0.064849853515625	0.0648193359375	1.0565185546875E-06	-5.7037353515625E-06	-6.76025390625E-06	6.84828265207216E-08	61351.82421875	1.86659854080062E-05
288	158.367256600161	0.059814453125	0.059783935546875	9.930419921875E-07	-5.7708740234375E-06	-6.763916015625E-06	5.93679594373953E-08	60202.82421875	1.87172245205147E-05
289	158.417256600035	0.054779052734375	0.054779052734375	9.0301513671875E-07	-5.7830810546875E-06	-6.68609619140625E-06	4.94663119354755E-08	60662.38671875	1.87646255653817E-05
290	158.467256599909	0.04974365234375	0.049810791015625	7.83691406250001E-07	-5.74951171875E-06	-6.533203125E-06	3.90362870916761E-08	63559.1875	1.88067933777347E-05
291	158.517256599782	0.044708251953125	0.0447662353515625	6.512451171875E-07	-5.6671142578125E-06	-6.318359375E-06	2.91537922691987E-08	68739.4609375	1.8842665667762E-05
292	158.567256599656	0.0396728515625	0.0397308349609375	4.95300292968751E-07	-5.548095703125E-06	-6.04339599609375E-06	1.96786942296967E-08	80215.6484375	1.88713293027831E-05
293	158.61725659953	0.034637451171875	0.0346710205078125	3.2623291015625E-07	-5.3924560546875E-06	-5.71868896484375E-06	1.13108278299023E-08	106276.890625	1.88918675121386E-05
294	158.667256599404	0.02960205078125	0.02967529296875	1.483154296875E-07	-5.21240234375E-06	-5.3607177734375E-06	4.40130376588854E-09	200082.3125	1.89037327800179E-05
295	158.717256599277	0.024566650390625	0.024658203125	-3.08227539062497E-08	-5.01708984375E-06	-4.98626708984375E-06	-7.60033758151479E-10	-800000	1.89066686289152E-05
296	158.767256599151	0.01953125	0.019598388671875	-2.1087646484375E-07	-4.8095703125E-06	-4.59869384765625E-06	-4.13283895994709E-09	-92937.7734375	1.89006259461166E-05
297	158.817256599025	0.014495849609375	0.014556884765625	-3.8299560546875E-07	-4.60205078125E-06	-4.21905517578125E-06	-5.5752229499717E-09	-38007.96875	1.88857793546049E-05
298	158.867256598899	0.00946044921875	0.00953063964843751	-5.462646484375E-07	-4.3975830078125E-06	-3.851318359375E-06	-5.20625098587857E-09	-17446.927734375	1.88625490409322E-05
299	158.917256598772	0.004425048828125	0.00450744628906249	-6.96411132812499E-07	-4.19952392578125E-06	-3.50311279296875E-06	-3.13903569804097E-09	-6472.392578125	1.88314807019196E-05
300	158.967256598646	-0.0006103515625	-0.000515747070312503	-8.319091796875E-07	-4.01580810546875E-06	-3.18389892578125E-06	4.29054708428467E-10	619.955993652344	1.87932728294982E-05
301	159.01725659852	-0.005645751953125	-0.00554504394531249	-9.53369140625E-07	-3.84307861328125E-06	-2.88970947265625E-06	5.28647348119193E-09	5816.26123046875	1.87486421054928E-05
302	159.067256598394	-0.01068115234375	-0.010577392578125	-1.05438232421875E-06	-3.682861328125E-06	-2.62847900390625E-06	1.11526157198227E-08	10031.837890625	1.86984470929019E-05
303	159.117256598268	-0.015716552734375	-0.01561279296875	-1.13922119140625E-06	-3.53668212890625E-06	-2.3974609375E-06	1.77864230010982E-08	13704.7958984375	1.86436082003638E-05
304	159.167256598141	-0.020751953125	-0.020635986328125	-1.20880126953125E-06	-3.404541015625E-06	-2.19573974609375E-06	2.49448053324386E-08	17071.447265625	1.8584907593322E-05
305	159.217256598015	-0.025787353515625	-0.0256591796875	-1.26373291015625E-06	-3.28582763671875E-06	-2.0220947265625E-06	3.242634960543E-08	20304.275390625	1.85230928764213E-05
306	159.267256597889	-0.03082275390625	-0.030670166015625	-1.30584716796875E-06	-3.18023681640625E-06	-1.8743896484375E-06	4.00505477671231E-08	23486.796875	1.84588534466457E-05
307	159.317256597763	-0.035858154296875	-0.0357330322265625	-1.33758544921875E-06	-3.08563232421875E-06	-1.748046875E-06	4.7795985835819E-08	26714.580078125	1.83927677426254E-05
308	159.367256597636	-0.0408935546875	-0.04078369140625	-1.35986328125E-06	-3.001708984375E-06	-1.641845703125E-06	5.54602443969543E-08	29991.0234375	1.83253323484678E-05
309	159.41725659751	-0.045928955078125	-0.04580078125	-1.3739013671875E-06	-2.92694091796875E-06	-1.55303955078125E-06	6.29257570494701E-08	33336.296875	1.82569874596084E-05
310	159.467256597384	-0.05096435546875	-0.050933837890625	-1.3800048828125E-06	-2.86163330078125E-06	-1.48162841796875E-06	7.02889408898955E-08	36908.44921875	1.81881405296735E-05
311	159.517256597258	-0.055999755859375	-0.055908203125	-1.38427734375E-06	-2.80426025390625E-06	-1.41998291015625E-06	7.73924568875373E-08	40388.0078125	1.8119033484254E-05
312	159.567256597131	-0.06103515625	-0.06097412109375	-1.38336181640625E-06	-2.752685546875E-06	-1.36932373046875E-06	8.43492671265267E-08	44076.76953125	1.8049842765322E-05
313	159.617256597005	-0.066070556640625	-0.066009521484375	-1.3787841796875E-06	-2.70721435546875E-06	-1.32843017578125E-06	9.10128861164594E-08	47875.1640625	1.79807884705951E-05
314	159.667256596879	-0.07110595703125	-0.071014404296875	-1.37176513671875E-06	-2.6678466796875E-06	-1.29608154296875E-06	9.74150751176239E-08	51768.63671875	1.79120252141729E-05
315	159.717256596753	-0.076141357421875	-0.0760498046875	-1.3629150390625E-06	-2.6324462890625E-06	-1.26953125E-06	1.03649419713747E-07	55799.375	1.78436584974406E-05
316	159.767256596626	-0.0811767578125	-0.081085205078125	-1.353759765625E-06	-2.601318359375E-06	-1.24755859375E-06	1.09769892731038E-07	59896.30078125	1.7775741071091E-05
317	159.8172565965	-0.086212158203125	-0.086151123046875	-1.34368896484375E-06	-2.5738525390625E-06	-1.23016357421875E-06	1.15760315111402E-07	64115.375	1.77083056769334E-05
318	159.867256596374	-0.09124755859375	-0.091094970703125	-1.3323974609375E-06	-2.5494384765625E-06	-1.217041015625E-06	1.21374711170574E-07	68369.21875	1.7641403246671E-05
319	159.917256596248	-0.096282958984375	-0.09619140625	-1.32080078125E-06	-2.52777099609375E-06	-1.20697021484375E-06	1.27049673892543E-07	72828.1015625	1.75750719790813E-05
320	159.967256596122	-0.101318359375	-0.10125732421875	-1.309814453125E-06	-2.50885009765625E-06	-1.19903564453125E-06	1.32628301230397E-07	77306.625	1.75093082361855E-05
321	160.017256595995	-0.106353759765625	-0.106292724609375	-1.29791259765625E-06	-2.49176025390625E-06	-1.19384765625E-06	1.37958664936377E-07	81895.1328125	1.7444113836973E-05
322	160.067256595869	-0.11138916015625	-0.11126708984375	-1.28692626953125E-06	-2.4761962890625E-06	-1.18927001953125E-06	1.43192536938841E-07	86459.5703125	1.7379494238412E-05
323	160.117256595743	-0.116424560546875	-0.116302490234375	-1.275634765625E-06	-2.4627685546875E-06	-1.1871337890625E-06	1.48359504237305E-07	91172.25	1.73154294316191E-05
324	160.167256595617	-0.1214599609375	-0.121337890625	-1.26556396484375E-06	-2.45147705078125E-06	-1.1859130859375E-06	1.53560861804181E-07	95876.5390625	1.72518994077109E-05
325	160.21725659549	-0.126495361328125	-0.126434326171875	-1.2554931640625E-06	-2.4407958984375E-06	-1.185302734375E-06	1.58737421429578E-07	100704.9140625	1.71888732438674E-05
326	160.267256595364	-0.13153076171875	-0.131378173828125	-1.24542236328125E-06	-2.4322509765625E-06	-1.18682861328125E-06	1.6362132271297E-07	105488.8515625	1.71263491210993E-05
327	160.317256595238	-0.136566162109375	-0.136474609375	-1.236572265625E-06	-2.4237060546875E-06	-1.1871337890625E-06	1.68760706742432E-07	110365.2578125	1.70642997545656E-05
328	160.367256595112	-0.1416015625	-0.141510009765625	-1.22711181640625E-06	-2.4176025390625E-06	-1.19049072265625E-06	1.73648587065145E-07	115319.578125	1.70027087733615E-05
329	160.417256594985	-0.146636962890625	-0.146453857421875	-1.2188720703125E-06	-2.41241455078125E-06	-1.19354248046875E-06	1.78508514636633E-07	120155.234375	1.69415579875931E-05
330	160.467256594859	-0.15167236328125	-0.151519775390625	-1.21124267578125E-06	-2.408447265625E-06	-1.19720458984375E-06	1.83527220087853E-07	125094.484375	1.68808055605041E-05
331	160.517256594733	-0.156707763671875	-0.15655517578125	-1.20330810546875E-06	-2.40509033203125E-06	-1.2017822265625E-06	1.88384106536432E-07	130103.984375	1.68204423971474E-05
332	160.567256594607	-0.1617431640625	-0.161590576171875	-1.19659423828125E-06	-2.40325927734375E-06	-1.2066650390625E-06	1.93358346223249E-07	135042.078125	1.67604448506609E-05
333	160.61725659448	-0.166778564453125	-0.166656494140625	-1.1895751953125E-06	-2.40203857421875E-06	-1.21246337890625E-06	1.98250432958957E-07	140097.484375	1.67007892741822E-05
334	160.667256594354	-0.17181396484375	-0.17169189453125	-1.1834716796875E-06	-2.4017333984375E-06	-1.21826171875E-06	2.03192499270699E-07	145074.78125	1.66414647537749E-05
335	160.717256594228	-0.176849365234375	-0.176727294921875	-1.177978515625E-06	-2.4029541015625E-06	-1.2249755859375E-06	2.08180949812231E-07	150025.921875	1.65824276336934E-05
336	160.767256594102	-0.181884765625	-0.181732177734375	-1.17340087890625E-06	-2.40478515625E-06	-1.23138427734375E-06	2.13244689462044E-07	154876.46875	1.65236433531391E-05
337	160.817256593975	-0.186920166015625	-0.186767578125	-1.16912841796875E-06	-2.40875244140625E-06	-1.2396240234375E-06	2.18355282299854E-07	159749.421875	1.64650791703025E-05
338	160.867256593849	-0.19195556640625	-0.191802978515625	-1.1651611328125E-06	-2.413330078125E-06	-1.2481689453125E-06	2.23481364969302E-07	164615	1.64067223522579E-05
339	160.917256593723	-0.196990966796875	-0.19683837890625	-1.16241455078125E-06	-2.4188232421875E-06	-1.25640869140625E-06	2.28807778057671E-07	169335.796875	1.63485328812385E-05
340	160.967256593597	-0.2020263671875	-0.201873779296875	-1.15997314453125E-06	-2.4261474609375E-06	-1.26617431640625E-06	2.34168140877955E-07	174033.15625	1.62904743774561E-05
