Potential - Start -0.205 V, Stop 1.505 V, Step 0.005 V; Modulation - Amplitude 0.05 V, Time 0.025 s, Interval time 0.05 s
Index	Base.Time (s)	Potential applied (V)	WE(1).Base.Potential (V)	WE(1).Base.Current (A)	WE(1).Pulse.Current (A)	WE(1).δ.Current (A)	WE(1).Base.Power (W)	WE(1).Base.Resistance (Ω)	WE(1).Base.Charge (C)
1	140.547361645152	-0.204925537109375		-4.64782714843751E-07	3.04565429687501E-07	7.69348144531251E-07	9.51891081513168E-08	440643.46875	0
2	140.597361645026	-0.19989013671875		-6.878662109375E-07	2.7130126953125E-07	9.59167480468751E-07	1.37413692868904E-07	290417.03125	-2.88162222972232E-08
3	140.6473616449	-0.194854736328125		-6.87561035156251E-07	2.7923583984375E-07	9.66796875000001E-07	1.33869605178916E-07	283178	-6.32019023782959E-08
4	140.697361644773	-0.1898193359375		-6.7626953125E-07	2.92358398437501E-07	9.686279296875E-07	1.28286473000117E-07	280505.4375	-9.72976650359669E-08
5	140.747361644647	-0.184783935546875		-6.634521484375E-07	3.07312011718749E-07	9.7076416015625E-07	1.22494057563927E-07	278288.875	-1.30790709818029E-07
6	140.797361644521	-0.17974853515625		-6.50939941406251E-07	3.23486328125E-07	9.74426269531251E-07	1.16886305079333E-07	275855.625	-1.63650511808555E-07
7	140.847361644395	-0.174713134765625		-6.38732910156251E-07	3.39660644531251E-07	9.78393554687501E-07	1.11497563182184E-07	273291.9375	-1.95892326360081E-07
8	140.897361644268	-0.169677734375		-6.2835693359375E-07	3.56140136718749E-07	9.844970703125E-07	1.06503122765389E-07	269742.59375	-2.27569572075481E-07
9	140.947361644142	-0.164642333984375		-6.182861328125E-07	3.7384033203125E-07	9.9212646484375E-07	1.01739459523742E-07	266140.1875	-2.58735639135921E-07
10	140.997361644016	-0.15960693359375		-6.09741210937501E-07	3.93066406250001E-07	1.0028076171875E-06	9.724449512305E-08	261561.5625	-2.89436343337002E-07
11	141.04736164389	-0.154571533203125		-6.02111816406251E-07	4.12597656249999E-07	1.01470947265625E-06	9.29774728319899E-08	256462.25	-3.19732663456307E-07
12	141.097361643763	-0.1495361328125		-5.9539794921875E-07	4.351806640625E-07	1.03057861328125E-06	8.89789930624829E-08	250999.5	-3.49670386867729E-07
13	141.147361643637	-0.144500732421875		-5.908203125E-07	4.58679199218751E-07	1.04949951171875E-06	8.53559356528422E-08	244524.796875	-3.79325854282797E-07
14	141.197361643511	-0.13946533203125		-5.877685546875E-07	4.8553466796875E-07	1.07330322265625E-06	8.19015895103803E-08	237071.640625	-4.08790583605878E-07
15	141.247361643385	-0.134429931640625		-5.8441162109375E-07	5.1605224609375E-07	1.1004638671875E-06	7.84732421266199E-08	229765.015625	-4.3809507133119E-07
16	141.297361643258	-0.12939453125		-5.8349609375E-07	5.51452636718749E-07	1.13494873046875E-06	7.54655928858483E-08	221652.71875	-4.67292778694173E-07
17	141.347361643132	-0.124359130859375		-5.85021972656249E-07	5.91430664062501E-07	1.17645263671875E-06	7.26814093354733E-08	212363.078125	-4.9650572009341E-07
18	141.397361643006	-0.11932373046875		-5.889892578125E-07	6.37207031250001E-07	1.2261962890625E-06	7.02264699725674E-08	202435.25	-5.25856023614324E-07
19	141.44736164288	-0.114288330078125		-5.9539794921875E-07	6.903076171875E-07	1.28570556640625E-06	6.79925236113377E-08	191799.09375	-5.554657036555E-07
20	141.497361642754	-0.1092529296875		-6.0455322265625E-07	7.53173828125001E-07	1.35772705078125E-06	6.59938592662002E-08	180565.390625	-5.85464476898778E-07
21	141.547361642627	-0.104217529296875		-6.1676025390625E-07	8.26416015625001E-07	1.44317626953125E-06	6.4220763817957E-08	168827.3125	-6.15997294062254E-07
22	141.597361642501	-0.09918212890625		-6.34155273437501E-07	9.0972900390625E-07	1.54388427734375E-06	6.28388079348952E-08	156256.015625	-6.47270212539297E-07
23	141.647361642375	-0.094146728515625		-6.57958984375E-07	1.00799560546875E-06	1.66595458984375E-06	6.18844495647863E-08	142949.90625	-6.7957302007926E-07
24	141.697361642249	-0.089111328125		-6.8511962890625E-07	1.12396240234375E-06	1.80908203125E-06	6.10101054121515E-08	129977.7265625	-7.13150029696408E-07
25	141.747361642122	-0.084075927734375		-7.183837890625E-07	1.25885009765625E-06	1.97723388671875E-06	6.03768555151873E-08	116992.359375	-7.48237596326362E-07
26	141.797361641996	-0.07904052734375		-7.586669921875E-07	1.41448974609375E-06	2.17315673828125E-06	5.9919130990238E-08	104102.9765625	-7.85163877026207E-07
27	141.84736164187	-0.074005126953125		-8.05053710937501E-07	1.59210205078125E-06	2.39715576171875E-06	5.95780988987826E-08	91925.703125	-8.24256858322769E-07
28	141.897361641744	-0.0689697265625		-8.59680175781249E-07	1.7938232421875E-06	2.65350341796875E-06	5.92394329146373E-08	80156.1953125	-8.65875222189061E-07
29	141.947361641617	-0.063934326171875		-9.234619140625E-07	2.021484375E-06	2.9449462890625E-06	5.90127307020794E-08	69200.265625	-9.10453763935948E-07
30	141.997361641491	-0.05889892578125		-9.95788574218751E-07	2.274169921875E-06	3.26995849609375E-06	5.85597099700408E-08	59056.08203125	-9.5843506642268E-07
31	142.047361641365	-0.053863525390625		-1.0760498046875E-06	2.55126953125E-06	3.6273193359375E-06	5.7894158800309E-08	50000	-1.01023101706232E-06
32	142.097361641239	-0.048828125		-1.16119384765625E-06	2.852783203125E-06	4.01397705078125E-06	5.65713449418581E-08	41955.32421875	-1.06616209905042E-06
33	142.147361641112	-0.043792724609375		-1.2591552734375E-06	3.17474365234375E-06	4.43389892578125E-06	5.49842944508327E-08	34680.078125	-1.12667078155937E-06
34	142.197361640986	-0.03875732421875		-1.35772705078125E-06	3.51287841796875E-06	4.87060546875E-06	5.23856904521836E-08	28417.625	-1.19209289550781E-06
35	142.24736164086	-0.033721923828125		-1.458740234375E-06	3.86199951171875E-06	5.32073974609375E-06	4.89555809224385E-08	23006.27734375	-1.26250449739018E-06
36	142.297361640734	-0.0286865234375		-1.5582275390625E-06	4.2144775390625E-06	5.772705078125E-06	4.45051604458513E-08	18329.41796875	-1.33792877932137E-06
37	142.347361640607	-0.023651123046875		-1.6510009765625E-06	4.5623779296875E-06	6.21337890625E-06	3.89019092494891E-08	14271.71875	-1.41815939969092E-06
38	142.397361640481	-0.01861572265625		-1.7315673828125E-06	4.901123046875E-06	6.6326904296875E-06	3.20599937708721E-08	10692.6337890625	-1.50272364862758E-06
39	142.447361640355	-0.013580322265625		-1.79473876953125E-06	5.2154541015625E-06	7.01019287109375E-06	2.42033397768182E-08	7514.0283203125	-1.59088131113094E-06
40	142.497361640229	-0.008544921875		-1.83685302734375E-06	5.50537109375E-06	7.34222412109375E-06	1.55051740335921E-08	4595.44775390625	-1.68167105130124E-06
41	142.547361640103	-0.003509521484375		-1.8511962890625E-06	5.755615234375E-06	7.6068115234375E-06	6.32733065941693E-09	1846.35681152344	-1.77387232724868E-06
42	142.597361639976	0.00152587890625		-1.834716796875E-06	5.963134765625E-06	7.7978515625E-06	-2.98992541836185E-09	-888.2236328125	-1.8660201703824E-06
43	142.64736163985	0.006561279296875		-1.77703857421875E-06	6.11572265625E-06	7.89276123046875E-06	-1.18494538625669E-08	-3752.36157226563	-1.95631400856655E-06
44	142.697361639724	0.0115966796875		-1.69403076171875E-06	6.207275390625E-06	7.90130615234375E-06	-1.98622629454803E-08	-6921.27587890625	-2.04309071705211E-06
45	142.747361639598	0.016632080078125		-1.5771484375E-06	6.23779296875E-06	7.81494140625E-06	-2.63515858023311E-08	-10594.0400390625	-2.12487020689878E-06
46	142.797361639471	0.02166748046875		-1.4306640625E-06	6.2103271484375E-06	7.6409912109375E-06	-3.10862056096539E-08	-15187.7138671875	-2.20006563722563E-06
47	142.847361639345	0.026702880859375		-1.2567138671875E-06	6.1248779296875E-06	7.381591796875E-06	-3.36806067480211E-08	-21325.88671875	-2.2672500108456E-06
48	142.897361639219	0.03173828125		-1.06231689453125E-06	5.987548828125E-06	7.04986572265625E-06	-3.38036407754316E-08	-29954.03515625	-2.32522575061012E-06
49	142.947361639093	0.036773681640625		-8.50524902343749E-07	5.8074951171875E-06	6.65802001953125E-06	-3.1334032257746E-08	-43315.390625	-2.37304675465566E-06
50	142.997361638966	0.04180908203125		-6.2591552734375E-07	5.5938720703125E-06	6.21978759765625E-06	-2.62415387197734E-08	-66981.96875	-2.40995791500609E-06
51	143.04736163884	0.046844482421875		-3.97338867187499E-07	5.352783203125E-06	5.7501220703125E-06	-1.86543616109702E-08	-118156.6875	-2.43553927248286E-06
52	143.097361638714	0.0518798828125		-1.7578125E-07	5.1025390625E-06	5.2783203125E-06	-9.13560338489106E-09	-295659.75	-2.44986722464091E-06
53	143.147361638588	0.056915283203125		4.85229492187503E-08	4.8431396484375E-06	4.79461669921875E-06	2.76317813074911E-09	1173584.875	-2.45304863710771E-06
54	143.197361638461	0.06195068359375		2.57568359375E-07	4.58984375E-06	4.332275390625E-06	1.59722564063713E-08	240758.296875	-2.44539637606067E-06
55	143.247361638335	0.066986083984375		4.51049804687501E-07	4.3426513671875E-06	3.8916015625E-06	3.02553537778749E-08	148714.484375	-2.42768101088586E-06
56	143.297361638209	0.072021484375		6.26220703124999E-07	4.111328125E-06	3.485107421875E-06	4.51204549278827E-08	115058.484375	-2.40074905377696E-06
57	143.347361638083	0.077056884765625		7.80639648437501E-07	3.89190673828125E-06	3.11126708984375E-06	6.01536598310304E-08	98709.9296875	-2.36557752941735E-06
58	143.397361637956	0.08209228515625		9.161376953125E-07	3.6883544921875E-06	2.772216796875E-06	7.53196687242053E-08	89740.1796875	-2.32315824177931E-06
59	143.44736163783	0.087127685546875		1.02996826171875E-06	3.50128173828125E-06	2.4713134765625E-06	8.97701752933244E-08	84622.2265625	-2.27450550482899E-06
60	143.497361637704	0.0921630859375		1.1236572265625E-06	3.33099365234375E-06	2.20733642578125E-06	1.03594004485785E-07	82047.8046875	-2.22066501009976E-06
61	143.547361637578	0.097198486328125		1.19903564453125E-06	3.17718505859375E-06	1.9781494140625E-06	1.16617634660088E-07	81114.7890625	-2.16259763874405E-06
62	143.597361637452	0.10223388671875		1.25823974609375E-06	3.03802490234375E-06	1.77978515625E-06	1.28749931604943E-07	81324.2734375	-2.10116581911279E-06
63	143.647361637325	0.107269287109375		1.30340576171875E-06	2.91351318359375E-06	1.610107421875E-06	1.39894950734742E-07	82346.0546875	-2.03712465918215E-06
64	143.697361637199	0.1123046875		1.3360595703125E-06	2.80181884765625E-06	1.46575927734375E-06	1.50208848026523E-07	84148.015625	-1.97113786271075E-06
65	143.747361637073	0.117340087890625		1.358642578125E-06	2.70111083984375E-06	1.34246826171875E-06	1.59506157615397E-07	86410.609375	-1.90377045328205E-06
66	143.797361636947	0.12237548828125		1.37298583984375E-06	2.611083984375E-06	1.23809814453125E-06	1.68103611031256E-07	89175.375	-1.83547967935738E-06
67	143.84736163682	0.127410888671875		1.380615234375E-06	2.530517578125E-06	1.14990234375E-06	1.75947548086697E-07	92307.6953125	-1.76663968431967E-06
68	143.897361636694	0.1324462890625		1.3818359375E-06	2.45849609375E-06	1.07666015625E-06	1.83145544951913E-07	95914.3125	-1.69757834100892E-06
69	143.947361636568	0.137481689453125		1.37939453125E-06	2.39349365234375E-06	1.01409912109375E-06	1.89599390409967E-07	99646.0234375	-1.62854757945752E-06
70	143.997361636442	0.14251708984375		1.37359619140625E-06	2.335205078125E-06	9.6160888671875E-07	1.95802854818794E-07	103776.9375	-1.55972281845607E-06
71	144.047361636315	0.147552490234375		1.36566162109375E-06	2.28240966796875E-06	9.16748046875E-07	2.01548445488697E-07	108067.046875	-1.49124139170453E-06
72	144.097361636189	0.152587890625		1.35498046875E-06	2.23480224609375E-06	8.7982177734375E-07	2.06794950941003E-07	112635.140625	-1.42322539886663E-06
73	144.147361636063	0.157623291015625		1.34368896484375E-06	2.191162109375E-06	8.47473144531249E-07	2.118786852634E-07	117351.8046875	-1.35575862714177E-06
74	144.197361635937	0.16265869140625		1.3311767578125E-06	2.15087890625E-06	8.19702148437501E-07	2.16608711411936E-07	122237.515625	-1.28888700601237E-06
75	144.24736163581	0.167694091796875		1.31805419921875E-06	2.1148681640625E-06	7.9681396484375E-07	2.21070123984646E-07	127251.6796875	-1.22265623758722E-06
76	144.297361635684	0.1727294921875		1.3043212890625E-06	2.08160400390625E-06	7.77282714843749E-07	2.25414154897408E-07	132498.828125	-1.15709678993881E-06
77	144.347361635558	0.177764892578125		1.29119873046875E-06	2.05108642578125E-06	7.598876953125E-07	2.29529803164041E-07	137674.3125	-1.09220889044082E-06
78	144.397361635432	0.18280029296875		1.27838134765625E-06	2.02301025390625E-06	7.4462890625E-07	2.33727490694946E-07	143017.4375	-1.02796934697835E-06
79	144.447361635305	0.187835693359375		1.26495361328125E-06	1.99676513671875E-06	7.318115234375E-07	2.37719234519318E-07	148564.546875	-9.64386003943218E-07
80	144.497361635179	0.19287109375		1.2518310546875E-06	1.9720458984375E-06	7.2021484375E-07	2.41518421262299E-07	154119.953125	-9.01466364666703E-07
81	144.547361635053	0.197906494140625		1.23931884765625E-06	1.9488525390625E-06	7.0953369140625E-07	2.45307063551081E-07	159714.359375	-8.39187578094425E-07
82	144.597361634927	0.20294189453125		1.226806640625E-06	1.92718505859375E-06	7.0037841796875E-07	2.49045342570753E-07	165472.640625	-7.77534467033547E-07
83	144.647361634801	0.207977294921875		1.2152099609375E-06	1.9073486328125E-06	6.92138671875001E-07	2.52810252732161E-07	171195.375	-7.16484066742851E-07
84	144.697361634674	0.2130126953125		1.20330810546875E-06	1.888427734375E-06	6.8511962890625E-07	2.56356628369758E-07	177047.9375	-6.56021086342662E-07
85	144.747361634548	0.218048095703125		1.19293212890625E-06	1.8707275390625E-06	6.7779541015625E-07	2.60080184943945E-07	182757.734375	-5.9611511460389E-07
86	144.797361634422	0.22308349609375		1.18255615234375E-06	1.854248046875E-06	6.7169189453125E-07	2.63772676589724E-07	188619.359375	-5.36727895905642E-07
87	144.847361634296	0.228118896484375		1.1724853515625E-06	1.8389892578125E-06	6.6650390625E-07	2.67537615172841E-07	194612.1875	-4.77851870073209E-07
88	144.897361634169	0.233154296875		1.1627197265625E-06	1.82403564453125E-06	6.61315917968749E-07	2.71199553480983E-07	200603.671875	-4.19471717805209E-07
89	144.947361634043	0.238189697265625		1.1541748046875E-06	1.810302734375E-06	6.561279296875E-07	2.75018209094924E-07	206451.609375	-3.61549354011004E-07
90	144.997361633917	0.24322509765625		1.14532470703125E-06	1.79656982421875E-06	6.51245117187499E-07	2.78641607565078E-07	212416.75	-3.04061870792793E-07
91	145.047361633791	0.248260498046875		1.13677978515625E-06	1.7840576171875E-06	6.4727783203125E-07	2.82286890751493E-07	218442.96875	-2.47009268150578E-07
92	145.097361633664	0.2532958984375		1.12823486328125E-06	1.7724609375E-06	6.44226074218751E-07	2.85777275621513E-07	224506.359375	-1.9038390064452E-07
93	145.147361633538	0.258331298828125		1.12060546875E-06	1.76055908203125E-06	6.39953613281251E-07	2.89453282675822E-07	230501.09375	-1.34162888798528E-07
94	145.197361633412	0.26336669921875		1.11328125E-06	1.75018310546875E-06	6.3690185546875E-07	2.9323516059776E-07	236595.40625	-7.83157219075292E-08
95	145.247361633286	0.268402099609375		1.10595703125E-06	1.7401123046875E-06	6.34155273437499E-07	2.96908694963349E-07	242742.828125	-2.28347687425412E-08
96	145.297361633159	0.2734375		1.09893798828125E-06	1.73095703125E-06	6.3201904296875E-07	3.00524391150248E-07	248847.53125	3.22876090308455E-08
97	145.347361633033	0.278472900390625		1.09283447265625E-06	1.72149658203125E-06	6.28662109375E-07	3.04358110270186E-07	254845.03125	8.7081915012277E-08
98	145.397361632907	0.28350830078125		1.08673095703125E-06	1.712646484375E-06	6.2591552734375E-07	3.08064073806236E-07	260853.703125	1.41571049994127E-07
99	145.447361632781	0.288543701171875		1.08062744140625E-06	1.70501708984375E-06	6.243896484375E-07	3.11775238515111E-07	266986.75	1.95755006870968E-07
100	145.497361632654	0.2935791015625		1.07452392578125E-06	1.69708251953125E-06	6.2255859375E-07	3.15392185257224E-07	273161.03125	2.496337856428E-07
101	145.547361632528	0.298614501953125		1.0687255859375E-06	1.6900634765625E-06	6.21337890625001E-07	3.1910431630422E-07	279383.21875	3.03215017538605E-07
102	145.597361632402	0.30364990234375		1.0638427734375E-06	1.68365478515625E-06	6.1981201171875E-07	3.23100692867229E-07	285484.78125	3.56529227474311E-07
103	145.647361632276	0.308685302734375		1.05804443359375E-06	1.67694091796875E-06	6.18896484375001E-07	3.26635046121737E-07	291779.65625	4.09576415449919E-07
104	145.69736163215	0.313720703125		1.05377197265625E-06	1.67144775390625E-06	6.17675781249999E-07	3.30590069097525E-07	297712.15625	4.62371815501683E-07
105	145.747361632023	0.318756103515625		1.04888916015625E-06	1.666259765625E-06	6.17370605468751E-07	3.34307799221278E-07	303869.6875	5.14938335527404E-07
106	145.797361631897	0.32379150390625		1.0443115234375E-06	1.661376953125E-06	6.17065429687501E-07	3.38202937655296E-07	310111.0625	5.67268330087245E-07
107	145.847361631771	0.328826904296875		1.03973388671875E-06	1.65679931640625E-06	6.17065429687501E-07	3.41860754815571E-07	316231.28125	6.19369473042752E-07
108	145.897361631645	0.3338623046875		1.03515625E-06	1.65252685546875E-06	6.17370605468751E-07	3.45631207210317E-07	322553.09375	6.71241764393926E-07
109	145.947361631518	0.338897705078125		1.0308837890625E-06	1.64886474609375E-06	6.1798095703125E-07	3.49364114526907E-07	328744.84375	7.22892764315475E-07
110	145.997361631392	0.34393310546875		1.02630615234375E-06	1.64581298828125E-06	6.195068359375E-07	3.53011955667171E-07	335147.21875	7.74322472807398E-07
111	146.047361631266	0.348968505859375		1.02294921875E-06	1.64306640625E-06	6.20117187500001E-07	3.57008246965052E-07	341169.46875	8.25553854610916E-07
112	146.09736163114	0.35400390625		1.01898193359375E-06	1.640625E-06	6.2164306640625E-07	3.60692496315096E-07	347379.4375	8.76602143762284E-07
113	146.147361631013	0.359039306640625		1.01593017578125E-06	1.63818359375E-06	6.2225341796875E-07	3.64758847126723E-07	353409.4375	9.27474957279628E-07
114	146.197361630887	0.36407470703125		1.011962890625E-06	1.63604736328125E-06	6.2408447265625E-07	3.68460945310289E-07	359801	9.7817223831953E-07
115	146.247361630761	0.369110107421875		1.00799560546875E-06	1.634521484375E-06	6.26525878906249E-07	3.7203059832791E-07	366152	1.02867124951445E-06
116	146.297361630635	0.3741455078125		1.00494384765625E-06	1.63299560546875E-06	6.28051757812499E-07	3.76056533468727E-07	372365.65625	1.07899472823192E-06
117	146.347361630508	0.379180908203125		1.0015869140625E-06	1.63238525390625E-06	6.30798339843751E-07	3.79813172912691E-07	378610.625	1.12915802219504E-06
118	146.397361630382	0.38421630859375		9.9853515625E-07	1.63055419921875E-06	6.32019042968751E-07	3.83683953941727E-07	384810.53125	1.17916101771698E-06
119	146.447361630256	0.389251708984375		9.95483398437499E-07	1.6302490234375E-06	6.34765625E-07	3.8752395425945E-07	391048.46875	1.22901144550269E-06
120	146.49736163013	0.394287109375		9.930419921875E-07	1.62933349609375E-06	6.3629150390625E-07	3.91513367503649E-07	397019.03125	1.27872465327528E-06
121	146.547361630003	0.399322509765625		9.906005859375E-07	1.6290283203125E-06	6.38427734375001E-07	3.95599357716492E-07	403142.3125	1.32831564769731E-06
122	146.597361629877	0.40435791015625		9.8876953125E-07	1.6290283203125E-06	6.40258789062501E-07	3.99786614480035E-07	408919.75	1.37780000386556E-06
123	146.647361629751	0.409393310546875		9.86633300781251E-07	1.62872314453125E-06	6.42089843749999E-07	4.03951162297744E-07	414970.625	1.42718499773764E-06
124	146.697361629625	0.4144287109375		9.844970703125E-07	1.62933349609375E-06	6.44836425781251E-07	4.07973828941977E-07	420923.75	1.4764632396691E-06
125	146.747361629499	0.419464111328125		9.8236083984375E-07	1.6302490234375E-06	6.47888183593749E-07	4.12035120689325E-07	426964.90625	1.52563472965994E-06
126	146.797361629372	0.42449951171875		9.80224609374999E-07	1.63177490234375E-06	6.5155029296875E-07	4.16134781744404E-07	433094.625	1.57469935402332E-06
127	146.847361629246	0.429534912109375		9.78698730468749E-07	1.63360595703125E-06	6.54907226562501E-07	4.20325534378208E-07	438821.34375	1.62367246048234E-06
128	146.89736162912	0.4345703125		9.771728515625E-07	1.63543701171875E-06	6.58264160156251E-07	4.24650295371976E-07	444722.0625	1.67256928307324E-06
129	146.947361628994	0.439605712890625		9.7503662109375E-07	1.63848876953125E-06	6.634521484375E-07	4.28661422802179E-07	450892	1.72137447407295E-06
130	146.997361628867	0.44464111328125		9.72900390625001E-07	1.64215087890625E-06	6.69250488281249E-07	4.32621192203442E-07	457057.75	1.77007291313203E-06
131	147.047361628741	0.449676513671875		9.71069335937499E-07	1.646728515625E-06	6.756591796875E-07	4.36726338648441E-07	463136.40625	1.81867210358178E-06
132	147.097361628615	0.4547119140625		9.6893310546875E-07	1.65191650390625E-06	6.82983398437501E-07	4.40526292777577E-07	469228.34375	1.86717215910903E-06
133	147.147361628489	0.459747314453125		9.661865234375E-07	1.65740966796875E-06	6.9122314453125E-07	4.44260592757928E-07	475900.21875	1.91555022865941E-06
134	147.197361628362	0.46478271484375		9.63134765625E-07	1.6644287109375E-06	7.01293945312501E-07	4.47648403678613E-07	482572.875	1.96378323380486E-06
135	147.247361628236	0.469818115234375		9.60693359375001E-07	1.6729736328125E-06	7.12280273437499E-07	4.51292493153232E-07	488977.125	2.01187890525034E-06
136	147.29736162811	0.474853515625		9.57336425781249E-07	1.68243408203125E-06	7.25097656250001E-07	4.54652990811155E-07	496079.0625	2.05982973966456E-06
137	147.347361627984	0.479888916015625		9.53063964843751E-07	1.6937255859375E-06	7.40661621093749E-07	4.57393895203495E-07	503554.28125	2.10758958019142E-06
138	147.397361627857	0.48492431640625		9.4970703125E-07	1.70745849609375E-06	7.5775146484375E-07	4.60536000446155E-07	510604.125	2.15515888157825E-06
139	147.447361627731	0.489959716796875		9.4512939453125E-07	1.722412109375E-06	7.77282714843751E-07	4.63104157688576E-07	518437.1875	2.20252991312009E-06
140	147.497361627605	0.4949951171875		9.3994140625E-07	1.74041748046875E-06	8.00476074218751E-07	4.65237718572098E-07	526590.9375	2.24965651796083E-06
141	147.547361627479	0.500030517578125		9.33837890625E-07	1.7620849609375E-06	8.282470703125E-07	4.66918919528325E-07	535424.875	2.29650117944402E-06
142	147.597361627352	0.50506591796875		9.2681884765625E-07	1.78741455078125E-06	8.60595703125E-07	4.6807630837975E-07	544912.75	2.34301751333987E-06
143	147.647361627226	0.510101318359375		9.1888427734375E-07	1.81640625E-06	8.9752197265625E-07	4.68639939299464E-07	555031.5625	2.3891600449133E-06
144	147.6973616271	0.51513671875		9.08813476562501E-07	1.8511962890625E-06	9.42382812499999E-07	4.68190904712174E-07	566857	2.43485260398302E-06
145	147.747361626974	0.520172119140625		8.96606445312501E-07	1.89361572265625E-06	9.97009277343749E-07	4.66417020561494E-07	580190.625	2.4799880975479E-06
146	147.797361626848	0.52520751953125		8.831787109375E-07	1.94427490234375E-06	1.06109619140625E-06	4.63825131191697E-07	594644.125	2.52448262472171E-06
147	147.847361626721	0.530242919921875		8.66088867187501E-07	2.0037841796875E-06	1.1376953125E-06	4.59237469385698E-07	612226.9375	2.56821431321441E-06
148	147.897361626595	0.5352783203125		8.4564208984375E-07	2.07611083984375E-06	1.23046875E-06	4.52653864613239E-07	632984.5	2.61100763054856E-06
149	147.947361626469	0.540313720703125		8.20312500000001E-07	2.16339111328125E-06	1.34307861328125E-06	4.4322609937808E-07	658668.1875	2.65265657617419E-06
150	147.997361626343	0.54534912109375		7.891845703125E-07	2.266845703125E-06	1.4776611328125E-06	4.30381078331266E-07	691028.625	2.69289398602268E-06
151	148.047361626216	0.550384521484375		7.5042724609375E-07	2.3895263671875E-06	1.63909912109375E-06	4.13023514056476E-07	733428.25	2.73138425654906E-06
152	148.09736162609	0.555419921875		7.0220947265625E-07	2.53509521484375E-06	1.8328857421875E-06	3.89978254133894E-07	790873.5625	2.76770015261718E-06
153	148.147361625964	0.560455322265625		6.451416015625E-07	2.70477294921875E-06	2.05963134765625E-06	3.61573029294959E-07	868732.25	2.80138397101837E-06
154	148.197361625838	0.56549072265625		5.79223632812501E-07	2.90252685546875E-06	2.32330322265625E-06	3.27510235820228E-07	976185.4375	2.83199301520654E-06
155	148.247361625711	0.570526123046875		5.078125E-07	3.1292724609375E-06	2.6214599609375E-06	2.89704786382572E-07	1123437.5	2.85916894426919E-06
156	148.297361625585	0.5755615234375		4.29687500000001E-07	3.38714599609375E-06	2.95745849609375E-06	2.47311589873789E-07	1339488.625	2.8826063953602E-06
157	148.347361625459	0.580596923828125		3.4515380859375E-07	3.67950439453125E-06	3.3343505859375E-06	2.00395234628559E-07	1682139.75	2.90197749563958E-06
158	148.397361625333	0.58563232421875		2.5146484375E-07	4.00726318359375E-06	3.75579833984375E-06	1.47242914749768E-07	2328519.5	2.91689298137499E-06
159	148.447361625206	0.590667724609375		1.483154296875E-07	4.3731689453125E-06	4.224853515625E-06	8.76006041039545E-08	3982304.75	2.92688741865277E-06
160	148.49736162508	0.595703125		3.26538085937494E-08	4.7760009765625E-06	4.74334716796875E-06	1.94479898851796E-08	18239252	2.93141170004674E-06
161	148.547361624954	0.600738525390625		-9.307861328125E-08	5.2215576171875E-06	5.31463623046875E-06	-5.59045467696251E-08	-6452787	2.92990102934709E-06
162	148.597361624828	0.60577392578125		-2.2918701171875E-07	5.70068359375E-06	5.92987060546875E-06	-1.38814527872455E-07	-2642743	2.92184449790511E-06
163	148.647361624701	0.610809326171875		-3.71704101562501E-07	6.2103271484375E-06	6.58203125E-06	-2.27006296427135E-07	-1643021.375	2.90682214654225E-06
164	148.697361624575	0.6158447265625		-5.1727294921875E-07	6.75048828125E-06	7.26776123046875E-06	-3.18512462627041E-07	-1190383.5	2.88459773400973E-06
165	148.747361624449	0.620880126953125		-6.610107421875E-07	7.3089599609375E-06	7.969970703125E-06	-4.10327743338712E-07	-939104.3125	2.85514056486136E-06
166	148.797361624323	0.62591552734375		-7.9498291015625E-07	7.879638671875E-06	8.67462158203125E-06	-4.97495079798682E-07	-787178.5	2.818740767907E-06
167	148.847361624197	0.630950927734375		-9.130859375E-07	8.453369140625E-06	9.366455078125E-06	-5.76056663703639E-07	-690942.5625	2.77603908216406E-06
168	148.89736162407	0.635986328125		-1.00921630859375E-06	9.0240478515625E-06	1.00332641601563E-05	-6.4175532088484E-07	-630087.75	2.72798160949606E-06
169	148.947361623944	0.641021728515625		-1.07421875E-06	9.58251953125E-06	1.065673828125E-05	-6.88531997639075E-07	-596676.125	2.67589553004655E-06
170	148.997361623818	0.64605712890625		-1.10107421875E-06	1.01165771484375E-05	1.12176513671875E-05	-7.11256006979966E-07	-586668.5	2.62151320384874E-06
171	149.047361623692	0.651092529296875		-1.0882568359375E-06	1.06170654296875E-05	1.1705322265625E-05	-7.08456241227395E-07	-598205.3125	2.56678004006972E-06
172	149.097361623565	0.6561279296875		-1.0333251953125E-06	1.10809326171875E-05	1.21142578125E-05	-6.77867319609504E-07	-634849.4375	2.51374058279907E-06
173	149.147361623439	0.661163330078125		-9.33227539062501E-07	1.1492919921875E-05	1.24261474609375E-05	-6.16930378782854E-07	-708371.5	2.46457670982636E-06
174	149.197361623313	0.66619873046875		-7.89489746093749E-07	1.18408203125E-05	1.26303100585938E-05	-5.25884786384267E-07	-843718.625	2.42150872509228E-06
175	149.247361623187	0.671234130859375		-6.06384277343749E-07	1.212158203125E-05	1.27279663085937E-05	-4.07007320291086E-07	-1106894.875	2.3866118681326E-06
176	149.29736162306	0.67626953125		-3.8909912109375E-07	1.23260498046875E-05	1.27151489257813E-05	-2.63112127640852E-07	-1737882.375	2.36172490986064E-06
177	149.347361622934	0.681304931640625		-1.4007568359375E-07	1.24481201171875E-05	1.25881958007813E-05	-9.54086090132478E-08	-4862527	2.34849539992865E-06
178	149.397361622808	0.68634033203125		1.3580322265625E-07	1.24786376953125E-05	1.23428344726563E-05	9.31947923277221E-08	5053258.5	2.34838853430119E-06
179	149.447361622682	0.691375732421875		4.3212890625E-07	1.24237060546875E-05	1.19915771484375E-05	2.98723875857831E-07	1599717.5	2.36258688346425E-06
180	149.497361622555	0.6964111328125		7.427978515625E-07	1.22833251953125E-05	1.154052734375E-05	5.17202010996698E-07	937387	2.39196015172638E-06
181	149.547361622429	0.701446533203125		1.063232421875E-06	1.20513916015625E-05	1.09881591796875E-05	7.45638430998952E-07	659586.6875	2.43711087932752E-06
182	149.597361622303	0.70648193359375		1.38458251953125E-06	1.17523193359375E-05	1.03677368164063E-05	9.78013417807233E-07	510160.9375	2.49830623033631E-06
183	149.647361622177	0.711517333984375		1.710205078125E-06	1.14013671875E-05	9.691162109375E-06	1.21668404062802E-06	415988.59375	2.57567580774776E-06
184	149.69736162205	0.716552734375		2.030029296875E-06	1.10137939453125E-05	8.9837646484375E-06	1.45431329201529E-06	352901.40625	2.66918186753173E-06
185	149.747361621924	0.721588134765625		2.340087890625E-06	1.06048583984375E-05	8.2647705078125E-06	1.68822248269862E-06	308294.21875	2.77843469120853E-06
186	149.797361621798	0.72662353515625		2.63427734375E-06	1.019287109375E-05	7.55859375E-06	1.91372600966133E-06	275776.1875	2.90279376713443E-06
187	149.847361621672	0.731658935546875		2.9058837890625E-06	9.796142578125E-06	6.8902587890625E-06	2.12567238122574E-06	251732.828125	3.04129775940964E-06
188	149.897361621546	0.7366943359375		3.1500244140625E-06	9.429931640625E-06	6.2799072265625E-06	2.32012439482787E-06	233820.96875	3.1926956580719E-06
189	149.947361621419	0.741729736328125		3.36395263671875E-06	9.100341796875E-06	5.73638916015625E-06	2.49463028012542E-06	220448.15625	3.35554500452417E-06
190	149.997361621293	0.74676513671875		3.54461669921875E-06	8.8134765625E-06	5.26885986328125E-06	2.64656341641967E-06	210641.40625	3.52825918525923E-06
191	150.047361621167	0.751800537109375		3.6907958984375E-06	8.5723876953125E-06	4.881591796875E-06	2.77643175650155E-06	203820.078125	3.70914449376869E-06
192	150.097361621041	0.7568359375		3.79302978515625E-06	8.3831787109375E-06	4.59014892578125E-06	2.87185866909567E-06	199613.8125	3.89624028684921E-06
193	150.147361620914	0.761871337890625		3.8616943359375E-06	8.2489013671875E-06	4.38720703125E-06	2.94270330414292E-06	197328.921875	4.0876084312913E-06
194	150.197361620788	0.76690673828125		3.89617919921875E-06	8.1634521484375E-06	4.26727294921875E-06	2.98800591735926E-06	196835.609375	4.28155499321292E-06
195	150.247361620662	0.771942138671875		3.89678955078125E-06	8.1298828125E-06	4.23309326171875E-06	3.00869078273536E-06	198136.109375	4.47637921752175E-06
196	150.297361620536	0.7769775390625		3.86810302734375E-06	8.1451416015625E-06	4.27703857421875E-06	3.00660940411035E-06	200946.75	4.67050176666817E-06
197	150.347361620409	0.782012939453125		3.8134765625E-06	8.2061767578125E-06	4.3927001953125E-06	2.98160603051656E-06	205025.609375	4.86254111820017E-06
198	150.397361620283	0.78704833984375		3.73626708984375E-06	8.306884765625E-06	4.57061767578125E-06	2.94062283501262E-06	210650.984375	5.05128446093295E-06
199	150.447361620157	0.792083740234375		3.6407470703125E-06	8.441162109375E-06	4.8004150390625E-06	2.88322098640492E-06	217518.859375	5.23570997756906E-06
200	150.497361620031	0.797119140625		3.531494140625E-06	8.6029052734375E-06	5.0714111328125E-06	2.8150213893241E-06	225717.25	5.41501594852889E-06
201	150.547361619904	0.802154541015625		3.41339111328125E-06	8.782958984375E-06	5.36956787109375E-06	2.73650448434637E-06	234868.140625	5.58863803234999E-06
202	150.597361619778	0.80718994140625		3.29376220703125E-06	8.9691162109375E-06	5.67535400390625E-06	2.66170718532521E-06	245344.21875	5.75631702304236E-06
203	150.647361619652	0.812225341796875		3.179931640625E-06	9.1583251953125E-06	5.9783935546875E-06	2.58330624092196E-06	255470.25	5.91815933148609E-06
204	150.697361619526	0.8172607421875		3.07891845703125E-06	9.3353271484375E-06	6.25640869140625E-06	2.51627898251172E-06	265437.625	6.07463061896851E-06
205	150.747361619399	0.822296142578125		2.99896240234375E-06	9.4940185546875E-06	6.49505615234375E-06	2.46649278778932E-06	274244.4375	6.22657762505696E-06
206	150.797361619273	0.82733154296875		2.943115234375E-06	9.625244140625E-06	6.68212890625E-06	2.43583008341375E-06	281211.125	6.37512948742369E-06
207	150.847361619147	0.832366943359375		2.9150390625E-06	9.7198486328125E-06	6.8048095703125E-06	2.42860619437124E-06	285804.03125	6.52158360026078E-06
208	150.897361619021	0.83740234375		2.9180908203125E-06	9.77783203125E-06	6.8597412109375E-06	2.44272564486891E-06	286864.6875	6.6674115259957E-06
209	150.947361618895	0.842437744140625		2.95013427734375E-06	9.7869873046875E-06	6.83685302734375E-06	2.4866546937119E-06	285714.3125	6.81411711411783E-06
210	150.997361618768	0.84747314453125		3.0133056640625E-06	9.7564697265625E-06	6.7431640625E-06	2.55369559454266E-06	281243.6875	6.96320330462186E-06
211	151.047361618642	0.852508544921875		3.10211181640625E-06	9.6832275390625E-06	6.58111572265625E-06	2.64410346062505E-06	274766.34375	7.11608890924254E-06
212	151.097361618516	0.8575439453125		3.2147216796875E-06	9.5672607421875E-06	6.3525390625E-06	2.75774618785363E-06	266850.21875	7.27400947653223E-06
213	151.14736161839	0.862579345703125		3.34869384765625E-06	9.4207763671875E-06	6.07208251953125E-06	2.88902515421796E-06	257632.375	7.43809505365789E-06
214	151.197361618263	0.86761474609375		3.49334716796875E-06	9.246826171875E-06	5.75347900390625E-06	3.03087949760084E-06	248362.015625	7.60914599595708E-06
215	151.247361618137	0.872650146484375		3.6474609375E-06	9.0576171875E-06	5.41015625E-06	3.18351362693647E-06	239290.515625	7.78766570874723E-06
216	151.297361618011	0.877685546875		3.80340576171875E-06	8.8623046875E-06	5.05889892578125E-06	3.3381941193511E-06	230763.0625	7.97393749962794E-06
217	151.347361617885	0.882720947265625		3.95599365234375E-06	8.6639404296875E-06	4.70794677734375E-06	3.49384936271235E-06	223250.796875	8.16792271507438E-06
218	151.397361617758	0.88775634765625		4.09912109375E-06	8.4808349609375E-06	4.3817138671875E-06	3.63776962331031E-06	216497.9375	8.36930030345684E-06
219	151.447361617632	0.892791748046875		4.2279052734375E-06	8.3099365234375E-06	4.08203125E-06	3.77399373974185E-06	211130.359375	8.57747636473505E-06
220	151.497361617506	0.8978271484375		4.339599609375E-06	8.160400390625E-06	3.82080078125E-06	3.89356137020513E-06	206751.0625	8.79166418599198E-06
221	151.54736161738	0.902862548828125		4.43145751953125E-06	8.0352783203125E-06	3.60382080078125E-06	4.00167300540488E-06	203773.84375	9.01094063010532E-06
222	151.597361617253	0.90789794921875		4.5001220703125E-06	7.9437255859375E-06	3.443603515625E-06	4.08565165344044E-06	201749.625	9.23422976484289E-06
223	151.647361617127	0.912933349609375		4.544677734375E-06	7.8887939453125E-06	3.3441162109375E-06	4.1496814446873E-06	200913.25	9.46035015658708E-06
224	151.697361617001	0.91796875		4.5654296875E-06	7.8704833984375E-06	3.3050537109375E-06	4.19231491832761E-06	201136.359375	9.68810218182625E-06
225	151.747361616875	0.923004150390625		4.56298828125E-06	7.891845703125E-06	3.328857421875E-06	4.21374579673284E-06	202380.953125	9.91631259239512E-06
226	151.797361616749	0.92803955078125		4.5367431640625E-06	7.952880859375E-06	3.4161376953125E-06	4.20750757257338E-06	204426.21875	1.0143806321139E-05
227	151.847361616622	0.933074951171875		4.48822021484375E-06	8.056640625E-06	3.56842041015625E-06	4.18853051087353E-06	207928.203125	1.0369430128776E-05
228	151.897361616496	0.9381103515625		4.4219970703125E-06	8.197021484375E-06	3.7750244140625E-06	4.15102022088831E-06	212284.34375	1.05921853901236E-05
229	151.94736161637	0.943145751953125		4.334716796875E-06	8.3770751953125E-06	4.0423583984375E-06	4.08893129133503E-06	217614.75	1.08111034933245E-05
230	151.997361616244	0.94818115234375		4.23095703125E-06	8.587646484375E-06	4.356689453125E-06	4.01171382691246E-06	224105.59375	1.10252449303516E-05
231	152.047361616117	0.953216552734375		4.1131591796875E-06	8.8287353515625E-06	4.715576171875E-06	3.92010360883432E-06	231710.953125	1.12338484541397E-05
232	152.097361615991	0.958251953125		3.9849853515625E-06	9.0850830078125E-06	5.10009765625E-06	3.81983591069002E-06	240542.203125	1.14363019747543E-05
233	152.147361615865	0.963287353515625		3.85162353515625E-06	9.356689453125E-06	5.50506591796875E-06	3.71080818695191E-06	250138.65625	1.16322171379579E-05
234	152.197361615739	0.96832275390625		3.71856689453125E-06	9.63134765625E-06	5.91278076171875E-06	3.59850332642964E-06	260238	1.18214720714604E-05
235	152.247361615612	0.973358154296875		3.59649658203125E-06	9.89990234375E-06	6.30340576171875E-06	3.50122809322784E-06	270683.0625	1.20043487186194E-05
236	152.297361615486	0.9783935546875		3.4912109375E-06	1.0150146484375E-05	6.658935546875E-06	3.41577833751217E-06	280244.75	1.21815410238924E-05
237	152.34736161536	0.983428955078125		3.4100341796875E-06	1.03790283203125E-05	6.968994140625E-06	3.354046612003E-06	288437.4375	1.23540721688187E-05
238	152.397361615234	0.98846435546875		3.35693359375E-06	1.05712890625E-05	7.21435546875E-06	3.31820911014802E-06	294454.5625	1.25232463688008E-05
239	152.447361615107	0.993499755859375		3.33587646484375E-06	1.07208251953125E-05	7.38494873046875E-06	3.31470118908328E-06	297868.46875	1.26905670185806E-05
240	152.497361614981	0.99853515625		3.34747314453125E-06	1.0821533203125E-05	7.47406005859375E-06	3.34359106091142E-06	298386.375	1.28576502902433E-05
241	152.547361614855	1.00357055664063		3.392333984375E-06	1.0870361328125E-05	7.47802734375E-06	3.40496399076073E-06	295879.8125	1.30261460071779E-05
242	152.597361614729	1.00860595703125		3.46923828125E-06	1.08673095703125E-05	7.3980712890625E-06	3.49909441865748E-06	290728.375	1.31976848933846E-05
243	152.647361614602	1.01364135742188		3.5748291015625E-06	1.08062744140625E-05	7.2314453125E-06	3.62304899681476E-06	283506.9375	1.33737867145101E-05
244	152.697361614476	1.0186767578125		3.71002197265625E-06	1.0693359375E-05	6.98333740234375E-06	3.78044524040888E-06	274656.59375	1.35559075715719E-05
245	152.74736161435	1.02371215820313		3.8653564453125E-06	1.053466796875E-05	6.6693115234375E-06	3.95642246076022E-06	264803.4375	1.37452925628168E-05
246	152.797361614224	1.02874755859375		4.0380859375E-06	1.0333251953125E-05	6.295166015625E-06	4.15417116528261E-06	254761.1875	1.39428784677875E-05
247	152.847361614098	1.03378295898438		4.22271728515625E-06	1.0101318359375E-05	5.87860107421875E-06	4.36343998444499E-06	244706.234375	1.41493983392138E-05
248	152.897361613971	1.038818359375		4.415283203125E-06	9.844970703125E-06	5.4296875E-06	4.58532940683654E-06	235208.75	1.43653487612028E-05
249	152.947361613845	1.04385375976563		4.6051025390625E-06	9.576416015625E-06	4.9713134765625E-06	4.80775588584947E-06	226706.4375	1.45908579725074E-05
250	152.997361613719	1.04888916015625		4.791259765625E-06	9.3048095703125E-06	4.5135498046875E-06	5.02696229887079E-06	218980.90625	1.48257668115548E-05
251	153.047361613593	1.05392456054688		4.9713134765625E-06	9.0362548828125E-06	4.06494140625E-06	5.24014785696636E-06	212031.921875	1.5069831533765E-05
252	153.097361613466	1.0589599609375		5.13916015625E-06	8.77685546875E-06	3.6376953125E-06	5.44216436537681E-06	206057.015625	1.53225937538082E-05
253	153.14736161334	1.06399536132813		5.2886962890625E-06	8.5296630859375E-06	3.240966796875E-06	5.62634113521199E-06	201154.078125	1.5583289496135E-05
254	153.197361613214	1.06903076171875		5.4168701171875E-06	8.294677734375E-06	2.8778076171875E-06	5.7891475080396E-06	197295.78125	1.58509283210151E-05
255	153.247361613088	1.07406616210938		5.5267333984375E-06	8.0780029296875E-06	2.55126953125E-06	5.93523373026983E-06	194312.53125	1.61245188792236E-05
256	153.297361612961	1.0791015625		5.615234375E-06	7.8765869140625E-06	2.2613525390625E-06	6.05940840614494E-06	192173.90625	1.64030680025462E-05
257	153.347361612835	1.08413696289063		5.6854248046875E-06	7.6934814453125E-06	2.008056640625E-06	6.16464649283444E-06	190713.90625	1.66855843417579E-05
258	153.397361612709	1.08917236328125		5.7403564453125E-06	7.525634765625E-06	1.7852783203125E-06	6.25048551228247E-06	189686.34375	1.69712293427438E-05
259	153.447361612583	1.09420776367188		5.7769775390625E-06	7.373046875E-06	1.5960693359375E-06	6.32209503237391E-06	189434.765625	1.72591626323992E-05
260	153.497361612456	1.0992431640625		5.8013916015625E-06	7.2357177734375E-06	1.434326171875E-06	6.37713992546196E-06	189479.21875	1.75486220541643E-05
261	153.54736161233	1.10427856445313		5.8135986328125E-06	7.1136474609375E-06	1.300048828125E-06	6.42249324300792E-06	190026.25	1.78389964275993E-05
262	153.597361612204	1.10931396484375		5.816650390625E-06	7.000732421875E-06	1.18408203125E-06	6.45071622784599E-06	190661.078125	1.81297527888091E-05
263	153.647361612078	1.11434936523438		5.810546875E-06	6.9000244140625E-06	1.0894775390625E-06	6.47586557533941E-06	191806.734375	1.8420432752464E-05
264	153.697361611951	1.119384765625		5.79833984375E-06	6.8084716796875E-06	1.0101318359375E-06	6.48880359221948E-06	193000	1.87106543307891E-05
265	153.747361611825	1.12442016601563		5.7830810546875E-06	6.72607421875E-06	9.429931640625E-07	6.50349511488457E-06	194459.109375	1.90001901501091E-05
266	153.797361611699	1.12945556640625		5.76171875E-06	6.6497802734375E-06	8.880615234375E-07	6.50760512144188E-06	196027.546875	1.92888110177591E-05
267	153.847361611573	1.13449096679688		5.7373046875E-06	6.5826416015625E-06	8.453369140625E-07	6.5097956394311E-06	197765.96875	1.95762859220849E-05
268	153.897361611447	1.1395263671875		5.712890625E-06	6.5216064453125E-06	8.087158203125E-07	6.50998936180258E-06	199465.8125	1.98625402845209E-05
269	153.94736161132	1.14456176757813		5.6854248046875E-06	6.463623046875E-06	7.781982421875E-07	6.50818719805102E-06	201341.921875	2.01474977075122E-05
270	153.997361611194	1.14959716796875		5.657958984375E-06	6.4117431640625E-06	7.537841796875E-07	6.50609990771045E-06	203236.25	2.04310836124932E-05
271	154.047361611068	1.15463256835938		5.6304931640625E-06	6.365966796875E-06	7.354736328125E-07	6.50200991003658E-06	205094.859375	2.07132943614852E-05
272	154.097361610942	1.15966796875		5.60302734375E-06	6.3232421875E-06	7.2021484375E-07	6.49936100671766E-06	207026.15625	2.09941317734774E-05
273	154.147361610815	1.16470336914063		5.5755615234375E-06	6.2835693359375E-06	7.080078125E-07	6.49302410238306E-06	208867	2.12735976674594E-05
274	154.197361610689	1.16973876953125		5.548095703125E-06	6.243896484375E-06	6.9580078125E-07	6.48812920189812E-06	210781.09375	2.15516884054523E-05
275	154.247361610563	1.17477416992188		5.5206298828125E-06	6.2103271484375E-06	6.89697265625E-07	6.48633567834622E-06	212824.78125	2.18284058064455E-05
276	154.297361610437	1.1798095703125		5.4962158203125E-06	6.1798095703125E-06	6.8359375E-07	6.48448758511222E-06	214658.53125	2.21038280869834E-05
277	154.34736161031	1.18484497070313		5.46875E-06	6.1492919921875E-06	6.805419921875E-07	6.48045534035191E-06	216685.28125	2.23779516090872E-05
278	154.397361610184	1.18988037109375		5.4443359375E-06	6.1248779296875E-06	6.805419921875E-07	6.47644674245385E-06	218497.765625	2.26507781917462E-05
279	154.447361610058	1.19491577148438		5.419921875E-06	6.1004638671875E-06	6.805419921875E-07	6.47552315058419E-06	220439.1875	2.29223860515049E-05
280	154.497361609932	1.199951171875		5.3985595703125E-06	6.0760498046875E-06	6.77490234375E-07	6.4796554397617E-06	222329	2.31928479479393E-05
281	154.547361609805	1.20498657226563		5.3741455078125E-06	6.0546875E-06	6.805419921875E-07	6.47495335215353E-06	224190.796875	2.34621657000389E-05
282	154.597361609679	1.21002197265625		5.352783203125E-06	6.0333251953125E-06	6.805419921875E-07	6.47535125608556E-06	225997.734375	2.37303374888143E-05
283	154.647361609553	1.21505737304688		5.3314208984375E-06	6.0150146484375E-06	6.83593749999999E-07	6.4771684264997E-06	227876.375	2.39974433497991E-05
284	154.697361609427	1.2200927734375		5.3131103515625E-06	5.999755859375E-06	6.866455078125E-07	6.48410878056893E-06	229695.578125	2.42635560425697E-05
285	154.7473616093	1.22512817382813		5.2947998046875E-06	5.9844970703125E-06	6.89697265624999E-07	6.48923241897137E-06	231469.734375	2.45287537836703E-05
286	154.797361609174	1.23016357421875		5.2764892578125E-06	5.96923828125E-06	6.927490234375E-07	6.48933428237797E-06	233082.71875	2.47930365731008E-05
287	154.847361609048	1.23519897460938		5.2581787109375E-06	5.9539794921875E-06	6.9580078125E-07	6.49409457764705E-06	234881.03125	2.5056402591872E-05
288	154.897361608922	1.240234375		5.242919921875E-06	5.9417724609375E-06	6.988525390625E-07	6.5040494519053E-06	236612.34375	2.53189300565282E-05
289	154.947361608796	1.24526977539063		5.2276611328125E-06	5.9295654296875E-06	7.01904296875E-07	6.51064601697726E-06	238237.015625	2.55806953646243E-05
290	154.997361608669	1.25030517578125		5.21240234375E-06	5.92041015625E-06	7.080078125E-07	6.51550271868473E-06	239812.640625	2.58416966971708E-05
291	155.047361608543	1.25534057617188		5.1971435546875E-06	5.9112548828125E-06	7.14111328125E-07	6.52656399324769E-06	241632.421875	2.61019358731573E-05
292	155.097361608417	1.2603759765625		5.1849365234375E-06	5.902099609375E-06	7.17163085937501E-07	6.53496954328148E-06	243084.171875	2.63614874711493E-05
293	155.147361608291	1.26541137695313		5.1727294921875E-06	5.89599609375E-06	7.232666015625E-07	6.54799850963173E-06	244719.78125	2.66204297076911E-05
294	155.197361608164	1.27044677734375		5.1605224609375E-06	5.889892578125E-06	7.293701171875E-07	6.55616941003245E-06	246185.6875	2.68787607637933E-05
295	155.247361608038	1.27548217773438		5.1483154296875E-06	5.8837890625E-06	7.35473632812499E-07	6.56579868518747E-06	247717.84375	2.71364806394558E-05
296	155.297361607912	1.280517578125		5.13916015625E-06	5.8807373046875E-06	7.415771484375E-07	6.58078442938859E-06	249168.65625	2.73936675512232E-05
297	155.347361607786	1.28555297851563		5.1300048828125E-06	5.877685546875E-06	7.47680664062501E-07	6.59411034575896E-06	250565.140625	2.76503978966502E-05
298	155.397361607659	1.29058837890625		5.120849609375E-06	5.877685546875E-06	7.56835937500001E-07	6.60890873405151E-06	252026.234375	2.79066680377582E-05
299	155.447361607533	1.29562377929688		5.1116943359375E-06	5.877685546875E-06	7.659912109375E-07	6.62205229673418E-06	253432.859375	2.81624816125259E-05
300	155.497361607407	1.3006591796875		5.1055908203125E-06	5.877685546875E-06	7.72094726562501E-07	6.64374965708703E-06	254871.484375	2.84179150185082E-05
301	155.547361607281	1.30569458007813		5.0994873046875E-06	5.877685546875E-06	7.78198242187501E-07	6.65759489493212E-06	256014.359375	2.86730410152813E-05
302	155.597361607154	1.31072998046875		5.0933837890625E-06	5.8807373046875E-06	7.87353515625E-07	6.67449603497516E-06	257279.8125	2.89278632408241E-05
303	155.647361607028	1.31576538085938		5.0872802734375E-06	5.8868408203125E-06	7.99560546875E-07	6.69289056531852E-06	258608.296875	2.9182379876147E-05
304	155.697361606902	1.32080078125		5.084228515625E-06	5.889892578125E-06	8.056640625E-07	6.71525276629836E-06	259783.9375	2.94366673188051E-05
305	155.747361606776	1.32583618164063		5.078125E-06	5.89599609375E-06	8.1787109375E-07	6.73353679303546E-06	261117.78125	2.96907255687984E-05
306	155.797361606649	1.33087158203125		5.0750732421875E-06	5.902099609375E-06	8.270263671875E-07	6.752722129022E-06	262176.78125	2.99445564451162E-05
307	155.847361606523	1.33590698242188		5.0750732421875E-06	5.9112548828125E-06	8.36181640625E-07	6.77905154589098E-06	263199.03125	3.0198310923879E-05
308	155.897361606397	1.3409423828125		5.072021484375E-06	5.9173583984375E-06	8.453369140625E-07	6.79974073136691E-06	264320.09375	3.04519871860975E-05
309	155.947361606271	1.34597778320313		5.072021484375E-06	5.926513671875E-06	8.544921875E-07	6.82760219206102E-06	265403.125	3.07055888697505E-05
310	155.997361606145	1.35101318359375		5.072021484375E-06	5.9356689453125E-06	8.636474609375E-07	6.8523677327903E-06	266365.84375	3.09591887344141E-05
311	156.047361606018	1.35604858398438		5.072021484375E-06	5.9478759765625E-06	8.758544921875E-07	6.88022919348441E-06	267448.875	3.12127922370564E-05
312	156.097361605892	1.361083984375		5.072021484375E-06	5.95703125E-06	8.85009765625E-07	6.9018992689962E-06	268291.21875	3.146639210172E-05
313	156.147361605766	1.36611938476563		5.072021484375E-06	5.96923828125E-06	8.97216796874999E-07	6.92976072969032E-06	269374.25	3.17199919663835E-05
314	156.19736160564	1.37115478515625		5.0750732421875E-06	5.9814453125E-06	9.063720703125E-07	6.96025972501957E-06	270234.53125	3.19736718665808E-05
315	156.247361605513	1.37619018554688		5.078125E-06	5.9967041015625E-06	9.185791015625E-07	6.98769099471974E-06	270973.5625	3.22275009239092E-05
316	156.297361605387	1.3812255859375		5.0811767578125E-06	6.0089111328125E-06	9.27734375E-07	7.01825138094136E-06	271831.84375	3.24814827763475E-05
317	156.347361605261	1.38626098632813		5.084228515625E-06	6.024169921875E-06	9.39941406250001E-07	7.04573994880775E-06	272569.03125	3.27356174238957E-05
318	156.397361605135	1.39129638671875		5.09033203125E-06	6.0394287109375E-06	9.49096679687501E-07	7.08371362634352E-06	273381.3125	3.29899812641088E-05
319	156.447361605008	1.39633178710938		5.0933837890625E-06	6.0546875E-06	9.613037109375E-07	7.11438497091876E-06	274236.09375	3.32445742969867E-05
320	156.497361604882	1.4013671875		5.096435546875E-06	6.072998046875E-06	9.765625E-07	7.14197722118115E-06	274970.0625	3.34993201249745E-05
321	156.547361604756	1.40640258789063		5.1025390625E-06	6.09130859375E-06	9.8876953125E-07	7.17544571671169E-06	275598.09375	3.37542951456271E-05
322	156.59736160463	1.41143798828125		5.1055908203125E-06	6.109619140625E-06	1.0040283203125E-06	7.20778280083323E-06	276509.25	3.40094993589446E-05
323	156.647361604503	1.41647338867188		5.1116943359375E-06	6.1279296875E-06	1.0162353515625E-06	7.23979837857769E-06	277074.65625	3.42649291269481E-05
324	156.697361604377	1.4215087890625		5.1177978515625E-06	6.15234375E-06	1.0345458984375E-06	7.27187079974101E-06	277638.65625	3.45206681231502E-05
325	156.747361604251	1.42654418945313		5.1239013671875E-06	6.1737060546875E-06	1.0498046875E-06	7.30712599761318E-06	278320.4375	3.47767090715934E-05
326	156.797361604125	1.43157958984375		5.1300048828125E-06	6.1981201171875E-06	1.068115234375E-06	7.34401010049623E-06	279060.09375	3.50330556102563E-05
327	156.847361603998	1.43661499023438		5.1361083984375E-06	6.2255859375E-06	1.0894775390625E-06	7.38096150598722E-06	279797.96875	3.52897113771178E-05
328	156.897361603872	1.441650390625		5.1422119140625E-06	6.256103515625E-06	1.1138916015625E-06	7.41170197215979E-06	280296.75	3.55466690962203E-05
329	156.947361603746	1.44668579101563		5.1513671875E-06	6.2896728515625E-06	1.1383056640625E-06	7.45162333259941E-06	280805.6875	3.58040088030975E-05
330	156.99736160362	1.45172119140625		5.157470703125E-06	6.3262939453125E-06	1.1688232421875E-06	7.48720958654303E-06	281479.28125	3.60617268597707E-05
331	157.047361603494	1.45675659179688		5.1666259765625E-06	6.3690185546875E-06	1.202392578125E-06	7.52730420572334E-06	281984.65625	3.63198305421975E-05
332	157.097361603367	1.4617919921875		5.1788330078125E-06	6.414794921875E-06	1.2359619140625E-06	7.57195675760158E-06	282321.75	3.65784690075088E-05
333	157.147361603241	1.46682739257813		5.1910400390625E-06	6.4666748046875E-06	1.275634765625E-06	7.6135670497024E-06	282539.6875	3.6837715015281E-05
334	157.197361603115	1.47186279296875		5.206298828125E-06	6.524658203125E-06	1.318359375E-06	7.66295761422953E-06	282708.09375	3.70976486010477E-05
335	157.247361602989	1.47689819335938		5.2215576171875E-06	6.5887451171875E-06	1.3671875E-06	7.71091163187521E-06	282817.09375	3.73583425243851E-05
336	157.297361602862	1.48193359375		5.2398681640625E-06	6.658935546875E-06	1.4190673828125E-06	7.76673550717533E-06	282877.125	3.76198804588057E-05
337	157.347361602736	1.48696899414063		5.2642822265625E-06	6.73828125E-06	1.4739990234375E-06	7.82702136348234E-06	282434.78125	3.78824843210168E-05
338	157.39736160261	1.49200439453125		5.2886962890625E-06	6.82373046875E-06	1.5350341796875E-06	7.89075784268789E-06	282111.9375	3.81463069061283E-05
339	157.447361602484	1.49703979492188		5.3192138671875E-06	6.915283203125E-06	1.5960693359375E-06	7.96388667367864E-06	281468.71875	3.84115046472289E-05
340	157.497361602357	1.5020751953125		5.3497314453125E-06	7.0098876953125E-06	1.66015625E-06	8.03406601335155E-06	280718.75	3.86782303394284E-05
