Index	Forward.Time (s)	Potential applied (V)	WE(1).Forward.Potential (V)	WE(1).Forward.Current (A)	WE(1).Backward.Current (A)	WE(1).δ.Current (A)	WE(1).Forward.Power (W)	WE(1).Forward.Resistance (Ω)	WE(1).Forward.Charge (C)
1	242.278319388306	1.50001525878906	1.44866943359375	2.32849121093751E-07	2.50091552734375E-06	-2.26806640625E-06	3.37321409915603E-07	6221494	0
2	242.32831938818	1.49497985839844	1.44378662109375	-1.2481689453125E-07	2.4078369140625E-06	-2.53265380859375E-06	-1.80208957090144E-07	-11567237	2.70080557918106E-09
3	242.378319388054	1.48994445800781	1.43829345703125	-1.5289306640625E-07	2.33612060546875E-06	-2.489013671875E-06	-2.19905089693384E-07	-9407186	-4.24194324111227E-09
4	242.428319387927	1.48490905761719	1.43280029296875	-1.67236328125001E-07	2.26470947265625E-06	-2.43194580078125E-06	-2.3961624151525E-07	-8567519	-1.22451782047506E-08
5	242.478319387801	1.47987365722656	1.42852783203125	-1.812744140625E-07	2.19757080078125E-06	-2.37884521484375E-06	-2.58955537901784E-07	-7880471.5	-2.0957946489375E-08
6	242.528319387675	1.47483825683594	1.42303466796875	-1.9866943359375E-07	2.1307373046875E-06	-2.32940673828125E-06	-2.82713472188334E-07	-7162826.5	-3.04565439535054E-08
7	242.578319387549	1.46980285644531	1.41815185546875	-2.18505859375E-07	2.06756591796875E-06	-2.28607177734375E-06	-3.09874479853534E-07	-6490223.5	-4.08859257561289E-08
8	242.628319387422	1.46476745605469	1.41357421875	-2.32849121093751E-07	2.00927734375E-06	-2.24212646484375E-06	-3.29149514755045E-07	-6070773.5	-5.21697991473502E-08
9	242.678319387296	1.45973205566406	1.4080810546875	-2.51159667968751E-07	1.9549560546875E-06	-2.20611572265625E-06	-3.53653149431921E-07	-5606318.5	-6.42700186403999E-08
10	242.72831938717	1.45469665527344	1.40289306640625	-2.667236328125E-07	1.9024658203125E-06	-2.169189453125E-06	-3.7418470810735E-07	-5259725.5	-7.7217102045779E-08
11	242.778319387044	1.44966125488281	1.39862060546875	-2.850341796875E-07	1.85577392578125E-06	-2.14080810546875E-06	-3.98654663058551E-07	-4906852.5	-9.10110458107738E-08
12	242.828319386917	1.44462585449219	1.392822265625	-3.01513671875001E-07	1.80999755859375E-06	-2.11151123046875E-06	-4.19954943708944E-07	-4619433.5	-1.0567474362233E-07
13	242.878319386791	1.43959045410156	1.38824462890625	-3.204345703125E-07	1.768798828125E-06	-2.0892333984375E-06	-4.44841560920395E-07	-4332381	-1.21223450832986E-07
14	242.928319386665	1.43455505371094	1.3824462890625	-3.3599853515625E-07	1.73004150390625E-06	-2.0660400390625E-06	-4.64499919416994E-07	-4114441.5	-1.37634273755793E-07
15	242.978319386539	1.42951965332031	1.378173828125	-3.521728515625E-07	1.69281005859375E-06	-2.04498291015625E-06	-4.85355371893093E-07	-3913345	-1.54838559751624E-07
16	243.028319386412	1.42448425292969	1.37298583984375	-3.6773681640625E-07	1.66107177734375E-06	-2.02880859375E-06	-5.04897457176412E-07	-3733610	-1.72836294609624E-07
17	243.078319386286	1.41944885253906	1.36810302734375	-3.85437011718751E-07	1.63116455078125E-06	-2.0166015625E-06	-5.27317524756654E-07	-3549485.5	-1.91665648685557E-07
18	243.12831938616	1.41441345214844	1.3629150390625	-4.010009765625E-07	1.605224609375E-06	-2.0062255859375E-06	-5.46530259271094E-07	-3398782.5	-2.11326593557715E-07
19	243.178319386034	1.40937805175781	1.35772705078125	-4.168701171875E-07	1.5777587890625E-06	-1.99462890625E-06	-5.65995833312627E-07	-3256954.75	-2.31773370273913E-07
20	243.228319385908	1.40434265136719	1.35284423828125	-4.315185546875E-07	1.55609130859375E-06	-1.98760986328125E-06	-5.83777364226989E-07	-3135077.75	-2.52983085147207E-07
21	243.278319385781	1.39930725097656	1.34765625	-4.5013427734375E-07	1.53228759765625E-06	-1.982421875E-06	-6.06626258559118E-07	-2993898.25	-2.7502440502758E-07
22	243.328319385655	1.39427185058594	1.3427734375	-4.66308593750001E-07	1.51275634765625E-06	-1.97906494140625E-06	-6.26146800186689E-07	-2879581.25	-2.97935486059941E-07
23	243.378319385529	1.38923645019531	1.337890625	-4.82788085937499E-07	1.4947509765625E-06	-1.9775390625E-06	-6.45917680230923E-07	-2771175.75	-3.21662895430563E-07
24	243.428319385403	1.38420104980469	1.3323974609375	-4.9896240234375E-07	1.47674560546875E-06	-1.9757080078125E-06	-6.648161843259E-07	-2670336.5	-3.46206661561155E-07
25	243.478319385276	1.37916564941406	1.32781982421875	-5.1544189453125E-07	1.46240234375E-06	-1.97784423828125E-06	-6.84413919316285E-07	-2576080.75	-3.71566756030006E-07
26	243.52831938515	1.37413024902344	1.32293701171875	-5.3070068359375E-07	1.44775390625E-06	-1.97845458984375E-06	-7.02083582382329E-07	-2492812	-3.97720327782736E-07
27	243.578319385024	1.36909484863281	1.31744384765625	-5.4656982421875E-07	1.43463134765625E-06	-1.981201171875E-06	-7.20075036042545E-07	-2410385.25	-4.2465208593967E-07
28	243.628319384898	1.36405944824219	1.31195068359375	-5.60302734375E-07	1.4227294921875E-06	-1.9830322265625E-06	-7.35089543013601E-07	-2341503.25	-4.52323916988462E-07
29	243.678319384771	1.35902404785156	1.30828857421875	-5.7586669921875E-07	1.4111328125E-06	-1.98699951171875E-06	-7.53399831410206E-07	-2271860	-4.80728147067566E-07
30	243.728319384645	1.35398864746094	1.30279541015625	-5.938720703125E-07	1.40167236328125E-06	-1.99554443359375E-06	-7.73693784594798E-07	-2193730.75	-5.09971584961022E-07
31	243.778319384519	1.34895324707031	1.297607421875	-6.09130859375E-07	1.39190673828125E-06	-2.00103759765625E-06	-7.90412684636976E-07	-2130260.5	-5.4004669891583E-07
32	243.828319384393	1.34391784667969	1.29241943359375	-6.2408447265625E-07	1.3818359375E-06	-2.00592041015625E-06	-8.06578896117571E-07	-2070904.625	-5.70877091377042E-07
33	243.878319384266	1.33888244628906	1.28753662109375	-6.41784667968751E-07	1.37298583984375E-06	-2.0147705078125E-06	-8.26321240765537E-07	-2006181.75	-6.02523812176514E-07
34	243.92831938414	1.33384704589844	1.2823486328125	-6.5582275390625E-07	1.36627197265625E-06	-2.0220947265625E-06	-8.40993436668214E-07	-1955328	-6.34963953416445E-07
35	243.978319384014	1.32881164550781	1.27685546875	-6.7291259765625E-07	1.356201171875E-06	-2.02911376953125E-06	-8.59212093473616E-07	-1897505.75	-6.68182337904E-07
36	244.028319383888	1.32377624511719	1.27227783203125	-6.866455078125E-07	1.34979248046875E-06	-2.03643798828125E-06	-8.73603823947633E-07	-1852889	-7.02171291777631E-07
37	244.078319383761	1.31874084472656	1.26708984375	-7.037353515625E-07	1.3421630859375E-06	-2.0458984375E-06	-8.91695890459232E-07	-1800520.375	-7.3693081503734E-07
38	244.128319383635	1.31370544433594	1.26190185546875	-7.1868896484375E-07	1.3360595703125E-06	-2.05474853515625E-06	-9.06914920051349E-07	-1755838.625	-7.72491432599054E-07
39	244.178319383509	1.30867004394531	1.25762939453125	-7.354736328125E-07	1.33087158203125E-06	-2.06634521484375E-06	-9.24953269532125E-07	-1709958.5	-8.08845527444646E-07
40	244.228319383383	1.30363464355469	1.25213623046875	-7.476806640625E-07	1.32537841796875E-06	-2.07305908203125E-06	-9.3619803465117E-07	-1674693.875	-8.45924375880713E-07
41	244.278319383257	1.29859924316406	1.24725341796875	-7.63549804687499E-07	1.3189697265625E-06	-2.08251953125E-06	-9.52340087678749E-07	-1633493.25	-8.83705126852874E-07
42	244.32831938313	1.29356384277344	1.2420654296875	-7.781982421875E-07	1.3134765625E-06	-2.0916748046875E-06	-9.66573111327307E-07	-1596078.5	-9.22248830192984E-07
43	244.378319383004	1.28852844238281	1.23687744140625	-7.904052734375E-07	1.30950927734375E-06	-2.09991455078125E-06	-9.77634385890269E-07	-1564864.875	-9.6146391115326E-07
44	244.428319382878	1.28349304199219	1.2322998046875	-8.04443359375E-07	1.304931640625E-06	-2.109375E-06	-9.91315346254851E-07	-1531866.5	-1.00133513569745E-06
45	244.478319382752	1.27845764160156	1.226806640625	-8.2061767578125E-07	1.29974365234375E-06	-2.120361328125E-06	-1.0067391258417E-06	-1494979.625	-1.04196169559145E-06
46	244.528319382625	1.27342224121094	1.22222900390625	-8.32214355468749E-07	1.29425048828125E-06	-2.12646484375E-06	-1.01715647815581E-06	-1468647	-1.08328242731659E-06
47	244.578319382499	1.26838684082031	1.217041015625	-8.4503173828125E-07	1.2896728515625E-06	-2.13470458984375E-06	-1.02843819149712E-06	-1440231.125	-1.12521354367345E-06
48	244.628319382373	1.26335144042969	1.21246337890625	-8.55712890625E-07	1.28509521484375E-06	-2.14080810546875E-06	-1.03752051927586E-06	-1416904.5	-1.16773219360766E-06
49	244.678319382247	1.25831604003906	1.207275390625	-8.70361328124999E-07	1.2799072265625E-06	-2.1502685546875E-06	-1.05076583167829E-06	-1387096.75	-1.21088407922798E-06
50	244.72831938212	1.25328063964844	1.2017822265625	-8.8165283203125E-07	1.27349853515625E-06	-2.1551513671875E-06	-1.05955462004204E-06	-1363101.5	-1.25468443457066E-06
51	244.778319381994	1.24824523925781	1.1968994140625	-8.929443359375E-07	1.26708984375E-06	-2.1600341796875E-06	-1.0687645044527E-06	-1340396.5	-1.29904935874947E-06
52	244.828319381868	1.24320983886719	1.19171142578125	-9.02404785156249E-07	1.26190185546875E-06	-2.164306640625E-06	-1.0754060895124E-06	-1320595.25	-1.3439330359688E-06
53	244.878319381742	1.23817443847656	1.18682861328125	-9.124755859375E-07	1.25640869140625E-06	-2.16888427734375E-06	-1.08295216705301E-06	-1300668.875	-1.38930511184299E-06
54	244.928319381615	1.23313903808594	1.18133544921875	-9.2315673828125E-07	1.2493896484375E-06	-2.17254638671875E-06	-1.09055781649658E-06	-1279669.375	-1.43519594075769E-06
55	244.978319381489	1.22810363769531	1.1761474609375	-9.33837890625E-07	1.2445068359375E-06	-2.1783447265625E-06	-1.09833104033896E-06	-1259477.25	-1.48162075674918E-06
56	245.028319381363	1.22306823730469	1.17218017578125	-9.43603515624999E-07	1.23870849609375E-06	-2.18231201171875E-06	-1.10607334136148E-06	-1242238.125	-1.5285568224499E-06
57	245.078319381237	1.21803283691406	1.16729736328125	-9.5367431640625E-07	1.231689453125E-06	-2.18536376953125E-06	-1.11322151497006E-06	-1224000	-1.57598867644992E-06
58	245.12831938111	1.21299743652344	1.162109375	-9.6282958984375E-07	1.22589111328125E-06	-2.188720703125E-06	-1.1189132465006E-06	-1206973.125	-1.62390131208667E-06
59	245.178319380984	1.20796203613281	1.15692138671875	-9.7320556640625E-07	1.2200927734375E-06	-2.19329833984375E-06	-1.12592226741981E-06	-1188774	-1.67230223269144E-06
60	245.228319380858	1.20292663574219	1.1517333984375	-9.8114013671875E-07	1.21429443359375E-06	-2.1954345703125E-06	-1.13001192403317E-06	-1173872.5	-1.72116085650487E-06
61	245.278319380732	1.19789123535156	1.14715576171875	-9.9212646484375E-07	1.20758056640625E-06	-2.19970703125E-06	-1.13812347990461E-06	-1156259.75	-1.77049253125006E-06
62	245.328319380606	1.19285583496094	1.1419677734375	-1.00067138671875E-06	1.2005615234375E-06	-2.20123291015625E-06	-1.14273439066892E-06	-1141201.625	-1.82031249096326E-06
63	245.378319380479	1.18782043457031	1.136474609375	-1.0101318359375E-06	1.19598388671875E-06	-2.20611572265625E-06	-1.14798910999525E-06	-1125075.625	-1.870582536867E-06
64	245.428319380353	1.18278503417969	1.13128662109375	-1.01654052734375E-06	1.1883544921875E-06	-2.20489501953125E-06	-1.14999863853882E-06	-1112879	-1.9212493498344E-06
65	245.478319380227	1.17774963378906	1.12579345703125	-1.026611328125E-06	1.18499755859375E-06	-2.21160888671875E-06	-1.15575232939591E-06	-1096611.125	-1.97232816390169E-06
66	245.528319380101	1.17271423339844	1.12152099609375	-1.03363037109375E-06	1.17889404296875E-06	-2.2125244140625E-06	-1.15923819521413E-06	-1085031	-2.02383421310515E-06
67	245.578319379974	1.16767883300781	1.1163330078125	-1.04400634765625E-06	1.173095703125E-06	-2.21710205078125E-06	-1.16545879791374E-06	-1069278	-2.07577500077605E-06
68	245.628319379848	1.16264343261719	1.11114501953125	-1.05133056640625E-06	1.16973876953125E-06	-2.2210693359375E-06	-1.16818068818247E-06	-1056894.125	-2.12815848499304E-06
69	245.678319379722	1.15760803222656	1.10595703125	-1.060791015625E-06	1.16455078125E-06	-2.225341796875E-06	-1.17318927550514E-06	-1042577.75	-2.18096147364122E-06
70	245.728319379596	1.15257263183594	1.10107421875	-1.0687255859375E-06	1.16058349609375E-06	-2.22930908203125E-06	-1.1767460819101E-06	-1030268.5	-2.23419942813052E-06
71	245.778319379469	1.14753723144531	1.09619140625	-1.07696533203125E-06	1.15753173828125E-06	-2.2344970703125E-06	-1.18056016162882E-06	-1017852.125	-2.28784165301477E-06
72	245.828319379343	1.14250183105469	1.09130859375	-1.0833740234375E-06	1.1517333984375E-06	-2.235107421875E-06	-1.18229525014613E-06	-1007324	-2.34185017689015E-06
73	245.878319379217	1.13746643066406	1.08612060546875	-1.09100341796875E-06	1.1474609375E-06	-2.23846435546875E-06	-1.1849612064907E-06	-995524.5625	-2.39620953834674E-06
74	245.928319379091	1.13243103027344	1.08123779296875	-1.097412109375E-06	1.1444091796875E-06	-2.2418212890625E-06	-1.18656339509471E-06	-985261.375	-2.45091996475821E-06
75	245.978319378964	1.12739562988281	1.0760498046875	-1.10443115234375E-06	1.14013671875E-06	-2.24456787109375E-06	-1.18842285701248E-06	-974302.3125	-2.50596622208832E-06
76	246.028319378838	1.12236022949219	1.070556640625	-1.11236572265625E-06	1.13525390625E-06	-2.24761962890625E-06	-1.19085041205835E-06	-962414.3125	-2.56138605436718E-06
77	246.078319378712	1.11732482910156	1.06597900390625	-1.11907958984375E-06	1.13006591796875E-06	-2.2491455078125E-06	-1.19291530609189E-06	-952549.8125	-2.61717218563717E-06
78	246.128319378586	1.11228942871094	1.060791015625	-1.12579345703125E-06	1.1279296875E-06	-2.25372314453125E-06	-1.19423157229903E-06	-942260.75	-2.67329392045212E-06
79	246.178319378459	1.10725402832031	1.05621337890625	-1.134033203125E-06	1.1236572265625E-06	-2.2576904296875E-06	-1.19778098905954E-06	-931377.875	-2.72978968496318E-06
80	246.228319378333	1.10221862792969	1.0504150390625	-1.14044189453125E-06	1.1199951171875E-06	-2.26043701171875E-06	-1.19793730846141E-06	-921059.6875	-2.7866515210917E-06
81	246.278319378207	1.09718322753906	1.04522705078125	-1.14593505859375E-06	1.11724853515625E-06	-2.26318359375E-06	-1.19776223073131E-06	-912117.1875	-2.84381098936137E-06
82	246.328319378081	1.09214782714844	1.0406494140625	-1.15264892578125E-06	1.11419677734375E-06	-2.266845703125E-06	-1.19950345833786E-06	-902832.9375	-2.90127559310349E-06
83	246.378319377955	1.08711242675781	1.0357666015625	-1.16119384765625E-06	1.109619140625E-06	-2.27081298828125E-06	-1.20272579806624E-06	-891984.25	-2.959121729873E-06
84	246.428319377828	1.08207702636719	1.0308837890625	-1.168212890625E-06	1.10687255859375E-06	-2.27508544921875E-06	-1.20429172056902E-06	-882445.1875	-3.01735667562753E-06
85	246.478319377702	1.07704162597656	1.025390625	-1.17401123046875E-06	1.1041259765625E-06	-2.27813720703125E-06	-1.20382014756615E-06	-873407.875	-3.0759124456381E-06
86	246.528319377576	1.07200622558594	1.0205078125	-1.180419921875E-06	1.10076904296875E-06	-2.28118896484375E-06	-1.20462766517448E-06	-864529.5	-3.13477312374744E-06
87	246.57831937745	1.06697082519531	1.015625	-1.1865234375E-06	1.09832763671875E-06	-2.28485107421875E-06	-1.20506285838928E-06	-855967.125	-3.19394666803419E-06
88	246.628319377323	1.06193542480469	1.0107421875	-1.1920166015625E-06	1.0968017578125E-06	-2.288818359375E-06	-1.2048215012328E-06	-847926.25	-3.2534103411308E-06
89	246.678319377197	1.05690002441406	1.00494384765625	-1.1993408203125E-06	1.09405517578125E-06	-2.29339599609375E-06	-1.20527010949445E-06	-837913.5	-3.31319415636244E-06
90	246.728319377071	1.05186462402344	1.0009765625	-1.20513916015625E-06	1.09283447265625E-06	-2.2979736328125E-06	-1.20631602840149E-06	-830590.0625	-3.37330607180775E-06
91	246.778319376945	1.04682922363281	0.99578857421875	-1.212158203125E-06	1.0906982421875E-06	-2.3028564453125E-06	-1.20705328754411E-06	-821500.5	-3.43373858413543E-06
92	246.828319376818	1.04179382324219	0.99090576171875	-1.2188720703125E-06	1.08978271484375E-06	-2.30865478515625E-06	-1.20778736345528E-06	-812969.4375	-3.49451443071302E-06
93	246.878319376692	1.03675842285156	0.985107421875	-1.2261962890625E-06	1.08673095703125E-06	-2.31292724609375E-06	-1.20793504265748E-06	-803384.8125	-3.55564111487183E-06
94	246.928319376566	1.03172302246094	0.98052978515625	-1.23199462890625E-06	1.08673095703125E-06	-2.3187255859375E-06	-1.20800734748627E-06	-795888.0625	-3.6170958992443E-06
95	246.97831937644	1.02668762207031	0.97564697265625	-1.21490478515625E-06	1.0882568359375E-06	-2.30316162109375E-06	-1.18531806947431E-06	-803064.625	-3.67826828551188E-06
96	247.028319376313	1.02165222167969	0.970458984375	-1.243896484375E-06	1.08489990234375E-06	-2.32879638671875E-06	-1.20715048979037E-06	-780176.6875	-3.7397383039206E-06
97	247.078319376187	1.01661682128906	0.96466064453125	-1.25152587890625E-06	1.08428955078125E-06	-2.3358154296875E-06	-1.20729771424521E-06	-770787.625	-3.80212395612034E-06
98	247.128319376061	1.01158142089844	0.9600830078125	-1.25885009765625E-06	1.08367919921875E-06	-2.342529296875E-06	-1.2086005654055E-06	-762666.6875	-3.86488318326883E-06
99	247.178319375935	1.00654602050781	0.9552001953125	-1.26800537109375E-06	1.08489990234375E-06	-2.3529052734375E-06	-1.21119899176847E-06	-753309.25	-3.92805486626457E-06
100	247.228319375809	1.00151062011719	0.9503173828125	-1.27227783203125E-06	1.08428955078125E-06	-2.3565673828125E-06	-1.2090677046217E-06	-746941.75	-3.99156169805792E-06
101	247.278319375682	0.996475219726563	0.94512939453125	-1.28265380859375E-06	1.08551025390625E-06	-2.3681640625E-06	-1.21227378713229E-06	-736854.625	-4.05543505621608E-06
102	247.328319375556	0.991439819335938	0.93963623046875	-1.28997802734375E-06	1.0870361328125E-06	-2.37701416015625E-06	-1.21210996439913E-06	-728412.625	-4.11975088354666E-06
103	247.37831937543	0.986404418945313	0.93475341796875	-1.298828125E-06	1.0858154296875E-06	-2.3846435546875E-06	-1.21408402264933E-06	-719689.875	-4.18447098127217E-06
104	247.428319375304	0.981369018554688	0.92987060546875	-1.30523681640625E-06	1.0882568359375E-06	-2.39349365234375E-06	-1.21370135275356E-06	-712415.25	-4.24957261202508E-06
105	247.478319375177	0.976333618164063	0.92498779296875	-1.31500244140625E-06	1.08856201171875E-06	-2.403564453125E-06	-1.21636128369573E-06	-703411.4375	-4.31507851317292E-06
106	247.528319375051	0.971298217773438	0.9197998046875	-1.32080078125E-06	1.09039306640625E-06	-2.41119384765625E-06	-1.21487221349526E-06	-696395.625	-4.38097367805312E-06
107	247.578319374925	0.966262817382813	0.9149169921875	-1.33331298828125E-06	1.09161376953125E-06	-2.4249267578125E-06	-1.21987068268936E-06	-686198.25	-4.44732631876832E-06
108	247.628319374799	0.961227416992188	0.91033935546875	-1.33819580078125E-06	1.09588623046875E-06	-2.43408203125E-06	-1.21821221910068E-06	-680273.6875	-4.51411415269831E-06
109	247.678319374672	0.956192016601563	0.90484619140625	-1.34918212890625E-06	1.09649658203125E-06	-2.4456787109375E-06	-1.22080223263765E-06	-670662.75	-4.58129852631828E-06
110	247.728319374546	0.951156616210938	0.89935302734375	-1.3568115234375E-06	1.0986328125E-06	-2.4554443359375E-06	-1.22025255677727E-06	-662843	-4.64894856122555E-06
111	247.77831937442	0.946121215820313	0.894775390625	-1.36627197265625E-06	1.10076904296875E-06	-2.467041015625E-06	-1.22250651202194E-06	-654902.875	-4.71702560389531E-06
112	247.828319374294	0.941085815429688	0.88958740234375	-1.37542724609375E-06	1.1053466796875E-06	-2.48077392578125E-06	-1.22356277643121E-06	-646771.6875	-4.78556830785237E-06
113	247.878319374167	0.936050415039063	0.8843994140625	-1.387939453125E-06	1.107177734375E-06	-2.4951171875E-06	-1.22749281672441E-06	-637203.1875	-4.85465216115699E-06
114	247.928319374041	0.931015014648438	0.8795166015625	-1.395263671875E-06	1.112060546875E-06	-2.50732421875E-06	-1.22715755423997E-06	-630358.6875	-4.92423214382143E-06
115	247.978319373915	0.925979614257813	0.8746337890625	-1.40533447265625E-06	1.1138916015625E-06	-2.51922607421875E-06	-1.22915298561566E-06	-622367	-4.99424731970066E-06
116	248.028319373789	0.920944213867188	0.869140625	-1.412353515625E-06	1.11907958984375E-06	-2.53143310546875E-06	-1.22753385767282E-06	-615384.625	-5.06468950334238E-06
117	248.078319373662	0.915908813476563	0.8642578125	-1.4251708984375E-06	1.12274169921875E-06	-2.54791259765625E-06	-1.23171503219055E-06	-606424	-5.13562781634391E-06
118	248.128319373536	0.910873413085938	0.8599853515625	-1.4312744140625E-06	1.1273193359375E-06	-2.55859375E-06	-1.23087500014663E-06	-600852.875	-5.20703861184302E-06
119	248.17831937341	0.905838012695313	0.8544921875	-1.4447021484375E-06	1.13128662109375E-06	-2.57598876953125E-06	-1.23448660360737E-06	-591466	-5.27893826074433E-06
120	248.228319373284	0.900802612304688	0.84930419921875	-1.4508056640625E-06	1.13525390625E-06	-2.5860595703125E-06	-1.23217523650965E-06	-585401.8125	-5.35132585355313E-06
121	248.278319373158	0.895767211914063	0.84442138671875	-1.4605712890625E-06	1.138916015625E-06	-2.5994873046875E-06	-1.23333768442535E-06	-578144.5625	-5.42411044079927E-06
122	248.328319373031	0.890731811523438	0.8392333984375	-1.46942138671875E-06	1.14349365234375E-06	-2.6129150390625E-06	-1.23318750411272E-06	-571131.875	-5.49736023458536E-06
123	248.378319372905	0.885696411132813	0.83465576171875	-1.47674560546875E-06	1.14654541015625E-06	-2.623291015625E-06	-1.23257416362321E-06	-565199.4375	-5.57101429876639E-06
124	248.428319372779	0.880661010742188	0.828857421875	-1.48162841796875E-06	1.151123046875E-06	-2.63275146484375E-06	-1.22805863611575E-06	-559423.3125	-5.64497349841986E-06
125	248.478319372653	0.875625610351563	0.82366943359375	-1.48956298828125E-06	1.15570068359375E-06	-2.645263671875E-06	-1.22690744319698E-06	-552960.5	-5.71925329495571E-06
126	248.528319372526	0.870590209960938	0.8184814453125	-1.495361328125E-06	1.15997314453125E-06	-2.65533447265625E-06	-1.22392543744354E-06	-547346.9375	-5.79387642574147E-06
127	248.5783193724	0.865554809570313	0.81451416015625	-1.50299072265625E-06	1.1614990234375E-06	-2.66448974609375E-06	-1.22420715342741E-06	-541928.9375	-5.86883516007219E-06
128	248.628319372274	0.860519409179688	0.809326171875	-1.50390625E-06	1.1651611328125E-06	-2.6690673828125E-06	-1.21715061141003E-06	-538149.375	-5.94400762565783E-06
129	248.678319372148	0.855484008789063	0.8038330078125	-1.5106201171875E-06	1.168212890625E-06	-2.6788330078125E-06	-1.21428627153364E-06	-532121.1875	-6.01937108513084E-06
130	248.728319372021	0.850448608398438	0.79864501953125	-1.5130615234375E-06	1.16943359375E-06	-2.6824951171875E-06	-1.20839911232906E-06	-527833.8125	-6.094962827774E-06
131	248.778319371895	0.845413208007813	0.79376220703125	-1.51397705078125E-06	1.1724853515625E-06	-2.68646240234375E-06	-1.2017377457596E-06	-524289.4375	-6.17063869867707E-06
132	248.828319371769	0.840377807617188	0.78857421875	-1.51458740234375E-06	1.173095703125E-06	-2.68768310546875E-06	-1.19436447221233E-06	-520652.84375	-6.24635276835761E-06
133	248.878319371643	0.835342407226563	0.78338623046875	-1.5155029296875E-06	1.17431640625E-06	-2.6898193359375E-06	-1.18722402930871E-06	-516915.0625	-6.32210503681563E-06
134	248.928319371516	0.830307006835938	0.77880859375	-1.5155029296875E-06	1.17279052734375E-06	-2.68829345703125E-06	-1.18028663109726E-06	-513894.5	-6.39788049738854E-06
135	248.97831937139	0.825271606445313	0.77362060546875	-1.51336669921875E-06	1.1737060546875E-06	-2.68707275390625E-06	-1.17077161121415E-06	-511191.78125	-6.47360229777405E-06
136	249.028319371264	0.820236206054688	0.76873779296875	-1.51031494140625E-06	1.17095947265625E-06	-2.6812744140625E-06	-1.1610361525527E-06	-508991.75	-6.54919404041721E-06
137	249.078319371138	0.815200805664063	0.7635498046875	-1.50848388671875E-06	1.1676025390625E-06	-2.67608642578125E-06	-1.15180250759295E-06	-506170.375	-6.62466391077032E-06
138	249.128319371011	0.810165405273438	0.75836181640625	-1.5045166015625E-06	1.1669921875E-06	-2.6715087890625E-06	-1.1409679245844E-06	-504056.78125	-6.69998917146586E-06
139	249.178319370885	0.805130004882813	0.75408935546875	-1.50177001953125E-06	1.1639404296875E-06	-2.66571044921875E-06	-1.13246869659633E-06	-502133.75	-6.77514617564157E-06
140	249.228319370759	0.800094604492188	0.748931884765625	-1.500244140625E-06	1.160888671875E-06	-2.6611328125E-06	-1.12358065962326E-06	-499206.6875	-6.85019676893717E-06
141	249.278319370633	0.795059204101563	0.74420166015625	-1.49200439453125E-06	1.15814208984375E-06	-2.650146484375E-06	-1.11035205918597E-06	-498793.21875	-6.92500270815799E-06
142	249.328319370507	0.790023803710938	0.738983154296875	-1.48406982421875E-06	1.153564453125E-06	-2.63763427734375E-06	-1.09670259007544E-06	-497943.65625	-6.99940483173123E-06
143	249.37831937038	0.784988403320313	0.73388671875	-1.47705078125E-06	1.1474609375E-06	-2.62451171875E-06	-1.08398796783149E-06	-496859.5	-7.07343269823468E-06
144	249.428319370254	0.779953002929688	0.72869873046875	-1.46942138671875E-06	1.1444091796875E-06	-2.61383056640625E-06	-1.07076550648344E-06	-495908.625	-7.14709449312068E-06
145	249.478319370128	0.774917602539063	0.7237548828125	-1.46240234375E-06	1.14044189453125E-06	-2.60284423828125E-06	-1.05842082120944E-06	-494908.1875	-7.22039021638921E-06
146	249.528319370002	0.769882202148438	0.71881103515625	-1.45599365234375E-06	1.13494873046875E-06	-2.5909423828125E-06	-1.04658420241321E-06	-493691.0625	-7.29334988136543E-06
147	249.578319369875	0.764846801757813	0.7138671875	-1.44683837890625E-06	1.13037109375E-06	-2.57720947265625E-06	-1.03285049135593E-06	-493398.03125	-7.36592073735665E-06
148	249.628319369749	0.759811401367188	0.7086181640625	-1.43585205078125E-06	1.1248779296875E-06	-2.56072998046875E-06	-1.01747082226211E-06	-493517.53125	-7.43798818803043E-06
149	249.678319369623	0.754776000976563	0.70343017578125	-1.42974853515625E-06	1.11785888671875E-06	-2.547607421875E-06	-1.00572822248068E-06	-491995.75	-7.50962817619438E-06
150	249.728319369497	0.749740600585938	0.698394775390625	-1.417236328125E-06	1.1138916015625E-06	-2.5311279296875E-06	-9.89790351013653E-07	-492786.40625	-7.58080250307103E-06
151	249.77831936937	0.744705200195313	0.693603515625	-1.405029296875E-06	1.107177734375E-06	-2.51220703125E-06	-9.74533236330899E-07	-493657.71875	-7.65135973779252E-06
152	249.828319369244	0.739669799804688	0.688720703125	-1.39251708984375E-06	1.10107421875E-06	-2.49359130859375E-06	-9.5905534180929E-07	-494586.875	-7.72129806136945E-06
153	249.878319369118	0.734634399414063	0.68353271484375	-1.37786865234375E-06	1.0931396484375E-06	-2.47100830078125E-06	-9.41818314004195E-07	-496079.71875	-7.79055790189886E-06
154	249.928319368992	0.729598999023438	0.67828369140625	-1.3641357421875E-06	1.08673095703125E-06	-2.45086669921875E-06	-9.25271024243557E-07	-497225.9375	-7.85910742706619E-06
155	249.978319368865	0.724563598632813	0.673309326171875	-1.351318359375E-06	1.0772705078125E-06	-2.4285888671875E-06	-9.09855259578762E-07	-498261.0625	-7.92699393059593E-06
156	250.028319368739	0.719528198242188	0.66827392578125	-1.3336181640625E-06	1.06964111328125E-06	-2.40325927734375E-06	-8.91222214249865E-07	-501098.40625	-7.99411736807087E-06
157	250.078319368613	0.714492797851563	0.663421630859375	-1.31988525390625E-06	1.060791015625E-06	-2.38067626953125E-06	-8.75640409958578E-07	-502635.84375	-8.06045500212349E-06
158	250.128319368487	0.709457397460938	0.65850830078125	-1.3043212890625E-06	1.0516357421875E-06	-2.35595703125E-06	-8.58906389566982E-07	-504866.65625	-8.12606049294118E-06
159	250.17831936836	0.704421997070313	0.653411865234375	-1.28875732421875E-06	1.04156494140625E-06	-2.330322265625E-06	-8.42089320940431E-07	-507009.25	-8.19088745629415E-06
160	250.228319368234	0.699386596679688	0.648162841796875	-1.27197265625E-06	1.033935546875E-06	-2.305908203125E-06	-8.24445407943131E-07	-509572.9375	-8.25490587885724E-06
161	250.278319368108	0.694351196289063	0.64312744140625	-1.2518310546875E-06	1.02386474609375E-06	-2.27569580078125E-06	-8.05086870059313E-07	-513749.40625	-8.31800025480334E-06
162	250.328319367982	0.689315795898438	0.63824462890625	-1.23504638671875E-06	1.01318359375E-06	-2.24822998046875E-06	-7.88261729667283E-07	-516777.84375	-8.38017240312183E-06
163	250.378319367856	0.684280395507813	0.633209228515625	-1.220703125E-06	1.002197265625E-06	-2.222900390625E-06	-7.72960447648074E-07	-518725	-8.44156602397561E-06
164	250.428319367729	0.679244995117188	0.62835693359375	-1.20391845703125E-06	9.9212646484375E-07	-2.196044921875E-06	-7.56490464937087E-07	-521926.53125	-8.50218202685937E-06
165	250.478319367603	0.674209594726563	0.623016357421875	-1.19049072265625E-06	9.80224609374999E-07	-2.17071533203125E-06	-7.41695203032577E-07	-523327.34375	-8.56204223964596E-06
166	250.528319367477	0.669174194335938	0.618072509765625	-1.1737060546875E-06	9.6923828125E-07	-2.1429443359375E-06	-7.25435427284538E-07	-526599.125	-8.62114666233538E-06
167	250.578319367351	0.664138793945313	0.612945556640625	-1.1614990234375E-06	9.5855712890625E-07	-2.12005615234375E-06	-7.11935626895865E-07	-527719.4375	-8.67952712724218E-06
168	250.628319367224	0.659103393554688	0.60797119140625	-1.143798828125E-06	9.50012207031251E-07	-2.09381103515625E-06	-6.95396749961219E-07	-531536.8125	-8.73715907800943E-06
169	250.678319367098	0.654067993164063	0.602996826171875	-1.131591796875E-06	9.37499999999999E-07	-2.069091796875E-06	-6.82346239955223E-07	-532874.875	-8.79404433362652E-06
170	250.728319366972	0.649032592773438	0.597930908203125	-1.1163330078125E-06	9.30175781250001E-07	-2.0465087890625E-06	-6.67489985062275E-07	-535620.5625	-8.85024201124907E-06
171	250.778319366846	0.643997192382813	0.593109130859375	-1.1041259765625E-06	9.185791015625E-07	-2.022705078125E-06	-6.54867221783206E-07	-537175.25	-8.90575392986648E-06
172	250.828319366719	0.638961791992188	0.5880126953125	-1.08917236328125E-06	9.10034179687499E-07	-1.99920654296875E-06	-6.40447126443178E-07	-539871.125	-8.96058645594167E-06
173	250.878319366593	0.633926391601563	0.582916259765625	-1.07696533203125E-06	9.01184082031251E-07	-1.9781494140625E-06	-6.27780593731586E-07	-541258.1875	-9.01473958947463E-06
174	250.928319366467	0.628890991210938	0.577667236328125	-1.063232421875E-06	8.9080810546875E-07	-1.95404052734375E-06	-6.14194505033083E-07	-543312.3125	-9.06824425328523E-06
175	250.978319366341	0.623855590820313	0.572662353515625	-1.05133056640625E-06	8.8348388671875E-07	-1.934814453125E-06	-6.02057411924761E-07	-544702.5	-9.12110863282578E-06
176	251.028319366214	0.618820190429688	0.567626953125	-1.03851318359375E-06	8.7615966796875E-07	-1.9146728515625E-06	-5.89488024616003E-07	-546576.5625	-9.17335455596913E-06
177	251.078319366088	0.613784790039063	0.562713623046875	-1.02874755859375E-06	8.6700439453125E-07	-1.895751953125E-06	-5.78890251290431E-07	-546989.0625	-9.22503659239737E-06
178	251.128319365962	0.608749389648438	0.5579833984375	-1.01593017578125E-06	8.59985351562501E-07	-1.87591552734375E-06	-5.66872131457785E-07	-549234	-9.27615292312112E-06
179	251.178319365836	0.603713989257813	0.552734375	-1.0052490234375E-06	8.526611328125E-07	-1.85791015625E-06	-5.55635722321313E-07	-549848.1875	-9.32668262976222E-06
180	251.228319365709	0.598678588867188	0.547821044921875	-9.9212646484375E-07	8.4564208984375E-07	-1.8377685546875E-06	-5.43507724160008E-07	-552168.625	-9.37661752686836E-06
181	251.278319365583	0.593643188476563	0.54254150390625	-9.81750488281249E-07	8.38623046875001E-07	-1.82037353515625E-06	-5.3264034249878E-07	-552626.6875	-9.42596398090245E-06
182	251.328319365457	0.588607788085938	0.537506103515625	-9.6954345703125E-07	8.3282470703125E-07	-1.8023681640625E-06	-5.21135518738447E-07	-554390.9375	-9.47474654822145E-06
183	251.378319365331	0.583572387695313	0.532684326171875	-9.58862304687499E-07	8.258056640625E-07	-1.78466796875E-06	-5.10770917117043E-07	-555537.875	-9.52295704337303E-06
184	251.428319365205	0.578536987304688	0.527740478515625	-9.48486328125001E-07	8.197021484375E-07	-1.7681884765625E-06	-5.00554619975446E-07	-556402.8125	-9.57064003159758E-06
185	251.478319365078	0.573501586914063	0.522613525390625	-9.38720703125E-07	8.13903808593749E-07	-1.75262451171875E-06	-4.90588149659743E-07	-556729.5	-9.61782006925205E-06
186	251.528319364952	0.568466186523438	0.517486572265625	-9.28344726562499E-07	8.0718994140625E-07	-1.73553466796875E-06	-4.80405901726044E-07	-557429.3125	-9.66449715633644E-06
187	251.578319364826	0.563430786132813	0.51239013671875	-9.17663574218749E-07	8.0169677734375E-07	-1.7193603515625E-06	-4.70201740654375E-07	-558363.8125	-9.7106476459885E-06
188	251.6283193647	0.558395385742188	0.507293701171875	-9.07287597656251E-07	7.977294921875E-07	-1.70501708984375E-06	-4.602612762028E-07	-559132.1875	-9.75627153820824E-06
189	251.678319364573	0.553359985351563	0.502471923828125	-9.002685546875E-07	7.91320800781251E-07	-1.69158935546875E-06	-4.52359671498925E-07	-558135.5625	-9.80145978246583E-06
190	251.728319364447	0.548324584960938	0.49749755859375	-8.88671874999999E-07	7.8765869140625E-07	-1.67633056640625E-06	-4.42112082055246E-07	-559821.4375	-9.84618327493081E-06
191	251.778319364321	0.543289184570313	0.492279052734375	-8.81042480468749E-07	7.8277587890625E-07	-1.663818359375E-06	-4.33718753356516E-07	-558746.125	-9.89042655419325E-06
192	251.828319364195	0.538253784179688	0.487335205078125	-8.7158203125E-07	7.7850341796875E-07	-1.65008544921875E-06	-4.24752613525925E-07	-559138.6875	-9.93424237094587E-06
193	251.878319364068	0.533218383789063	0.482452392578125	-8.6395263671875E-07	7.733154296875E-07	-1.63726806640625E-06	-4.16815993276032E-07	-558424.625	-9.97763072518865E-06
194	251.928319363942	0.528182983398438	0.47735595703125	-8.55102539062499E-07	7.6873779296875E-07	-1.62384033203125E-06	-4.08188299161338E-07	-558244.125	-1.00206070783315E-05
195	251.978319363816	0.523147583007813	0.472137451171875	-8.4808349609375E-07	7.65380859375001E-07	-1.61346435546875E-06	-4.00411948930923E-07	-556711.0625	-1.00631859822897E-05
196	252.02831936369	0.518112182617188	0.467193603515625	-8.404541015625E-07	7.6141357421875E-07	-1.60186767578125E-06	-3.92654783354374E-07	-555882.375	-1.01054001788725E-05
197	252.078319363563	0.513076782226563	0.4622802734375	-8.331298828125E-07	7.57751464843751E-07	-1.59088134765625E-06	-3.85139514946786E-07	-554871.8125	-1.01472396636382E-05
198	252.128319363437	0.508041381835938	0.457244873046875	-8.2244873046875E-07	7.54699707031251E-07	-1.5771484375E-06	-3.76060455664629E-07	-555955.5	-1.01886289485265E-05
199	252.178319363311	0.503005981445313	0.451995849609375	-8.16650390625E-07	7.50122070312501E-07	-1.5667724609375E-06	-3.6912257428412E-07	-553475.375	-1.02296062323148E-05
200	252.228319363185	0.497970581054688	0.447235107421875	-8.1024169921875E-07	7.476806640625E-07	-1.55792236328125E-06	-3.62368524520207E-07	-551977.4375	-1.02702788353781E-05
201	252.278319363058	0.492935180664063	0.4423828125	-8.03527832031251E-07	7.44018554687501E-07	-1.54754638671875E-06	-3.55466909240931E-07	-550550.6875	-1.03106231108541E-05
202	252.328319362932	0.487899780273438	0.43707275390625	-7.98645019531249E-07	7.4127197265625E-07	-1.5399169921875E-06	-3.49065970794982E-07	-547267.875	-1.03506772575201E-05
203	252.378319362806	0.482864379882813	0.431976318359375	-7.92541503906249E-07	7.391357421875E-07	-1.53167724609375E-06	-3.42359157912142E-07	-545052	-1.03904567367863E-05
204	252.42831936268	0.477828979492188	0.42694091796875	-7.861328125E-07	7.37915039062501E-07	-1.5240478515625E-06	-3.35632250880735E-07	-543090.0625	-1.0429923349875E-05
205	252.478319362554	0.472793579101563	0.422088623046875	-7.81860351562499E-07	7.3577880859375E-07	-1.51763916015625E-06	-3.30014330529593E-07	-539851.6875	-1.04691234810161E-05
206	252.528319362427	0.467758178710938	0.4171142578125	-7.74536132812501E-07	7.33642578125E-07	-1.5081787109375E-06	-3.23070054264463E-07	-538534.3125	-1.05080334833474E-05
207	252.578319362301	0.462722778320313	0.41204833984375	-7.71484375000001E-07	7.31201171875E-07	-1.502685546875E-06	-3.17888833478719E-07	-534098.125	-1.05466842796886E-05
208	252.628319362175	0.457687377929688	0.406890869140625	-7.647705078125E-07	7.2967529296875E-07	-1.49444580078125E-06	-3.11178126821687E-07	-532043.125	-1.05850904219551E-05
209	252.678319362049	0.452651977539063	0.4017333984375	-7.6019287109375E-07	7.2784423828125E-07	-1.488037109375E-06	-3.05394848965079E-07	-528462.5	-1.0623214620864E-05
210	252.728319361922	0.447616577148438	0.3970947265625	-7.54699707031251E-07	7.25708007812501E-07	-1.48040771484375E-06	-2.99687258120684E-07	-526162.5625	-1.06610868897405E-05
211	252.778319361796	0.442581176757813	0.391998291015625	-7.5225830078125E-07	7.24182128906251E-07	-1.4764404296875E-06	-2.94883960805237E-07	-521095.34375	-1.06987608887721E-05
212	252.82831936167	0.437545776367188	0.386871337890625	-7.4493408203125E-07	7.22351074218749E-07	-1.46728515625E-06	-2.88193632513867E-07	-519336.34375	-1.07361902337288E-05
213	252.878319361544	0.432510375976563	0.381683349609375	-7.4188232421875E-07	7.22351074218749E-07	-1.4642333984375E-06	-2.83164126813062E-07	-514479.625	-1.07733612821903E-05
214	252.928319361417	0.427474975585938	0.376617431640625	-7.20825195312499E-07	7.2296142578125E-07	-1.44378662109375E-06	-2.71475329327586E-07	-522480.9375	-1.08099284261698E-05
215	252.978319361291	0.422439575195313	0.371917724609375	-7.3089599609375E-07	7.2021484375E-07	-1.45111083984375E-06	-2.71833158649315E-07	-508851.78125	-1.0846221812244E-05
216	253.028319361165	0.417404174804688	0.366790771484375	-7.2509765625E-07	7.17773437499999E-07	-1.44287109375E-06	-2.65959130274496E-07	-505850.15625	-1.08826216091984E-05
217	253.078319361039	0.412368774414063	0.361663818359375	-7.1990966796875E-07	7.16552734375001E-07	-1.43646240234375E-06	-2.60365254689532E-07	-502373.90625	-1.09187467387528E-05
218	253.128319360912	0.407333374023438	0.35650634765625	-7.1563720703125E-07	7.1441650390625E-07	-1.4300537109375E-06	-2.55129208426297E-07	-498166.3125	-1.09546353996848E-05
219	253.178319360786	0.402297973632813	0.351470947265625	-7.11975097656251E-07	7.14111328125E-07	-1.42608642578125E-06	-2.5023854277606E-07	-493656.25	-1.09903257907717E-05
220	253.22831936066	0.397262573242188	0.346771240234375	-7.049560546875E-07	7.1258544921875E-07	-1.41754150390625E-06	-2.44458476572618E-07	-491904.75	-1.10257487904164E-05
221	253.278319360534	0.392227172851563	0.341644287109375	-7.03125E-07	7.1075439453125E-07	-1.41387939453125E-06	-2.40218639646628E-07	-485894.09375	-1.10609507828485E-05
222	253.328319360407	0.387191772460938	0.33642578125	-6.976318359375E-07	7.0953369140625E-07	-1.40716552734375E-06	-2.34701332146869E-07	-482239.71875	-1.10959699668456E-05
223	253.378319360281	0.382156372070313	0.331451416015625	-6.94885253906249E-07	7.0831298828125E-07	-1.4031982421875E-06	-2.30320694072361E-07	-476987.28125	-1.11307826955453E-05
224	253.428319360155	0.377120971679688	0.3265380859375	-6.90612792968751E-07	7.07092285156249E-07	-1.397705078125E-06	-2.25511371354514E-07	-472823.71875	-1.11654198917677E-05
225	253.478319360029	0.372085571289063	0.321624755859375	-6.878662109375E-07	7.04040527343749E-07	-1.39190673828125E-06	-2.21234799369086E-07	-467568.78125	-1.11998824650072E-05
226	253.528319359903	0.367050170898438	0.316314697265625	-6.8328857421875E-07	7.02819824218751E-07	-1.3861083984375E-06	-2.16134210972996E-07	-462929.90625	-1.12341613203171E-05
227	253.578319359776	0.362014770507813	0.311279296875	-6.805419921875E-07	7.01904296875E-07	-1.3824462890625E-06	-2.11838624863958E-07	-457399.125	-1.12682564576971E-05
228	253.62831935965	0.356979370117188	0.3062744140625	-6.76574707031249E-07	7.0159912109375E-07	-1.378173828125E-06	-2.07217524916814E-07	-452683.8125	-1.13021851575468E-05
229	253.678319359524	0.351943969726563	0.301513671875	-6.756591796875E-07	7.0037841796875E-07	-1.37603759765625E-06	-2.03720475155933E-07	-446251.125	-1.1335990166117E-05
230	253.728319359398	0.346908569335938	0.29644775390625	-6.70166015625E-07	7.0037841796875E-07	-1.37054443359375E-06	-1.9866921263656E-07	-442349.75	-1.13696360131144E-05
231	253.778319359271	0.341873168945313	0.291229248046875	-6.5673828125E-07	7.0098876953125E-07	-1.35772705078125E-06	-1.91261392501474E-07	-443447.96875	-1.14028089228668E-05
232	253.828319359145	0.336837768554688	0.28619384765625	-6.64672851562501E-07	7.0037841796875E-07	-1.36505126953125E-06	-1.90225279084189E-07	-430578.53125	-1.14358444989193E-05
233	253.878319359019	0.331802368164063	0.281341552734375	-6.65893554687499E-07	7.000732421875E-07	-1.365966796875E-06	-1.87343516699912E-07	-422502.3125	-1.1469108358142E-05
234	253.928319358893	0.326766967773438	0.276275634765625	-6.65893554687499E-07	6.9915771484375E-07	-1.36505126953125E-06	-1.83970158218472E-07	-414894.59375	-1.15024031401845E-05
235	253.978319358766	0.321731567382813	0.271209716796875	-6.671142578125E-07	7.000732421875E-07	-1.3671875E-06	-1.80927870019332E-07	-406541.625	-1.15357279355521E-05
236	254.02831935864	0.316696166992188	0.266082763671875	-6.6680908203125E-07	6.99768066406251E-07	-1.3665771484375E-06	-1.77426400682634E-07	-399038.90625	-1.1569076377782E-05
237	254.078319358514	0.311660766601563	0.261016845703125	-6.6864013671875E-07	7.02514648437499E-07	-1.37115478515625E-06	-1.74526334717484E-07	-390369.71875	-1.16024621092947E-05
238	254.128319358388	0.306625366210938	0.256378173828125	-6.69250488281251E-07	7.04345703125001E-07	-1.37359619140625E-06	-1.71581220342887E-07	-383082.53125	-1.16359096864471E-05
239	254.178319358261	0.301589965820313	0.251129150390625	-6.7291259765625E-07	7.04345703125001E-07	-1.37725830078125E-06	-1.68987966731038E-07	-373197.3125	-1.16694636744796E-05
240	254.228319358135	0.296554565429688	0.245880126953125	-6.622314453125E-07	7.0953369140625E-07	-1.37176513671875E-06	-1.62829536520803E-07	-371290.34375	-1.17028421300347E-05
241	254.278319358009	0.291519165039063	0.24102783203125	-6.7962646484375E-07	7.1136474609375E-07	-1.3909912109375E-06	-1.63808891784356E-07	-354647.5	-1.17363888421096E-05
242	254.328319357883	0.286483764648438	0.236053466796875	-6.8634033203125E-07	7.1380615234375E-07	-1.400146484375E-06	-1.62013023441432E-07	-343930.625	-1.17705376396771E-05
243	254.378319357756	0.281448364257813	0.231170654296875	-6.939697265625E-07	7.1685791015625E-07	-1.41082763671875E-06	-1.60425429385214E-07	-333113.46875	-1.18050456876517E-05
244	254.42831935763	0.276412963867188	0.22607421875	-6.99768066406251E-07	7.18994140625E-07	-1.41876220703125E-06	-1.58199512156898E-07	-323070.21875	-1.18398893391714E-05
245	254.478319357504	0.271377563476563	0.22076416015625	-7.080078125E-07	7.2296142578125E-07	-1.43096923828125E-06	-1.56302746745496E-07	-311810.34375	-1.18750840556459E-05
246	254.528319357378	0.266342163085938	0.215728759765625	-7.16552734375001E-07	7.293701171875E-07	-1.4459228515625E-06	-1.54581030642476E-07	-301064.75	-1.19106980491779E-05
247	254.578319357252	0.261306762695313	0.2109375	-7.281494140625E-07	7.34863281250001E-07	-1.4630126953125E-06	-1.53594015728231E-07	-289689.84375	-1.194681499328E-05
248	254.628319357125	0.256271362304688	0.20587158203125	-7.36083984374999E-07	7.3883056640625E-07	-1.47491455078125E-06	-1.51538770865045E-07	-279684.90625	-1.19834212455316E-05
249	254.678319356999	0.251235961914063	0.20074462890625	-7.489013671875E-07	7.45239257812499E-07	-1.494140625E-06	-1.50337925219901E-07	-268052.15625	-1.20205459097633E-05
250	254.728319356873	0.246200561523438	0.195648193359375	-7.60803222656251E-07	7.51342773437499E-07	-1.51214599609375E-06	-1.48849764514125E-07	-257160.0625	-1.20582881208975E-05
251	254.778319356747	0.241165161132813	0.190582275390625	-7.7484130859375E-07	7.58056640625E-07	-1.53289794921875E-06	-1.47671016748063E-07	-245962.984375	-1.20966797112487E-05
252	254.82831935662	0.236129760742188	0.185882568359375	-7.89794921875001E-07	7.6568603515625E-07	-1.55548095703125E-06	-1.46809099987877E-07	-235355.484375	-1.21357952593826E-05
253	254.878319356494	0.231094360351563	0.180816650390625	-8.06884765625E-07	7.733154296875E-07	-1.5802001953125E-06	-1.45898198411487E-07	-224092.28125	-1.21757120723487E-05
254	254.928319356368	0.226058959960938	0.175537109375	-8.258056640625E-07	7.81860351562499E-07	-1.607666015625E-06	-1.44959543035839E-07	-212564.671875	-1.22165292850696E-05
255	254.978319356242	0.221023559570313	0.1705322265625	-8.4716796875E-07	7.91015625E-07	-1.63818359375E-06	-1.44469439078421E-07	-201296.84375	-1.225835421792E-05
256	255.028319356115	0.215988159179688	0.16552734375	-8.7158203125E-07	8.0169677734375E-07	-1.67327880859375E-06	-1.44270657642664E-07	-189915.96875	-1.23013223856105E-05
257	255.078319355989	0.210952758789063	0.160736083984375	-9.0057373046875E-07	8.11767578125E-07	-1.71234130859375E-06	-1.44754693565119E-07	-178481.875	-1.2345626601018E-05
258	255.128319355863	0.205917358398438	0.15545654296875	-9.320068359375E-07	8.2427978515625E-07	-1.75628662109375E-06	-1.44886556086021E-07	-166797.65625	-1.23914405776304E-05
259	255.178319355737	0.200881958007813	0.150421142578125	-9.69848632812501E-07	8.38623046875001E-07	-1.8084716796875E-06	-1.45885749702757E-07	-155097.546875	-1.24389871416497E-05
260	255.22831935561	0.195846557617188	0.145355224609375	-1.01470947265625E-06	8.5479736328125E-07	-1.8695068359375E-06	-1.47493324220704E-07	-143248.125	-1.24886009871261E-05
261	255.278319355484	0.190811157226563	0.140533447265625	-1.0675048828125E-06	8.72802734375E-07	-1.9403076171875E-06	-1.5002014208676E-07	-131646.65625	-1.25406568258768E-05
262	255.328319355358	0.185775756835938	0.13555908203125	-1.12518310546875E-06	8.9324951171875E-07	-2.0184326171875E-06	-1.52528784269634E-07	-120477.359375	-1.25954738905421E-05
263	255.378319355232	0.180740356445313	0.130340576171875	-1.19598388671875E-06	9.1705322265625E-07	-2.113037109375E-06	-1.55885217623108E-07	-108981.890625	-1.2653503290494E-05
264	255.428319355105	0.175704956054688	0.125213623046875	-1.27655029296875E-06	9.47265625E-07	-2.22381591796875E-06	-1.59841491154111E-07	-98087.5	-1.27153161884053E-05
265	255.478319354979	0.170669555664063	0.12030029296875	-1.3739013671875E-06	9.7930908203125E-07	-2.35321044921875E-06	-1.65280738428919E-07	-87561.0859375	-1.27815774249029E-05
266	255.528319354853	0.165634155273438	0.115325927734375	-1.4837646484375E-06	1.01898193359375E-06	-2.50274658203125E-06	-1.71116539604554E-07	-77725.21875	-1.28530191432219E-05
267	255.578319354727	0.160598754882813	0.1104736328125	-1.6119384765625E-06	1.06475830078125E-06	-2.67669677734375E-06	-1.78076689394402E-07	-68534.6484375	-1.29304116853746E-05
268	255.628319354601	0.155563354492188	0.105255126953125	-1.7584228515625E-06	1.1187744140625E-06	-2.877197265625E-06	-1.85083024462074E-07	-59857.6875	-1.30146709125256E-05
269	255.678319354474	0.150527954101563	0.10009765625	-1.93145751953125E-06	1.1822509765625E-06	-3.11370849609375E-06	-1.93334372511345E-07	-51824.93359375	-1.31069182316423E-05
270	255.728319354348	0.145492553710938	0.09539794921875	-2.12371826171875E-06	1.25579833984375E-06	-3.3795166015625E-06	-2.02598357645911E-07	-44920.25	-1.32082977870596E-05
271	255.778319354222	0.140457153320313	0.09027099609375	-2.34222412109375E-06	1.34002685546875E-06	-3.6822509765625E-06	-2.11434894481499E-07	-38540.71875	-1.33199455376598E-05
272	255.828319354096	0.135421752929688	0.085113525390625	-2.59033203125E-06	1.43646240234375E-06	-4.02679443359375E-06	-2.20472273326777E-07	-32858.15625	-1.34432602862944E-05
273	255.878319353969	0.130386352539063	0.0799560546875	-2.8668212890625E-06	1.54937744140625E-06	-4.41619873046875E-06	-2.29219708103301E-07	-27890.142578125	-1.35796890390338E-05
274	255.928319353843	0.125350952148438	0.07501220703125	-3.17047119140625E-06	1.67572021484375E-06	-4.84619140625E-06	-2.37824025361988E-07	-23659.640625	-1.37306205942878E-05
275	255.978319353717	0.120315551757813	0.070281982421875	-3.50189208984375E-06	1.8170166015625E-06	-5.31890869140625E-06	-2.46119924440791E-07	-20069.716796875	-1.38974301080452E-05
276	256.028319353591	0.115280151367188	0.06500244140625	-3.851318359375E-06	1.97540283203125E-06	-5.82672119140625E-06	-2.50345067343005E-07	-16877.97265625	-1.40812599056517E-05
277	256.078319353464	0.110244750976563	0.05999755859375	-4.2327880859375E-06	2.15179443359375E-06	-6.38458251953125E-06	-2.5395692659913E-07	-14174.4775390625	-1.42833632708061E-05
278	256.128319353338	0.105209350585938	0.054962158203125	-4.638671875E-06	2.34466552734375E-06	-6.98333740234375E-06	-2.549514022121E-07	-11848.6845703125	-1.45051490108017E-05
279	256.178319353212	0.100173950195313	0.050140380859375	-5.0628662109375E-06	2.55523681640625E-06	-7.61810302734375E-06	-2.53854040010992E-07	-9903.556640625	-1.47476876009023E-05
280	256.228319353086	0.0951385498046875	0.0450469970703125	-5.4901123046875E-06	2.784423828125E-06	-8.2745361328125E-06	-2.47313067802679E-07	-8205.1142578125	-1.50115120050032E-05
281	256.278319352959	0.0901031494140625	0.0398193359375	-5.9478759765625E-06	3.02490234375E-06	-8.9727783203125E-06	-2.36840463685439E-07	-6694.7158203125	-1.52974625962088E-05
282	256.328319352833	0.0850677490234375	0.03497314453125	-6.4056396484375E-06	3.271484375E-06	-9.6771240234375E-06	-2.240253564878E-07	-5459.7431640625	-1.56062997120898E-05
283	256.378319352707	0.0800323486328125	0.030072021484375	-6.8450927734375E-06	3.5400390625E-06	-1.03851318359375E-05	-2.05845779532865E-07	-4393.2236328125	-1.59375686052954E-05
284	256.428319352581	0.0749969482421875	0.02489013671875	-7.28759765625E-06	3.80859375E-06	-1.109619140625E-05	-1.8138928226108E-07	-3415.41040039063	-1.62908854690613E-05
285	256.478319352454	0.0699615478515625	0.0197906494140625	-7.708740234375E-06	4.0771484375E-06	-1.1785888671875E-05	-1.52560971855564E-07	-2567.30029296875	-1.66657937370474E-05
286	256.528319352328	0.0649261474609375	0.0148162841796875	-8.1146240234375E-06	4.33349609375E-06	-1.24481201171875E-05	-1.20228563105229E-07	-1825.87451171875	-1.70613784575835E-05
287	256.578319352202	0.0598907470703125	0.0100128173828125	-8.4747314453125E-06	4.5806884765625E-06	-1.3055419921875E-05	-8.48559409405425E-08	-1181.49084472656	-1.74761116795707E-05
288	256.628319352076	0.0548553466796875	0.00486145019531251	-8.8043212890625E-06	4.79736328125E-06	-1.36016845703125E-05	-4.28017692399862E-08	-552.166442871094	-1.79080889211036E-05
289	256.67831935195	0.0498199462890625	-0.000292968749999997	-9.08203125E-06	4.98046875E-06	-1.40625E-05	2.66075139698785E-09	32.2580642700195	-1.83552474481985E-05
290	256.728319351823	0.0447845458984375	-0.0053680419921875	-9.295654296875E-06	5.1239013671875E-06	-1.44195556640625E-05	4.98994623399085E-08	577.478637695313	-1.88146896107355E-05
291	256.778319351697	0.0397491455078125	-0.0103729248046875	-9.46044921875E-06	5.21240234375E-06	-1.46728515625E-05	9.81325243287756E-08	1096.45153808594	-1.92835923371604E-05
292	256.828319351571	0.0347137451171875	-0.0151641845703125	-9.539794921875E-06	5.2520751953125E-06	-1.47918701171875E-05	1.44663204082462E-07	1589.57141113281	-1.97585977730341E-05
293	256.878319351445	0.0296783447265625	-0.0203369140625	-9.55810546875E-06	5.2337646484375E-06	-1.47918701171875E-05	1.94382380414027E-07	2127.71411132813	-2.02360461116768E-05
294	256.928319351318	0.0246429443359375	-0.0255401611328125	-9.4970703125E-06	5.16357421875E-06	-1.466064453125E-05	2.42556694729501E-07	2689.267578125	-2.07124248845503E-05
295	256.978319351192	0.0196075439453125	-0.0306121826171875	-9.36279296875E-06	5.0384521484375E-06	-1.44012451171875E-05	2.86615488676034E-07	3269.55688476563	-2.11839214898646E-05
296	257.028319351066	0.0145721435546875	-0.035382080078125	-9.1552734375E-06	4.864501953125E-06	-1.4019775390625E-05	3.23932596302257E-07	3864.6669921875	-2.1646872482961E-05
297	257.07831935094	0.0095367431640625	-0.040509033203125	-8.8958740234375E-06	4.6478271484375E-06	-1.3543701171875E-05	3.60363259233054E-07	4553.68798828125	-2.20981510210549E-05
298	257.128319350813	0.0045013427734375	-0.0455047607421875	-8.59375E-06	4.3853759765625E-06	-1.29791259765625E-05	3.91056516946264E-07	5295.099609375	-2.25353924179217E-05
299	257.178319350687	-0.0005340576171875	-0.0506591796875	-8.2550048828125E-06	4.0863037109375E-06	-1.234130859375E-05	4.1819177454272E-07	6136.78369140625	-2.29566103371326E-05
300	257.228319350561	-0.0055694580078125	-0.05584716796875	-7.9010009765625E-06	3.77197265625E-06	-1.16729736328125E-05	4.41248516835913E-07	7068.36669921875	-2.33605114772217E-05
301	257.278319350435	-0.0106048583984375	-0.060577392578125	-7.5286865234375E-06	3.4393310546875E-06	-1.0968017578125E-05	4.56068164567114E-07	8046.21044921875	-2.37462536460953E-05
302	257.328319350308	-0.0156402587890625	-0.065643310546875	-7.1380615234375E-06	3.10577392578125E-06	-1.02438354492188E-05	4.68565986011527E-07	9196.23828125	-2.41129218920833E-05
303	257.378319350182	-0.0206756591796875	-0.070648193359375	-6.7626953125E-06	2.76153564453125E-06	-9.52423095703125E-06	4.77772175599966E-07	10446.7509765625	-2.44604416366201E-05
304	257.428319350056	-0.0257110595703125	-0.07586669921875	-6.390380859375E-06	2.4249267578125E-06	-8.8153076171875E-06	4.848171215599E-07	11872.015625	-2.47892676270567E-05
305	257.47831934993	-0.0307464599609375	-0.08111572265625	-6.0333251953125E-06	2.09808349609375E-06	-8.13140869140625E-06	4.89397507408285E-07	13444.61328125	-2.50998600677121E-05
306	257.528319349804	-0.0357818603515625	-0.085968017578125	-5.6976318359375E-06	1.78436279296875E-06	-7.48199462890625E-06	4.89814112825115E-07	15088.376953125	-2.53931339102564E-05
307	257.578319349677	-0.0408172607421875	-0.0908203125	-5.3802490234375E-06	1.49017333984375E-06	-6.87042236328125E-06	4.88635862438969E-07	16880.318359375	-2.56700805039145E-05
308	257.628319349551	-0.0458526611328125	-0.09588623046875	-5.084228515625E-06	1.219482421875E-06	-6.3037109375E-06	4.87507463731163E-07	18859.544921875	-2.59316930169007E-05
309	257.678319349425	-0.0508880615234375	-0.10113525390625	-4.815673828125E-06	9.7381591796875E-07	-5.78948974609375E-06	4.87034355955984E-07	21001.26953125	-2.61791901721153E-05
310	257.728319349299	-0.0559234619140625	-0.10601806640625	-4.5684814453125E-06	7.5286865234375E-07	-5.32135009765625E-06	4.8434156951771E-07	23206.412109375	-2.64137943304377E-05
311	257.778319349172	-0.0609588623046875	-0.110992431640625	-4.345703125E-06	5.59082031249999E-07	-4.90478515625E-06	4.8234016958304E-07	25540.73046875	-2.66366496362025E-05
312	257.828319349046	-0.0659942626953125	-0.11590576171875	-4.1412353515625E-06	3.90625E-07	-4.5318603515625E-06	4.79993047974858E-07	27988.208984375	-2.68488220172003E-05
313	257.87831934892	-0.0710296630859375	-0.121063232421875	-3.9581298828125E-06	2.4749755859375E-07	-4.20562744140625E-06	4.79183938750793E-07	30585.970703125	-2.70513064606348E-05
314	257.928319348794	-0.0760650634765625	-0.12640380859375	-3.79638671875E-06	1.2939453125E-07	-3.92578125E-06	4.7987771267799E-07	33295.8203125	-2.72451707132859E-05
315	257.978319348667	-0.0811004638671875	-0.13116455078125	-3.656005859375E-06	3.08227539062497E-08	-3.68682861328125E-06	4.79538357467391E-07	35876.4609375	-2.74314788839547E-05
316	258.028319348541	-0.0861358642578125	-0.13623046875	-3.5308837890625E-06	-4.60815429687497E-08	-3.48480224609375E-06	4.81013955777598E-07	38582.54296875	-2.76111513812793E-05
317	258.078319348415	-0.0911712646484375	-0.141143798828125	-3.42132568359375E-06	-1.0711669921875E-07	-3.314208984375E-06	4.82898883547023E-07	41254.125	-2.77849576377776E-05
318	258.128319348289	-0.0962066650390625	-0.14642333984375	-3.32550048828125E-06	-1.53503417968751E-07	-3.1719970703125E-06	4.86930844090239E-07	44030.46875	-2.79536270682001E-05
319	258.178319348162	-0.101242065429688	-0.151458740234375	-3.24249267578125E-06	-1.8157958984375E-07	-3.0609130859375E-06	4.91103833155648E-07	46710.58984375	-2.81178272416582E-05
320	258.228319348036	-0.106277465820313	-0.156341552734375	-3.1524658203125E-06	-2.0416259765625E-07	-2.94830322265625E-06	4.92861374823406E-07	49593.41796875	-2.82777018583147E-05
321	258.27831934791	-0.111312866210938	-0.161285400390625	-3.0926513671875E-06	-2.1820068359375E-07	-2.87445068359375E-06	4.98799465731281E-07	52151.17578125	-2.84338293567998E-05
322	258.328319347784	-0.116348266601563	-0.166229248046875	-3.035888671875E-06	-2.2613525390625E-07	-2.80975341796875E-06	5.04653485222661E-07	54754.7265625	-2.85870428342605E-05
323	258.378319347657	-0.121383666992188	-0.17156982421875	-2.9901123046875E-06	-2.276611328125E-07	-2.762451171875E-06	5.13013048930588E-07	57379.05859375	-2.87376933556516E-05
324	258.428319347531	-0.126419067382813	-0.17645263671875	-2.94921875E-06	-2.24609375E-07	-2.724609375E-06	5.20397406944539E-07	59830.30078125	-2.88861756416736E-05
325	258.478319347405	-0.131454467773438	-0.18157958984375	-2.911376953125E-06	-2.178955078125E-07	-2.6934814453125E-06	5.28646637576458E-07	62368.97265625	-2.90326916001504E-05
326	258.528319347279	-0.136489868164063	-0.186553955078125	-2.88177490234375E-06	-2.06298828125E-07	-2.67547607421875E-06	5.37606524630974E-07	64735.78515625	-2.91775195364608E-05
327	258.578319347153	-0.141525268554688	-0.191497802734375	-2.8558349609375E-06	-1.95922851562499E-07	-2.659912109375E-06	5.46886099073163E-07	67054.9296875	-2.93209595838562E-05
328	258.628319347026	-0.146560668945313	-0.19671630859375	-2.833251953125E-06	-1.81884765625E-07	-2.6513671875E-06	5.5734687975928E-07	69431.28125	-2.94631881843088E-05
329	258.6783193469	-0.151596069335938	-0.20172119140625	-2.81494140625E-06	-1.666259765625E-07	-2.6483154296875E-06	5.67833296827303E-07	71660.8828125	-2.96043926937273E-05
330	258.728319346774	-0.156631469726563	-0.2066650390625	-2.79754638671875E-06	-1.5106201171875E-07	-2.646484375E-06	5.78155038510886E-07	73873.6796875	-2.97447040793486E-05
331	258.778319346648	-0.161666870117188	-0.211639404296875	-2.78594970703125E-06	-1.3427734375E-07	-2.65167236328125E-06	5.89616718116304E-07	75966.703125	-2.98842915071873E-05
332	258.828319346521	-0.166702270507813	-0.217010498046875	-2.7728271484375E-06	-1.202392578125E-07	-2.652587890625E-06	6.01732551785972E-07	78263.265625	-3.00232604786288E-05
333	258.878319346395	-0.171737670898438	-0.22198486328125	-2.76519775390625E-06	-1.02844238281249E-07	-2.662353515625E-06	6.13832014551008E-07	80278.1171875	-3.01617110380903E-05
334	258.928319346269	-0.176773071289063	-0.2266845703125	-2.75543212890625E-06	-8.51440429687503E-08	-2.6702880859375E-06	6.24613903710269E-07	82268.25	-3.02997268590843E-05
335	258.978319346143	-0.181808471679688	-0.23175048828125	-2.75054931640625E-06	-7.01904296875E-08	-2.68035888671875E-06	6.3744113276698E-07	84256.0703125	-3.04373770632083E-05
336	259.028319346016	-0.186843872070313	-0.236968994140625	-2.742919921875E-06	-5.46264648437503E-08	-2.68829345703125E-06	6.49986930056912E-07	86392.96875	-3.05747125821654E-05
337	259.07831934589	-0.191879272460938	-0.242034912109375	-2.74383544921875E-06	-3.814697265625E-08	-2.7056884765625E-06	6.64103993130993E-07	88210.4296875	-3.07118825730868E-05
338	259.128319345764	-0.196914672851563	-0.247161865234375	-2.73590087890625E-06	-2.22778320312506E-08	-2.713623046875E-06	6.76210333949712E-07	90340.2109375	-3.08488779410254E-05
339	259.178319345638	-0.201950073242188	-0.25189208984375	-2.73895263671875E-06	-6.40869140624972E-09	-2.7325439453125E-06	6.89920511831588E-07	91966.578125	-3.09857459797058E-05
340	259.228319345511	-0.206985473632813	-0.257049560546875	-2.73681640625E-06	6.40869140624972E-09	-2.74322509765625E-06	7.03497448739654E-07	93922.8359375	-3.11226431222167E-05
341	259.278319345385	-0.212020874023438	-0.2623291015625	-2.7337646484375E-06	2.04467773437494E-08	-2.75421142578125E-06	7.17146008355485E-07	95958.921875	-3.12594056595117E-05
342	259.328319345259	-0.217056274414063	-0.2672119140625	-2.74017333984375E-06	3.47900390625003E-08	-2.77496337890625E-06	7.32206899556331E-07	97516.4375	-3.13962555082981E-05
343	259.378319345133	-0.222091674804688	-0.272247314453125	-2.74444580078125E-06	4.69970703125003E-08	-2.79144287109375E-06	7.47167973713658E-07	99199.3828125	-3.15333709295373E-05
344	259.428319345006	-0.227127075195313	-0.277130126953125	-2.74688720703125E-06	6.01196289062494E-08	-2.8070068359375E-06	7.612451327077E-07	100888.796875	-3.16706536978018E-05
345	259.47831934488	-0.232162475585938	-0.2822265625	-2.75054931640625E-06	7.23266601562494E-08	-2.8228759765625E-06	7.76278113789886E-07	102607.34375	-3.18080892611761E-05
346	259.528319344754	-0.237197875976563	-0.28729248046875	-2.752685546875E-06	8.36181640625003E-08	-2.8363037109375E-06	7.90825879448676E-07	104368.0703125	-3.19456703437027E-05
347	259.578319344628	-0.242233276367188	-0.292327880859375	-2.7618408203125E-06	9.42993164062503E-08	-2.85614013671875E-06	8.07363051080756E-07	105845.3046875	-3.20835351885762E-05
348	259.628319344502	-0.247268676757813	-0.2972412109375	-2.763671875E-06	1.05895996093749E-07	-2.86956787109375E-06	8.21477158297057E-07	107553.0078125	-3.22216728818603E-05
349	259.678319344375	-0.252304077148438	-0.302337646484375	-2.772216796875E-06	1.15966796875E-07	-2.88818359375E-06	8.38145467696449E-07	109059.890625	-3.23600688716397E-05
350	259.728319344249	-0.257339477539063	-0.3076171875	-2.77679443359375E-06	1.263427734375E-07	-2.90313720703125E-06	8.54189693200169E-07	110781.40625	-3.24987922795117E-05
351	259.778319344123	-0.262374877929688	-0.312408447265625	-2.789306640625E-06	1.361083984375E-07	-2.9254150390625E-06	8.7140296045618E-07	112002.1875	-3.26379449688829E-05
352	259.828319343997	-0.267410278320313	-0.3173828125	-2.79541015625E-06	1.44348144531251E-07	-2.93975830078125E-06	8.8721515112411E-07	113537.1171875	-3.27775633195415E-05
353	259.87831934387	-0.272445678710938	-0.322509765625	-2.80364990234375E-06	1.544189453125E-07	-2.95806884765625E-06	9.04204398466391E-07	115032.1171875	-3.2917541830102E-05
354	259.928319343744	-0.277481079101563	-0.32757568359375	-2.80914306640625E-06	1.6204833984375E-07	-2.97119140625E-06	9.20206957744085E-07	116610.5390625	-3.30578586726915E-05
355	259.978319343618	-0.282516479492188	-0.332794189453125	-2.82318115234375E-06	1.70288085937501E-07	-2.99346923828125E-06	9.39538267630269E-07	117879.1484375	-3.31986702803988E-05
356	260.028319343492	-0.287551879882813	-0.337615966796875	-2.83172607421875E-06	1.7730712890625E-07	-3.009033203125E-06	9.56035933086241E-07	119226.2109375	-3.33400421368424E-05
357	260.078319343365	-0.292587280273438	-0.342559814453125	-2.84210205078125E-06	1.84020996093751E-07	-3.026123046875E-06	9.73589976638323E-07	120530.4375	-3.34818869305309E-05
358	260.128319343239	-0.297622680664063	-0.347686767578125	-2.852783203125E-06	1.91650390625001E-07	-3.04443359375E-06	9.91874912870117E-07	121876.3359375	-3.36242592311464E-05
359	260.178319343113	-0.302658081054688	-0.352935791015625	-2.86773681640625E-06	1.97448730468749E-07	-3.065185546875E-06	1.01212697245501E-06	123071.1953125	-3.3767271816032E-05
360	260.228319342987	-0.307693481445313	-0.357666015625	-2.87750244140625E-06	2.05078124999999E-07	-3.08258056640625E-06	1.02918477296043E-06	124297.3828125	-3.39109028573148E-05
361	260.27831934286	-0.312728881835938	-0.362701416015625	-2.89306640625E-06	2.09655761718749E-07	-3.10272216796875E-06	1.04931928035512E-06	125369.203125	-3.405516690691E-05
362	260.328319342734	-0.317764282226563	-0.36785888671875	-2.90557861328125E-06	2.154541015625E-07	-3.12103271484375E-06	1.06884294837073E-06	126604.34375	-3.4200133086415E-05
363	260.378319342608	-0.322799682617188	-0.37286376953125	-2.92449951171875E-06	2.2003173828125E-07	-3.14453125E-06	1.09043992324587E-06	127496.609375	-3.43458850693423E-05
364	260.428319342482	-0.327835083007813	-0.378082275390625	-2.93853759765625E-06	2.25219726562501E-07	-3.16375732421875E-06	1.11100894173433E-06	128663.4140625	-3.44924628734589E-05
365	260.478319342355	-0.332870483398438	-0.382843017578125	-2.9559326171875E-06	2.29797363281251E-07	-3.18572998046875E-06	1.13165810944338E-06	129516.828125	-3.46398228430189E-05
366	260.528319342229	-0.337905883789063	-0.38787841796875	-2.96966552734375E-06	2.3345947265625E-07	-3.203125E-06	1.15186912807985E-06	130613.5078125	-3.47879613400437E-05
367	260.578319342103	-0.342941284179688	-0.393157958984375	-2.99072265625E-06	2.362060546875E-07	-3.2269287109375E-06	1.17582635539293E-06	131459.1875	-3.49369729519822E-05
368	260.628319341977	-0.347976684570313	-0.3980712890625	-3.011474609375E-06	2.4078369140625E-07	-3.25225830078125E-06	1.19878154691833E-06	132184.84375	-3.50870286638383E-05
369	260.678319341851	-0.353012084960938	-0.402923583984375	-3.03680419921875E-06	2.42004394531251E-07	-3.27880859375E-06	1.22360006571398E-06	132680.140625	-3.52382339769974E-05
370	260.728319341724	-0.358047485351563	-0.408050537109375	-3.05419921875E-06	2.44140625E-07	-3.29833984375E-06	1.24626762953994E-06	133603.125	-3.53905088559259E-05
371	260.778319341598	-0.363082885742188	-0.413299560546875	-3.08013916015625E-06	2.46582031250001E-07	-3.32672119140625E-06	1.27302018881892E-06	134182.109375	-3.55438678525388E-05
372	260.828319341472	-0.368118286132813	-0.41827392578125	-3.10455322265625E-06	2.471923828125E-07	-3.35174560546875E-06	1.29855357045017E-06	134729.1875	-3.5698485589819E-05
373	260.878319341346	-0.373153686523438	-0.42315673828125	-3.133544921875E-06	2.47802734374999E-07	-3.38134765625E-06	1.32598063373734E-06	135040.90625	-3.58544384653214E-05
374	260.928319341219	-0.378189086914063	-0.428192138671875	-3.15704345703125E-06	2.490234375E-07	-3.40606689453125E-06	1.35182119720412E-06	135630.734375	-3.60117010131944E-05
375	260.978319341093	-0.383224487304688	-0.433349609375	-3.1884765625E-06	2.471923828125E-07	-3.4356689453125E-06	1.3817250419379E-06	135911.1875	-3.61703423550352E-05
376	261.028319340967	-0.388259887695313	-0.438446044921875	-3.21807861328125E-06	2.484130859375E-07	-3.46649169921875E-06	1.41095381422929E-06	136244.671875	-3.63305043720175E-05
377	261.078319340841	-0.393295288085938	-0.44329833984375	-3.25286865234375E-06	2.46582031250001E-07	-3.49945068359375E-06	1.44199123042199E-06	136279.203125	-3.64922780136112E-05
378	261.128319340714	-0.398330688476563	-0.44830322265625	-3.2843017578125E-06	2.4566650390625E-07	-3.52996826171875E-06	1.47236312386667E-06	136498.796875	-3.66557069355622E-05
379	261.178319340588	-0.403366088867188	-0.453338623046875	-3.30810546875E-06	2.4261474609375E-07	-3.55072021484375E-06	1.49969184803922E-06	137038.75	-3.68205182894599E-05
380	261.228319340462	-0.408401489257813	-0.458648681640625	-3.3587646484375E-06	2.3956298828125E-07	-3.59832763671875E-06	1.54049291722913E-06	136552.796875	-3.6987188650528E-05
381	261.278319340336	-0.413436889648438	-0.463531494140625	-3.3905029296875E-06	2.34375000000001E-07	-3.6248779296875E-06	1.57160479830054E-06	136714.671875	-3.71559217455797E-05
382	261.328319340209	-0.418472290039063	-0.46856689453125	-3.4332275390625E-06	2.29797363281251E-07	-3.66302490234375E-06	1.60869672072295E-06	136480	-3.73265138478018E-05
383	261.378319340083	-0.423507690429688	-0.47344970703125	-3.472900390625E-06	2.2552490234375E-07	-3.69842529296875E-06	1.64424363902071E-06	136326.890625	-3.74991686840076E-05
384	261.428319339957	-0.428543090820313	-0.4786376953125	-3.5186767578125E-06	2.19116210937501E-07	-3.73779296875E-06	1.68417136592325E-06	136027.75	-3.76739553757943E-05
385	261.478319339831	-0.433578491210938	-0.483734130859375	-3.564453125E-06	2.1209716796875E-07	-3.77655029296875E-06	1.72424756783585E-06	135710.625	-3.78510339942295E-05
386	261.528319339704	-0.438613891601563	-0.488616943359375	-3.61328125E-06	2.05078124999999E-07	-3.818359375E-06	1.76551043296058E-06	135228.046875	-3.80304772988893E-05
387	261.578319339578	-0.443649291992188	-0.493560791015625	-3.6651611328125E-06	1.94396972656249E-07	-3.85955810546875E-06	1.80897984591866E-06	134662.78125	-3.82124380848836E-05
388	261.628319339452	-0.448684692382813	-0.498870849609375	-3.717041015625E-06	1.86767578124999E-07	-3.90380859375E-06	1.85432338639657E-06	134211.828125	-3.83969963877462E-05
389	261.678319339326	-0.453720092773438	-0.50396728515625	-3.77197265625E-06	1.77001953125E-07	-3.948974609375E-06	1.90095079233288E-06	133608.421875	-3.85842213290744E-05
390	261.7283193392	-0.458755493164063	-0.5086669921875	-3.826904296875E-06	1.678466796875E-07	-3.9947509765625E-06	1.94661970454035E-06	132918.671875	-3.87741929444019E-05
391	261.778319339073	-0.463790893554688	-0.51385498046875	-3.8848876953125E-06	1.5594482421875E-07	-4.04083251953125E-06	1.99626879293646E-06	132270.234375	-3.89669876312837E-05
392	261.828319338947	-0.468826293945313	-0.518798828125	-3.94287109375E-06	1.4373779296875E-07	-4.08660888671875E-06	2.04555681193597E-06	131578.953125	-3.91626817872748E-05
393	261.878319338821	-0.473861694335938	-0.52410888671875	-4.00390625E-06	1.3275146484375E-07	-4.13665771484375E-06	2.09848280974256E-06	130899.390625	-3.93613518099301E-05
394	261.928319338695	-0.478897094726563	-0.5289306640625	-4.06494140625E-06	1.20849609375E-07	-4.185791015625E-06	2.15007207771123E-06	130120.1328125	-3.95630704588257E-05
395	261.978319338568	-0.483932495117188	-0.53387451171875	-4.1229248046875E-06	1.08642578125E-07	-4.2315673828125E-06	2.2011242890585E-06	129489.2734375	-3.97677686123643E-05
396	262.028319338442	-0.488967895507813	-0.538970947265625	-4.180908203125E-06	9.765625E-08	-4.278564453125E-06	2.25338794734853E-06	128912.4140625	-3.99753625970334E-05
397	262.078319338316	-0.494003295898438	-0.5443115234375	-4.2388916015625E-06	8.544921875E-08	-4.3243408203125E-06	2.30727755479165E-06	128408.9296875	-4.01858596887905E-05
398	262.12831933819	-0.499038696289063	-0.549072265625	-4.302978515625E-06	7.50732421874997E-08	-4.3780517578125E-06	2.36264622799354E-06	127602.8359375	-4.0399405406788E-05
