Potential - Start 1.505 V, Stop -0.205 V, Step -0.005 V; Modulation - Amplitude -0.05 V, Time 0.025 s, Interval time 0.05 s
Index	Base.Time (s)	Potential applied (V)	WE(1).Base.Potential (V)	WE(1).Base.Current (A)	WE(1).Pulse.Current (A)	WE(1).δ.Current (A)	WE(1).Base.Power (W)	WE(1).Base.Resistance (Ω)	WE(1).Base.Charge (C)
1	163.285612587743	1.50497436523438	1.50482177734375	1.68212890625E-06	1.046142578125E-06	-6.35986328124999E-07	2.53130406235869E-06	894593.625	0
2	163.335612587617	1.49993896484375	1.4996337890625	1.75994873046875E-06	1.06292724609375E-06	-6.97021484374999E-07	2.63927836385847E-06	852089.5	8.60519406842286E-08
3	163.385612587491	1.49490356445313	1.49444580078125	1.73797607421875E-06	1.05499267578125E-06	-6.82983398437501E-07	2.59731109508721E-06	859877.125	1.73500055211662E-07
4	163.435612587365	1.4898681640625	1.48956298828125	1.7083740234375E-06	1.04248046875E-06	-6.65893554687501E-07	2.54473047789361E-06	871918.5625	2.5965880467993E-07
5	163.485612587239	1.48483276367188	1.4849853515625	1.6790771484375E-06	1.02874755859375E-06	-6.5032958984375E-07	2.49340473601478E-06	884405.6875	3.44345068015173E-07
6	163.535612587112	1.47979736328125	1.4794921875	1.65008544921875E-06	1.0150146484375E-06	-6.3507080078125E-07	2.44128841586644E-06	896615.5	4.27574150307919E-07
7	163.585612586986	1.47476196289063	1.474609375	1.62384033203125E-06	1.00250244140625E-06	-6.21337890625E-07	2.39453015637991E-06	908100	5.0942230700457E-07
8	163.63561258686	1.4697265625	1.4697265625	1.59912109375E-06	9.89990234375E-07	-6.09130859375E-07	2.35027073358651E-06	919083.9375	5.89996318467456E-07
9	163.685612586734	1.46469116210938	1.46484375	1.5765380859375E-06	9.783935546875E-07	-5.9814453125E-07	2.30938189815788E-06	929152.1875	6.69387816287781E-07
10	163.735612586607	1.45965576171875	1.45965576171875	1.5557861328125E-06	9.661865234375E-07	-5.89599609375001E-07	2.27091209126229E-06	938211.125	7.47695878544619E-07
11	163.785612586481	1.45462036132813	1.4544677734375	1.5362548828125E-06	9.55810546875E-07	-5.80444335937501E-07	2.23443316826888E-06	946762	8.24996902792918E-07
12	163.835612586355	1.4495849609375	1.44927978515625	1.5185546875E-06	9.4512939453125E-07	-5.7342529296875E-07	2.20081051338639E-06	954381.0625	9.01367172900791E-07
13	163.885612586229	1.44454956054688	1.44439697265625	1.50146484375E-06	9.3536376953125E-07	-5.6610107421875E-07	2.16871126212936E-06	961991.875	9.76867681856675E-07
14	163.935612586102	1.43951416015625	1.4398193359375	1.4862060546875E-06	9.259033203125E-07	-5.60302734375E-07	2.13986800190469E-06	968788.5625	1.05155936580559E-06
15	163.985612585976	1.43447875976563	1.434326171875	1.47186279296875E-06	9.1705322265625E-07	-5.54809570312501E-07	2.11113137993379E-06	974497.1875	1.12551117581461E-06
16	164.03561258585	1.429443359375	1.429443359375	1.458740234375E-06	9.08203125E-07	-5.50537109375E-07	2.08518645194999E-06	979916.375	1.19877620363695E-06
17	164.085612585724	1.42440795898438	1.42425537109375	1.446533203125E-06	9.002685546875E-07	-5.462646484375E-07	2.06023264581745E-06	984599.1875	1.27140799577319E-06
18	164.135612585597	1.41937255859375	1.41937255859375	1.43524169921875E-06	8.92333984375E-07	-5.4290771484375E-07	2.03714262170251E-06	988943.25	1.34345236801892E-06
19	164.185612585471	1.41433715820313	1.4141845703125	1.4251708984375E-06	8.84399414062501E-07	-5.40771484375E-07	2.01545458367036E-06	992291.3125	1.41496275318787E-06
20	164.235612585345	1.4093017578125	1.40960693359375	1.414794921875E-06	8.76770019531251E-07	-5.38024902343749E-07	1.99430451175431E-06	996333.125	1.48596188864758E-06
21	164.285612585219	1.40426635742188	1.4044189453125	1.40625E-06	8.69140625000001E-07	-5.37109375E-07	1.97496410692111E-06	998697.875	1.55648797317554E-06
22	164.335612585092	1.39923095703125	1.39892578125	1.39801025390625E-06	8.6212158203125E-07	-5.35888671875E-07	1.955712605195E-06	1000654.875	1.62659443958546E-06
23	164.385612584966	1.39419555664063	1.3946533203125	1.390380859375E-06	8.55407714843751E-07	-5.34973144531249E-07	1.93909932022507E-06	1003072.875	1.69630425261857E-06
24	164.43561258484	1.38916015625	1.38946533203125	1.38336181640625E-06	8.48388671875E-07	-5.34973144531251E-07	1.92213315131085E-06	1004412.125	1.76564788034739E-06
25	164.485612584714	1.38412475585938	1.38397216796875	1.376953125E-06	8.4228515625E-07	-5.34667968749999E-07	1.90566470337217E-06	1005097.5625	1.83465567715757E-06
26	164.535612584588	1.37908935546875	1.37939453125	1.370849609375E-06	8.3648681640625E-07	-5.3436279296875E-07	1.89094237157406E-06	1006233.375	1.90335072147718E-06
27	164.585612584461	1.37405395507813	1.373291015625	1.3653564453125E-06	8.30078125E-07	-5.352783203125E-07	1.87503167126124E-06	1005811.375	1.9717558643606E-06
28	164.635612584335	1.3690185546875	1.36932373046875	1.3604736328125E-06	8.2427978515625E-07	-5.36193847656251E-07	1.86292868420423E-06	1006505.1875	2.03990157388034E-06
29	164.685612584209	1.36398315429688	1.3641357421875	1.356201171875E-06	8.18786621093751E-07	-5.3741455078125E-07	1.85004239483533E-06	1005850.625	2.10781854548259E-06
30	164.735612584083	1.35894775390625	1.35894775390625	1.3519287109375E-06	8.1298828125E-07	-5.389404296875E-07	1.83720032964629E-06	1005191.9375	2.17552178582991E-06
31	164.785612583956	1.35391235351563	1.353759765625	1.34796142578125E-06	8.0718994140625E-07	-5.40771484375E-07	1.82481596766593E-06	1004301.5625	2.24301902562729E-06
32	164.83561258383	1.348876953125	1.348876953125	1.34490966796875E-06	8.013916015625E-07	-5.4351806640625E-07	1.81411758148897E-06	1002949.875	2.31034073294722E-06
33	164.885612583704	1.34384155273438	1.34368896484375	1.34124755859375E-06	7.95593261718749E-07	-5.45654296875001E-07	1.80221945811354E-06	1001820.25	2.37749463849468E-06
34	164.935612583578	1.33880615234375	1.33819580078125	1.33819580078125E-06	7.904052734375E-07	-5.4779052734375E-07	1.79076789663668E-06	1000000.0625	2.44448074226966E-06
35	164.985612583451	1.33377075195313	1.33331298828125	1.33575439453125E-06	7.8460693359375E-07	-5.511474609375E-07	1.78097866410099E-06	998172.25	2.51132951234467E-06
36	165.035612583325	1.3287353515625	1.32904052734375	1.3330078125E-06	7.79113769531251E-07	-5.5389404296875E-07	1.77162132786179E-06	997023.875	2.57804867942468E-06
37	165.085612583199	1.32369995117188	1.3232421875	1.33026123046875E-06	7.7392578125E-07	-5.56335449218751E-07	1.76025764631049E-06	994723.625	2.64463028543105E-06
38	165.135612583073	1.31866455078125	1.3189697265625	1.32781982421875E-06	7.68432617187501E-07	-5.59387207031249E-07	1.75135403424065E-06	993334.9375	2.71108228844241E-06
39	165.185612582946	1.31362915039063	1.3134765625	1.32568359375E-06	7.63549804687499E-07	-5.62133789062501E-07	1.74125432295114E-06	990791.9375	2.77741992249503E-06
40	165.23561258282	1.30859375	1.30889892578125	1.32354736328125E-06	7.57751464843751E-07	-5.65795898437499E-07	1.73238959177979E-06	988932.5	2.84365069092019E-06
41	165.285612582694	1.30355834960938	1.3031005859375	1.32171630859375E-06	7.52868652343749E-07	-5.6884765625E-07	1.72232921613613E-06	985915.5625	2.90978232442285E-06
42	165.335612582568	1.29852294921875	1.298828125	1.319580078125E-06	7.4737548828125E-07	-5.7220458984375E-07	1.71390774994507E-06	984273.8125	2.97581482300302E-06
43	165.385612582441	1.29348754882813	1.2933349609375	1.3177490234375E-06	7.421875E-07	-5.75561523437501E-07	1.70429086665536E-06	981472.875	3.04174795928702E-06
44	165.435612582315	1.2884521484375	1.2884521484375	1.31591796875E-06	7.373046875E-07	-5.7861328125E-07	1.69549730344443E-06	979128	3.1075896913535E-06
45	165.485612582189	1.28341674804688	1.2835693359375	1.3140869140625E-06	7.31811523437501E-07	-5.82275390624999E-07	1.68672158906702E-06	976776.625	3.17333979182877E-06
46	165.535612582063	1.27838134765625	1.278076171875	1.31195068359375E-06	7.2662353515625E-07	-5.85327148437501E-07	1.676772853898E-06	974180.0625	3.23899075738154E-06
47	165.585612581937	1.27334594726563	1.27288818359375	1.31103515625E-06	7.1990966796875E-07	-5.91125488281249E-07	1.66880113283696E-06	970903.1875	3.30456532537937E-06
48	165.63561258181	1.268310546875	1.26800537109375	1.30859375E-06	7.14721679687499E-07	-5.93872070312501E-07	1.65930384810054E-06	968983.25	3.37005599249096E-06
49	165.685612581684	1.26327514648438	1.26312255859375	1.3067626953125E-06	7.0831298828125E-07	-5.9844970703125E-07	1.65060146173346E-06	966604.4375	3.43544002134877E-06
50	165.735612581558	1.25823974609375	1.2579345703125	1.304931640625E-06	7.0068359375E-07	-6.04248046875E-07	1.64151856552053E-06	963985.0625	3.5007321912417E-06
51	165.785612581432	1.25320434570313	1.25335693359375	1.30340576171875E-06	6.939697265625E-07	-6.09436035156249E-07	1.63363256433513E-06	961601.5	3.56594068762206E-06
52	165.835612581305	1.2481689453125	1.2481689453125	1.302490234375E-06	6.8634033203125E-07	-6.1614990234375E-07	1.62572780482151E-06	958294.3125	3.63108824785741E-06
53	165.885612581179	1.24313354492188	1.2432861328125	1.30126953125E-06	6.78100585937499E-07	-6.23168945312501E-07	1.61785033014894E-06	955440.875	3.69618214790535E-06
54	165.935612581053	1.23809814453125	1.23809814453125	1.29974365234375E-06	6.695556640625E-07	-6.3018798828125E-07	1.60921024416893E-06	952571.0625	3.7612073811033E-06
55	165.985612580927	1.23306274414063	1.23321533203125	1.2994384765625E-06	6.59790039062499E-07	-6.39648437500001E-07	1.60248737302027E-06	949037.1875	3.8261869121925E-06
56	166.0356125808	1.22802734375	1.22833251953125	1.298828125E-06	6.500244140625E-07	-6.488037109375E-07	1.59539285959909E-06	945723.6875	3.89114347854047E-06
57	166.085612580674	1.22299194335938	1.2225341796875	1.298828125E-06	6.3812255859375E-07	-6.6070556640625E-07	1.58786178872106E-06	941259.375	3.95608503822586E-06
58	166.135612580548	1.21795654296875	1.2176513671875	1.298828125E-06	6.26220703124999E-07	-6.72607421875E-07	1.58151988216559E-06	937500	4.02102659791126E-06
59	166.185612580422	1.21292114257813	1.2127685546875	1.2994384765625E-06	6.1248779296875E-07	-6.86950683593751E-07	1.5759180769237E-06	933302.0625	4.08598316425923E-06
60	166.235612580295	1.2078857421875	1.20758056640625	1.30035400390625E-06	5.97534179687501E-07	-7.02819824218749E-07	1.57028216563049E-06	928655.3125	4.15097792938468E-06
61	166.285612580169	1.20285034179688	1.202392578125	1.30218505859375E-06	5.810546875E-07	-7.21130371093749E-07	1.5657376479794E-06	923365.375	4.21604136136011E-06
62	166.335612580043	1.19781494140625	1.197509765625	1.3043212890625E-06	5.6121826171875E-07	-7.4310302734375E-07	1.56193743805488E-06	918109.5	4.28120392825804E-06
63	166.385612579917	1.19277954101563	1.19293212890625	1.30706787109375E-06	5.3924560546875E-07	-7.67822265625001E-07	1.55924317368772E-06	912678.0625	4.34648882219335E-06
64	166.43561257979	1.187744140625	1.187744140625	1.31072998046875E-06	5.145263671875E-07	-7.9620361328125E-07	1.5568118669762E-06	906169.9375	4.41193378719618E-06
65	166.485612579664	1.18270874023438	1.18255615234375	1.31622314453125E-06	4.86145019531251E-07	-8.30078125E-07	1.5565077546853E-06	898446.5625	4.4776074901165E-06
66	166.535612579538	1.17767333984375	1.177978515625	1.322021484375E-06	4.534912109375E-07	-8.685302734375E-07	1.55731288487004E-06	891043.375	4.54356359114172E-06
67	166.585612579412	1.17263793945313	1.17218017578125	1.3299560546875E-06	4.1656494140625E-07	-9.13391113281251E-07	1.55894804265699E-06	881367.625	4.60986302641686E-06
68	166.635612579286	1.1676025390625	1.1676025390625	1.33880615234375E-06	3.7353515625E-07	-9.65270996093749E-07	1.56319345023803E-06	872122.1875	4.67658219349687E-06
69	166.685612579159	1.16256713867188	1.16241455078125	1.3507080078125E-06	3.24096679687499E-07	-1.026611328125E-06	1.57008264523029E-06	860596.5	4.74382022730424E-06
70	166.735612579033	1.15753173828125	1.1572265625	1.36474609375E-06	2.667236328125E-07	-1.0980224609375E-06	1.57932038291619E-06	847942.8125	4.81170627608662E-06
71	166.785612578907	1.15249633789063	1.15325927734375	1.3812255859375E-06	2.0111083984375E-07	-1.18011474609375E-06	1.59291107593162E-06	834953.625	4.88035584567115E-06
72	166.835612578781	1.1474609375	1.1480712890625	1.40045166015625E-06	1.263427734375E-07	-1.27410888671875E-06	1.60781837621471E-06	819786.4375	4.94989762955811E-06
73	166.885612578654	1.14242553710938	1.14227294921875	1.42364501953125E-06	3.99780273437497E-08	-1.3836669921875E-06	1.62619119237206E-06	802358	5.02049988426734E-06
74	166.935612578528	1.13739013671875	1.13739013671875	1.4501953125E-06	-5.61523437500003E-08	-1.50634765625E-06	1.64943787694938E-06	784301.3125	5.09234587298124E-06
75	166.985612578402	1.13235473632813	1.13250732421875	1.48040771484375E-06	-1.64794921875E-07	-1.64520263671875E-06	1.67657253768994E-06	764996.875	5.16561112817726E-06
76	167.035612578276	1.1273193359375	1.1273193359375	1.51519775390625E-06	-2.8564453125E-07	-1.80084228515625E-06	1.7081116538975E-06	744008.0625	5.240501195658E-06
77	167.085612578149	1.12228393554688	1.1224365234375	1.55426025390625E-06	-4.193115234375E-07	-1.97357177734375E-06	1.74455840351584E-06	722167.75	5.31723753738333E-06
78	167.135612578023	1.11724853515625	1.11724853515625	1.59637451171875E-06	-5.63964843750001E-07	-2.16033935546875E-06	1.78354696345195E-06	699866.1875	5.39600341653568E-06
79	167.185612577897	1.11221313476563	1.11175537109375	1.64215087890625E-06	-7.18078613281251E-07	-2.3602294921875E-06	1.82567009687773E-06	677011.6875	5.4769666348875E-06
80	167.235612577771	1.107177734375	1.10748291015625	1.6912841796875E-06	-8.80126953125E-07	-2.5714111328125E-06	1.87306829957379E-06	654817.75	5.56030272491626E-06
81	167.285612577644	1.10214233398438	1.10198974609375	1.74224853515625E-06	-1.048583984375E-06	-2.79083251953125E-06	1.91993990483752E-06	632510.0625	5.64614083486958E-06
82	167.335612577518	1.09710693359375	1.097412109375	1.793212890625E-06	-1.21795654296875E-06	-3.01116943359375E-06	1.96789346773585E-06	611980.9375	5.73452734897728E-06
83	167.385612577392	1.09207153320313	1.092529296875	1.84234619140625E-06	-1.3848876953125E-06	-3.22723388671875E-06	2.01281704903522E-06	593009.8125	5.82541633775691E-06
84	167.435612577266	1.0870361328125	1.08673095703125	1.88751220703125E-06	-1.5460205078125E-06	-3.43353271484375E-06	2.05121796170715E-06	575747.75	5.91866273680353E-06
85	167.485612577139	1.08200073242188	1.0821533203125	1.92626953125E-06	-1.69525146484375E-06	-3.62152099609375E-06	2.08451888283889E-06	561787.0625	6.01400734012714E-06
86	167.535612577013	1.07696533203125	1.07696533203125	1.95556640625E-06	-1.82891845703125E-06	-3.78448486328125E-06	2.10607731787604E-06	550717.875	6.11105315329041E-06
87	167.585612576887	1.07192993164063	1.07208251953125	1.97235107421875E-06	-1.9427490234375E-06	-3.91510009765625E-06	2.11452311305038E-06	543555.625	6.20925129624084E-06
88	167.635612576761	1.06689453125	1.06689453125	1.97601318359375E-06	-2.0330810546875E-06	-4.00909423828125E-06	2.10819757739955E-06	539922.75	6.3079601204663E-06
89	167.685612576635	1.06185913085938	1.06170654296875	1.962890625E-06	-2.0977783203125E-06	-4.0606689453125E-06	2.08401365853206E-06	540889.3125	6.40643293081666E-06
90	167.735612576508	1.05682373046875	1.05712890625	1.93328857421875E-06	-2.13470458984375E-06	-4.0679931640625E-06	2.04373532142199E-06	546803.5	6.50383753963979E-06
91	167.785612576382	1.05178833007813	1.05133056640625	1.88507080078125E-06	-2.14324951171875E-06	-4.0283203125E-06	1.9818326109089E-06	557714.125	6.59929628454847E-06
92	167.835612576256	1.0467529296875	1.0467529296875	1.8218994140625E-06	-2.1270751953125E-06	-3.948974609375E-06	1.90707851288607E-06	574539.375	6.69197061142768E-06
93	167.88561257613	1.04171752929688	1.04156494140625	1.744384765625E-06	-2.08648681640625E-06	-3.83087158203125E-06	1.81688994871365E-06	597095.875	6.78112792229513E-06
94	167.935612576003	1.03668212890625	1.03668212890625	1.6546630859375E-06	-2.02545166015625E-06	-3.68011474609375E-06	1.71535964454961E-06	626521.625	6.86610383127118E-06
95	167.985612575877	1.03164672851563	1.03118896484375	1.55548095703125E-06	-1.94732666015625E-06	-3.5028076171875E-06	1.60399474680162E-06	662939	6.94635764375562E-06
96	168.035612575751	1.026611328125	1.026611328125	1.45111083984375E-06	-1.85699462890625E-06	-3.30810546875E-06	1.48972685565241E-06	707465.8125	7.02152237863629E-06
97	168.085612575625	1.02157592773438	1.02142333984375	1.34368896484375E-06	-1.75872802734375E-06	-3.1024169921875E-06	1.37247525344719E-06	760163.5625	7.09139249011059E-06
98	168.135612575498	1.01654052734375	1.016845703125	1.236572265625E-06	-1.654052734375E-06	-2.890625E-06	1.25740314160794E-06	822310	7.15589885658119E-06
99	168.185612575372	1.01150512695313	1.01165771484375	1.13311767578125E-06	-1.5478515625E-06	-2.68096923828125E-06	1.14632723580144E-06	892809.0625	7.21514106771792E-06
100	168.235612575246	1.0064697265625	1.00677490234375	1.03515625E-06	-1.44317626953125E-06	-2.47833251953125E-06	1.04216928775713E-06	972582.625	7.26934786143829E-06
101	168.28561257512	1.00143432617188	1.0015869140625	9.4512939453125E-07	-1.34063720703125E-06	-2.2857666015625E-06	9.4662919991606E-07	1059735.25	7.3188552960346E-06
102	168.335612574993	0.99639892578125	0.9967041015625	8.636474609375E-07	-1.24298095703125E-06	-2.10662841796875E-06	8.60800923874194E-07	1154063.625	7.36407446311205E-06
103	168.385612574867	0.991363525390625	0.99151611328125	7.91015625E-07	-1.15081787109375E-06	-1.94183349609375E-06	7.84304745593545E-07	1253472.25	7.40544101063279E-06
104	168.435612574741	0.986328125	0.98602294921875	7.2784423828125E-07	-1.0650634765625E-06	-1.79290771484375E-06	7.17671127858921E-07	1354717	7.4434124144318E-06
105	168.485612574615	0.981292724609375	0.9814453125	6.75048828124999E-07	-9.8480224609375E-07	-1.65985107421875E-06	6.62523461869569E-07	1453888	7.47848480386892E-06
106	168.535612574488	0.97625732421875	0.9759521484375	6.304931640625E-07	-9.112548828125E-07	-1.541748046875E-06	6.15331146036624E-07	1547918.75	7.5111233854841E-06
107	168.585612574362	0.971221923828125	0.97137451171875	5.9478759765625E-07	-8.43505859375E-07	-1.43829345703125E-06	5.77761511522112E-07	1633145.25	7.54175562178716E-06
108	168.635612574236	0.9661865234375	0.96649169921875	5.6732177734375E-07	-7.82165527343751E-07	-1.3494873046875E-06	5.48311788861611E-07	1703604.125	7.57080806579324E-06
109	168.68561257411	0.961151123046875	0.96099853515625	5.4595947265625E-07	-7.25402832031249E-07	-1.2713623046875E-06	5.24666234014148E-07	1760201.375	7.5986404226569E-06
110	168.735612573984	0.95611572265625	0.955810546875	5.3070068359375E-07	-6.73828125000001E-07	-1.20452880859375E-06	5.07249296788359E-07	1801035.125	7.62555691835587E-06
111	168.785612573857	0.951080322265625	0.9515380859375	5.2032470703125E-07	-6.2835693359375E-07	-1.148681640625E-06	4.95108793074905E-07	1828739	7.65183267503744E-06
112	168.835612573731	0.946044921875	0.94635009765625	5.12084960937501E-07	-5.88378906250001E-07	-1.1004638671875E-06	4.84611632600718E-07	1848033.375	7.67764231568435E-06
113	168.885612573605	0.941009521484375	0.94146728515625	5.0689697265625E-07	-5.52978515624999E-07	-1.05987548828125E-06	4.77226933526254E-07	1857314.875	7.70311726228101E-06
114	168.935612573479	0.93597412109375	0.936279296875	5.02929687500001E-07	-5.22460937499999E-07	-1.025390625E-06	4.70882611125489E-07	1861650.625	7.72836301621282E-06
115	168.985612573352	0.930938720703125	0.93109130859375	5.01098632812499E-07	-4.9591064453125E-07	-9.9700927734375E-07	4.66568565116177E-07	1858100	7.75346325099235E-06
116	169.035612573226	0.9259033203125	0.92559814453125	5.01098632812499E-07	-4.7332763671875E-07	-9.74426269531249E-07	4.63815950979551E-07	1847137.75	7.7785189205315E-06
117	169.0856125731	0.920867919921875	0.92071533203125	5.02929687500001E-07	-4.53796386718749E-07	-9.5672607421875E-07	4.63055044974681E-07	1830704	7.80361915531103E-06
118	169.135612572974	0.91583251953125	0.91583251953125	5.0567626953125E-07	-4.35485839843749E-07	-9.41162109374999E-07	4.63114758986194E-07	1811104.375	7.82883398642298E-06
119	169.185612572847	0.910797119140625	0.91064453125	5.0933837890625E-07	-4.20227050781249E-07	-9.295654296875E-07	4.63826182794946E-07	1787897	7.85420979809714E-06
120	169.235612572721	0.90576171875	0.9063720703125	5.1239013671875E-07	-4.0740966796875E-07	-9.197998046875E-07	4.64416075374174E-07	1768910.125	7.87975295679644E-06
121	169.285612572595	0.900726318359375	0.90087890625	5.16662597656251E-07	-3.955078125E-07	-9.1217041015625E-07	4.65450398223766E-07	1743650.375	7.90547892393079E-06
122	169.335612572469	0.89569091796875	0.89569091796875	5.20935058593749E-07	-3.84521484375E-07	-9.05456542968749E-07	4.66596787873641E-07	1719390.875	7.93141953181475E-06
123	169.385612572342	0.890655517578125	0.8905029296875	5.25512695312499E-07	-3.76281738281251E-07	-9.0179443359375E-07	4.67970579620669E-07	1694541.25	7.95758023741655E-06
124	169.435612572216	0.8856201171875	0.88531494140625	5.2947998046875E-07	-3.68652343750001E-07	-8.98132324218751E-07	4.68756525151548E-07	1672046.125	7.98395558376797E-06
125	169.48561257209	0.880584716796875	0.88104248046875	5.3436279296875E-07	-3.62548828125001E-07	-8.9691162109375E-07	4.70796294393949E-07	1648772.25	8.01055102783721E-06
126	169.535612571964	0.87554931640625	0.87615966796875	5.389404296875E-07	-3.5858154296875E-07	-8.9752197265625E-07	4.72197854151091E-07	1625707.875	8.03738385002362E-06
127	169.585612571837	0.870513916015625	0.870361328125	5.43823242187499E-07	-3.56140136718749E-07	-8.99963378906249E-07	4.73322700145218E-07	1600449	8.06445314083248E-06
128	169.635612571711	0.865478515625	0.86578369140625	5.4901123046875E-07	-3.558349609375E-07	-9.0484619140625E-07	4.75324924309461E-07	1576987.375	8.09177345217904E-06
129	169.685612571585	0.860443115234375	0.860595703125	5.54504394531249E-07	-3.582763671875E-07	-9.1278076171875E-07	4.77204082471872E-07	1552008.875	8.11936206446262E-06
130	169.735612571459	0.85540771484375	0.85601806640625	5.60302734375E-07	-3.62548828125001E-07	-9.228515625E-07	4.79629250094149E-07	1527777.75	8.14723171060905E-06
131	169.785612571333	0.850372314453125	0.850830078125	5.6640625E-07	-3.70178222656251E-07	-9.3658447265625E-07	4.81915492400731E-07	1502155.25	8.17539967101766E-06
132	169.835612571206	0.8453369140625	0.8453369140625	5.7403564453125E-07	-3.80859375000001E-07	-9.5489501953125E-07	4.85253508486494E-07	1472620.875	8.20391051092884E-06
133	169.88561257108	0.840301513671875	0.84075927734375	5.81970214843749E-07	-3.96118164062501E-07	-9.7808837890625E-07	4.89296837713482E-07	1444677.5	8.23281061457237E-06
134	169.935612570954	0.83526611328125	0.83526611328125	5.91430664062501E-07	-4.150390625E-07	-1.0064697265625E-06	4.94001994866267E-07	1412280.75	8.26214545668336E-06
135	169.985612570828	0.830230712890625	0.8306884765625	6.0302734375E-07	-4.40063476562499E-07	-1.0430908203125E-06	5.00927853863686E-07	1377530.375	8.29200689622667E-06
136	170.035612570701	0.8251953125	0.82550048828125	6.15539550781249E-07	-4.69055175781249E-07	-1.0845947265625E-06	5.08128209730785E-07	1341100.625	8.32247133075725E-06
137	170.085612570575	0.820159912109375	0.82061767578125	6.304931640625E-07	-5.05981445312501E-07	-1.136474609375E-06	5.17393857535353E-07	1301548.875	8.35362243378768E-06
138	170.135612570449	0.81512451171875	0.81512451171875	6.4666748046875E-07	-5.499267578125E-07	-1.19659423828125E-06	5.27114480064483E-07	1260500.25	8.38555115478812E-06
139	170.185612570323	0.810089111328125	0.810546875	6.65893554687499E-07	-6.0150146484375E-07	-1.26739501953125E-06	5.39737925464578E-07	1217231.875	8.41836481413338E-06
140	170.235612570196	0.8050537109375	0.80474853515625	6.866455078125E-07	-6.6192626953125E-07	-1.34857177734375E-06	5.52576921108994E-07	1172000	8.4521789176506E-06
141	170.28561257007	0.800018310546875	0.80108642578125	7.1136474609375E-07	-7.32421875E-07	-1.44378662109375E-06	5.69864653243712E-07	1126126.125	8.48712898005033E-06
142	170.335612569944	0.79498291015625	0.79498291015625	7.3699951171875E-07	-8.10546875E-07	-1.54754638671875E-06	5.8590200069375E-07	1078675	8.52333778311731E-06
143	170.385612569818	0.789947509765625	0.79071044921875	7.66601562499999E-07	-8.98132324218751E-07	-1.66473388671875E-06	6.06159858307365E-07	1031449.0625	8.56092810863629E-06
144	170.435612569691	0.784912109375	0.78521728515625	7.99560546875E-07	-9.93957519531249E-07	-1.79351806640625E-06	6.27828740107361E-07	982061.0625	8.60008185554761E-06
145	170.485612569565	0.779876708984375	0.7806396484375	8.33740234374999E-07	-1.097412109375E-06	-1.93115234375E-06	6.50850665806502E-07	936310.4375	8.64091452967841E-06
146	170.535612569439	0.77484130859375	0.77484130859375	8.697509765625E-07	-1.20513916015625E-06	-2.07489013671875E-06	6.73918975735432E-07	890877.1875	8.68350161908893E-06
147	170.585612569313	0.769805908203125	0.77056884765625	9.06982421874999E-07	-1.31805419921875E-06	-2.22503662109375E-06	6.98892392847483E-07	849596.25	8.72792043082882E-06
148	170.635612569186	0.7647705078125	0.76507568359375	9.4482421875E-07	-1.4306640625E-06	-2.37548828125E-06	7.22862012025871E-07	809754.5625	8.77421553013846E-06
149	170.68561256906	0.759735107421875	0.75958251953125	9.796142578125E-07	-1.54052734375E-06	-2.5201416015625E-06	7.44097860660986E-07	775389.4375	8.82232598087285E-06
150	170.735612568934	0.75469970703125	0.75469970703125	1.0113525390625E-06	-1.6461181640625E-06	-2.657470703125E-06	7.63267451020511E-07	746228.125	8.87210080691148E-06
151	170.785612568808	0.749664306640625	0.7496337890625	1.04095458984375E-06	-1.74102783203125E-06	-2.781982421875E-06	7.80334687533468E-07	720140.75	8.92340813152259E-06
152	170.835612568682	0.74462890625	0.744537353515625	1.05926513671875E-06	-1.82464599609375E-06	-2.8839111328125E-06	7.88662418926833E-07	702881.0625	8.97591417015065E-06
153	170.885612568555	0.739593505859375	0.739532470703125	1.06964111328125E-06	-1.89117431640625E-06	-2.9608154296875E-06	7.91034267422219E-07	691383.8125	9.02913598110899E-06
154	170.935612568429	0.73455810546875	0.734405517578125	1.0693359375E-06	-1.94091796875E-06	-3.01025390625E-06	7.85326164987055E-07	686786.5625	9.08261063159443E-06
155	170.985612568303	0.729522705078125	0.729461669921875	1.058349609375E-06	-1.97174072265625E-06	-3.03009033203125E-06	7.72025430251233E-07	689244.5625	9.13580333872233E-06
156	171.035612568177	0.7244873046875	0.72442626953125	1.0345458984375E-06	-1.98272705078125E-06	-3.01727294921875E-06	7.4945222650058E-07	700236	9.18812565942062E-06
157	171.08561256805	0.719451904296875	0.719329833984375	9.991455078125E-07	-1.97418212890625E-06	-2.97332763671875E-06	7.18715170933137E-07	719945	9.23896732274443E-06
158	171.135612567924	0.71441650390625	0.71435546875	9.51538085937501E-07	-1.949462890625E-06	-2.9010009765625E-06	6.79736444908485E-07	750737.625	9.28773442865349E-06
159	171.185612567798	0.709381103515625	0.709320068359375	8.9447021484375E-07	-1.9085693359375E-06	-2.80303955078125E-06	6.34465664006711E-07	793005.8125	9.33388491830556E-06
160	171.235612567672	0.704345703125	0.704315185546875	8.30078125E-07	-1.8536376953125E-06	-2.6837158203125E-06	5.84636609346489E-07	848492.6875	9.3769986051484E-06
161	171.285612567545	0.699310302734375	0.69921875	7.59277343750001E-07	-1.78924560546875E-06	-2.54852294921875E-06	5.3090093388164E-07	920900.3125	9.41673260967946E-06
162	171.335612567419	0.69427490234375	0.6942138671875	6.8634033203125E-07	-1.71722412109375E-06	-2.403564453125E-06	4.76466993859503E-07	1011471.75	9.45287320064381E-06
163	171.385612567293	0.689239501953125	0.689208984375	6.1309814453125E-07	-1.64154052734375E-06	-2.254638671875E-06	4.22552716372593E-07	1124141.375	9.48535853240173E-06
164	171.435612567167	0.6842041015625	0.68414306640625	5.413818359375E-07	-1.5625E-06	-2.1038818359375E-06	3.70382622350007E-07	1263697.875	9.5142213467625E-06
165	171.48561256704	0.679168701171875	0.6790771484375	4.73632812499999E-07	-1.484375E-06	-1.9580078125E-06	3.21633223165918E-07	1433762.875	9.53959624894196E-06
166	171.535612566914	0.67413330078125	0.674072265625	4.11071777343749E-07	-1.40716552734375E-06	-1.8182373046875E-06	2.77092084388642E-07	1639792.125	9.56171425059438E-06
167	171.585612566788	0.669097900390625	0.669036865234375	3.54614257812499E-07	-1.33331298828125E-06	-1.68792724609375E-06	2.37250006307477E-07	1886660.875	9.58085638558259E-06
168	171.635612566662	0.6640625	0.664031982421875	3.04565429687501E-07	-1.26251220703125E-06	-1.56707763671875E-06	2.02241182023499E-07	2180260.5	9.59733552008402E-06
169	171.685612566535	0.659027099609375	0.658935546875	2.6123046875E-07	-1.19659423828125E-06	-1.45782470703125E-06	1.72134036802163E-07	2522430	9.61148089118069E-06
170	171.735612566409	0.65399169921875	0.653961181640625	2.25830078125E-07	-1.13494873046875E-06	-1.36077880859375E-06	1.47684104945256E-07	2895810.75	9.62365720624803E-06
171	171.785612566283	0.648956298828125	0.64886474609375	1.9561767578125E-07	-1.07818603515625E-06	-1.2738037109375E-06	1.26929407429088E-07	3317004.75	9.63419279287336E-06
172	171.835612566157	0.6439208984375	0.643890380859375	1.71813964843751E-07	-1.025390625E-06	-1.19720458984375E-06	1.10629358118786E-07	3747602	9.64337868936127E-06
173	171.885612566031	0.638885498046875	0.638824462890625	1.53503417968751E-07	-9.771728515625E-07	-1.13067626953125E-06	9.80617329560118E-08	4161630.5	9.65151230047923E-06
174	171.935612565904	0.63385009765625	0.6337890625	1.40380859375E-07	-9.33227539062501E-07	-1.0736083984375E-06	8.89718521079885E-08	4514782.5	9.65885919868015E-06
175	171.985612565778	0.628814697265625	0.62884521484375	1.30615234375001E-07	-8.92028808593751E-07	-1.02264404296875E-06	8.21367649450622E-08	4814486	9.66563402471365E-06
176	172.035612565652	0.623779296875	0.623748779296875	1.2542724609375E-07	-8.544921875E-07	-9.7991943359375E-07	7.82350966233025E-08	4972992.5	9.67203504842473E-06
177	172.085612565526	0.618743896484375	0.61871337890625	1.22680664062499E-07	-8.20312500000001E-07	-9.429931640625E-07	7.59041682840689E-08	5043283.5	9.67823780229082E-06
178	172.135612565399	0.61370849609375	0.613677978515625	1.23291015625E-07	-7.87353515625E-07	-9.1064453125E-07	7.5660985032755E-08	4977475	9.68438689596951E-06
179	172.185612565273	0.608673095703125	0.608673095703125	1.25732421874999E-07	-7.574462890625E-07	-8.83178710937499E-07	7.65299361660254E-08	4841020	9.69061238720315E-06
180	172.235612565147	0.6036376953125	0.603607177734375	1.29089355468751E-07	-7.305908203125E-07	-8.59680175781251E-07	7.79192603772572E-08	4675886.5	9.69698339758907E-06
181	172.285612565021	0.598602294921875	0.5986328125	1.3397216796875E-07	-7.0556640625E-07	-8.3953857421875E-07	8.02001309807565E-08	4468337	9.70355995377759E-06
182	172.335612564894	0.59356689453125	0.593505859375	1.385498046875E-07	-6.84814453125E-07	-8.23364257812501E-07	8.22301231551137E-08	4283700.5	9.71037297858857E-06
183	172.385612564768	0.588531494140625	0.5885009765625	1.4312744140625E-07	-6.65283203125E-07	-8.0841064453125E-07	8.42306349113642E-08	4111727.25	9.71741428656969E-06
184	172.435612564642	0.58349609375	0.583465576171875	1.47705078125E-07	-6.47888183593751E-07	-7.95593261718751E-07	8.61808331364955E-08	3950206.5	9.72468569671037E-06
185	172.485612564516	0.578460693359375	0.57843017578125	1.51977539062501E-07	-6.32324218749999E-07	-7.843017578125E-07	8.79083899008037E-08	3806024.25	9.73217720456887E-06
186	172.535612564389	0.57342529296875	0.573394775390625	1.5716552734375E-07	-6.182861328125E-07	-7.7545166015625E-07	9.01178935919233E-08	3648349.5	9.73990609054454E-06
187	172.585612564263	0.568389892578125	0.568389892578125	1.617431640625E-07	-6.05163574218751E-07	-7.66906738281251E-07	9.19331739623885E-08	3514151	9.74787872110028E-06
188	172.635612564137	0.5633544921875	0.5633544921875	1.6632080078125E-07	-5.9326171875E-07	-7.5958251953125E-07	9.36975723675459E-08	3387156	9.75608054432087E-06
189	172.685612564011	0.558319091796875	0.558349609375	1.7120361328125E-07	-5.8258056640625E-07	-7.537841796875E-07	9.55914671862956E-08	3261319.25	9.76451883616392E-06
190	172.735612563885	0.55328369140625	0.553314208984375	1.7547607421875E-07	-5.72509765625E-07	-7.4798583984375E-07	9.7093405315718E-08	3153217.5	9.77318541117711E-06
191	172.785612563758	0.548248291015625	0.548248291015625	1.800537109375E-07	-5.62133789062499E-07	-7.42187499999999E-07	9.87141319797047E-08	3044915.5	9.78207390289754E-06
192	172.835612563632	0.543212890625	0.543182373046875	1.849365234375E-07	-5.53283691406251E-07	-7.3822021484375E-07	1.00454258245009E-07	2937128.75	9.79119886324042E-06
193	172.885612563506	0.538177490234375	0.5382080078125	1.89208984375E-07	-5.450439453125E-07	-7.342529296875E-07	1.01833784071914E-07	2844516.25	9.80055210675346E-06
194	172.93561256338	0.53314208984375	0.533111572265625	1.93176269531251E-07	-5.3741455078125E-07	-7.305908203125E-07	1.0298450092705E-07	2759715.75	9.81011180556379E-06
195	172.985612563253	0.528106689453125	0.528045654296875	1.9805908203125E-07	-5.30395507812501E-07	-7.28454589843751E-07	1.04584238158623E-07	2666101.75	9.81989251158666E-06
196	173.035612563127	0.5230712890625	0.5230712890625	2.01416015625E-07	-5.2337646484375E-07	-7.2479248046875E-07	1.05354935442392E-07	2596969.75	9.82987967290683E-06
197	173.085612563001	0.518035888671875	0.51806640625	2.0599365234375E-07	-5.1727294921875E-07	-7.232666015625E-07	1.06718388792615E-07	2514963	9.84006510407198E-06
198	173.135612562875	0.51300048828125	0.512969970703125	2.09960937500001E-07	-5.1116943359375E-07	-7.21130371093751E-07	1.07703655771729E-07	2443168.75	9.85046335699735E-06
199	173.185612562748	0.507965087890625	0.507965087890625	2.14233398437499E-07	-5.0628662109375E-07	-7.2052001953125E-07	1.0882308743021E-07	2371082.75	9.86106806522002E-06
200	173.235612562622	0.5029296875	0.502838134765625	2.1820068359375E-07	-5.01708984375E-07	-7.1990966796875E-07	1.09719621832483E-07	2304475.5	9.87187922874E-06
201	173.285612562496	0.497894287109375	0.497894287109375	2.215576171875E-07	-4.9713134765625E-07	-7.1868896484375E-07	1.10312271317525E-07	2247245.25	9.88287320069503E-06
202	173.33561256237	0.49285888671875	0.492828369140625	2.25830078125E-07	-4.93469238281249E-07	-7.19299316406249E-07	1.11295470617279E-07	2182297.25	9.89405816653743E-06
203	173.385612562243	0.487823486328125	0.48785400390625	2.29492187499999E-07	-4.901123046875E-07	-7.19604492187499E-07	1.1195868410141E-07	2125798	9.90544140222482E-06
204	173.435612562117	0.4827880859375	0.482757568359375	2.33154296875E-07	-4.8675537109375E-07	-7.1990966796875E-07	1.12557003717484E-07	2070549.75	9.91700744634727E-06
205	173.485612561991	0.477752685546875	0.477813720703125	2.37121582031249E-07	-4.833984375E-07	-7.2052001953125E-07	1.13299947201995E-07	2015057.875	9.92876448435709E-06
206	173.535612561865	0.47271728515625	0.47265625	2.40173339843749E-07	-4.80041503906251E-07	-7.2021484375E-07	1.13519426747644E-07	1967979.75	9.94069614534965E-06
207	173.585612561738	0.467681884765625	0.46771240234375	2.43530273437501E-07	-4.76989746093751E-07	-7.20520019531251E-07	1.13902132170551E-07	1920551.375	9.95278878690442E-06
208	173.635612561612	0.462646484375	0.462615966796875	2.46582031250001E-07	-4.73632812499999E-07	-7.2021484375E-07	1.14072783219399E-07	1876113.875	9.96504149952671E-06
209	173.685612561486	0.457611083984375	0.4576416015625	2.4993896484375E-07	-4.7027587890625E-07	-7.2021484375E-07	1.14382459059925E-07	1831013.5	9.9774551927112E-06
210	173.73561256136	0.45257568359375	0.45257568359375	2.5177001953125E-07	-4.67529296874999E-07	-7.19299316406249E-07	1.13944985002945E-07	1797575.75	9.98999803414335E-06
211	173.785612561234	0.447540283203125	0.447540283203125	2.53906249999999E-07	-4.62951660156249E-07	-7.16857910156249E-07	1.13633277010194E-07	1762620.25	1.00026391010033E-05
212	173.835612561107	0.4425048828125	0.4425048828125	2.55432128906249E-07	-4.595947265625E-07	-7.15026855468749E-07	1.13029962278688E-07	1732377.5	1.00153729363228E-05
213	173.885612560981	0.437469482421875	0.43756103515625	2.57568359375E-07	-4.559326171875E-07	-7.13500976562501E-07	1.12701876275878E-07	1698815.125	1.00281977211125E-05
214	173.935612560855	0.43243408203125	0.432403564453125	2.5909423828125E-07	-4.52575683593751E-07	-7.11669921875001E-07	1.12033269772382E-07	1668904.625	1.00411143648671E-05
215	173.985612560729	0.427398681640625	0.427398681640625	2.60009765624999E-07	-4.4891357421875E-07	-7.08923339843749E-07	1.11127825164203E-07	1643779.375	1.00540919447667E-05
216	174.035612560602	0.42236328125	0.422332763671875	2.6123046875E-07	-4.44946289062501E-07	-7.061767578125E-07	1.10326183744291E-07	1616705.625	1.00671231848537E-05
217	174.085612560476	0.417327880859375	0.417327880859375	2.63061523437499E-07	-4.41894531250001E-07	-7.049560546875E-07	1.09782902768529E-07	1586427	1.00802308224957E-05
218	174.13561256035	0.41229248046875	0.41229248046875	2.6397705078125E-07	-4.38232421875E-07	-7.0220947265625E-07	1.08835756407188E-07	1561849.625	1.00934066722402E-05
219	174.185612560224	0.407257080078125	0.40728759765625	2.655029296875E-07	-4.35485839843749E-07	-7.00988769531249E-07	1.08136049448149E-07	1534023	1.01066434581298E-05
220	174.235612560097	0.4022216796875	0.4022216796875	2.67333984375E-07	-4.3304443359375E-07	-7.0037841796875E-07	1.07527519332962E-07	1504566.25	1.0119963917532E-05
221	174.285612559971	0.397186279296875	0.397247314453125	2.6885986328125E-07	-4.3060302734375E-07	-6.99462890624999E-07	1.06803852872872E-07	1477525.625	1.01333689599414E-05
222	174.335612559845	0.39215087890625	0.3922119140625	2.70690917968749E-07	-4.2877197265625E-07	-6.99462890624999E-07	1.06168201341461E-07	1448929	1.01468576758634E-05
223	174.385612559719	0.387115478515625	0.387115478515625	2.72216796874999E-07	-4.2694091796875E-07	-6.9915771484375E-07	1.05379335479938E-07	1422085.25	1.01604309747927E-05
224	174.435612559592	0.382080078125	0.38214111328125	2.74047851562501E-07	-4.254150390625E-07	-6.99462890625001E-07	1.04724946936585E-07	1394432.125	1.01740870377398E-05
225	174.485612559466	0.377044677734375	0.3770751953125	2.7618408203125E-07	-4.24804687499999E-07	-7.00988769531249E-07	1.04142159784715E-07	1365304	1.01878431451041E-05
226	174.53561255934	0.37200927734375	0.37200927734375	2.7801513671875E-07	-4.241943359375E-07	-7.0220947265625E-07	1.03424213193648E-07	1338090	1.02016983873909E-05
227	174.585612559214	0.366973876953125	0.3670654296875	2.80151367187501E-07	-4.229736328125E-07	-7.03125E-07	1.02833880077924E-07	1310239.625	1.02156518551055E-05
228	174.635612559087	0.3619384765625	0.361907958984375	2.8228759765625E-07	-4.23278808593749E-07	-7.0556640625E-07	1.02162132975536E-07	1282054	1.02297135526896E-05
229	174.685612558961	0.356903076171875	0.356964111328125	2.84423828124999E-07	-4.229736328125E-07	-7.07397460937499E-07	1.0152910334682E-07	1255042.875	1.02438807516592E-05
230	174.735612558835	0.35186767578125	0.35186767578125	2.87475585937499E-07	-4.23278808593749E-07	-7.10754394531249E-07	1.0115336834815E-07	1223991.5	1.0258178008371E-05
231	174.785612558709	0.346832275390625	0.346893310546875	2.886962890625E-07	-4.23583984375001E-07	-7.122802734375E-07	1.00146806403245E-07	1201585.75	1.02725825854577E-05
232	174.835612558583	0.341796875	0.341888427734375	2.9144287109375E-07	-4.2449951171875E-07	-7.159423828125E-07	9.96409426079481E-08	1173089	1.02870862974669E-05
233	174.885612558456	0.336761474609375	0.3367919921875	2.93579101562499E-07	-4.2572021484375E-07	-7.19299316406249E-07	9.88750841202091E-08	1147193.375	1.03017118817661E-05
234	174.93561255833	0.33172607421875	0.33172607421875	2.95410156250001E-07	-4.2724609375E-07	-7.22656250000001E-07	9.79952545776541E-08	1122933.875	1.03164366009878E-05
235	174.985612558204	0.326690673828125	0.326690673828125	2.98156738281249E-07	-4.2877197265625E-07	-7.26928710937499E-07	9.74050209379129E-08	1095701.25	1.03312759165419E-05
236	175.035612558078	0.3216552734375	0.3216552734375	3.0059814453125E-07	-4.302978515625E-07	-7.3089599609375E-07	9.6688978601378E-08	1070050.75	1.03462443803437E-05
237	175.085612557951	0.316619873046875	0.316680908203125	3.033447265625E-07	-4.32739257812501E-07	-7.36083984375001E-07	9.60634736202337E-08	1043963.875	1.03613429018878E-05
238	175.135612557825	0.31158447265625	0.311553955078125	3.0487060546875E-07	-4.34265136718751E-07	-7.39135742187501E-07	9.49836476138444E-08	1021921.875	1.03765487438068E-05
239	175.185612557699	0.306549072265625	0.3065185546875	3.0792236328125E-07	-4.3670654296875E-07	-7.4462890625E-07	9.43839211231534E-08	995441	1.03918682725634E-05
240	175.235612557573	0.301513671875	0.301513671875	3.1005859375E-07	-4.3975830078125E-07	-7.4981689453125E-07	9.34869035518204E-08	972440.9375	1.04073178590625E-05
241	175.285612557446	0.296478271484375	0.29644775390625	3.125E-07	-4.43115234374999E-07	-7.55615234375E-07	9.26399223999397E-08	948632.8125	1.04228820418939E-05
242	175.33561255732	0.29144287109375	0.29144287109375	3.14941406249999E-07	-4.4708251953125E-07	-7.6202392578125E-07	9.17874203310021E-08	925387.625	1.04385680970154E-05
243	175.385612557194	0.286407470703125	0.286407470703125	3.173828125E-07	-4.51049804687501E-07	-7.68432617187501E-07	9.0900812210748E-08	902403.8125	1.04543760244269E-05
244	175.435612557068	0.2813720703125	0.28143310546875	3.2012939453125E-07	-4.55627441406251E-07	-7.75756835937501E-07	9.00950070104045E-08	879123.0625	1.04703140095808E-05
245	175.485612556941	0.276336669921875	0.276336669921875	3.22875976562501E-07	-4.6051025390625E-07	-7.83386230468751E-07	8.92224676363185E-08	855860.125	1.04863893284346E-05
246	175.535612556815	0.27130126953125	0.271270751953125	3.2501220703125E-07	-4.66308593750001E-07	-7.91320800781251E-07	8.81663027030299E-08	834647.9375	1.05025865195785E-05
247	175.585612556689	0.266265869140625	0.266265869140625	3.2806396484375E-07	-4.72106933593749E-07	-8.00170898437499E-07	8.73522338906696E-08	811627.9375	1.051891285897E-05
248	175.635612556563	0.26123046875	0.261199951171875	3.30810546875E-07	-4.791259765625E-07	-8.099365234375E-07	8.6407695221169E-08	789575.6875	1.05353847175138E-05
249	175.685612556436	0.256195068359375	0.2562255859375	3.3416748046875E-07	-4.8675537109375E-07	-8.209228515625E-07	8.56222612810598E-08	766758	1.05520093711675E-05
250	175.73561255631	0.25115966796875	0.25115966796875	3.369140625E-07	-4.9591064453125E-07	-8.3282470703125E-07	8.46192165226967E-08	745471.0625	1.05687859104364E-05
251	175.785612556184	0.246124267578125	0.24615478515625	3.40576171875E-07	-5.05981445312501E-07	-8.465576171875E-07	8.38344504927591E-08	722759.875	1.05857234302675E-05
252	175.835612556058	0.2410888671875	0.24114990234375	3.4454345703125E-07	-5.18188476562501E-07	-8.62731933593751E-07	8.30866184742263E-08	699911.4375	1.0602851943986E-05
253	175.885612555932	0.236053466796875	0.236083984375	3.4912109375E-07	-5.3131103515625E-07	-8.8043212890625E-07	8.24218986394953E-08	676223.8125	1.06201932794647E-05
254	175.935612555805	0.23101806640625	0.230987548828125	3.5400390625E-07	-5.46874999999999E-07	-9.0087890625E-07	8.17704943756326E-08	652500	1.06377710835659E-05
255	175.985612555679	0.225982666015625	0.225982666015625	3.5980224609375E-07	-5.645751953125E-07	-9.2437744140625E-07	8.13090679230299E-08	628074.625	1.06556162791094E-05
256	176.035612555553	0.220947265625	0.2210693359375	3.6651611328125E-07	-5.8563232421875E-07	-9.521484375E-07	8.1025469000906E-08	603164.0625	1.06737743408303E-05
257	176.085612555427	0.215911865234375	0.215911865234375	3.7353515625E-07	-6.0943603515625E-07	-9.8297119140625E-07	8.06506719186473E-08	578022.875	1.06922752820537E-05
258	176.1356125553	0.21087646484375	0.210906982421875	3.82080078124999E-07	-6.3812255859375E-07	-1.02020263671875E-06	8.05833550998614E-08	551996.8125	1.07111663965043E-05
259	176.185612555174	0.205841064453125	0.205780029296875	3.91845703125E-07	-6.70776367187501E-07	-1.0626220703125E-06	8.06340167969211E-08	525155.75	1.07305140772951E-05
260	176.235612555048	0.2008056640625	0.200897216796875	4.0313720703125E-07	-7.0831298828125E-07	-1.1114501953125E-06	8.09891389508266E-08	498334.625	1.07503892650129E-05
261	176.285612554922	0.195770263671875	0.195770263671875	4.16259765625E-07	-7.53173828125001E-07	-1.16943359375E-06	8.14912795021883E-08	470307.9375	1.0770873814181E-05
262	176.335612554795	0.19073486328125	0.1907958984375	4.3182373046875E-07	-8.05053710937501E-07	-1.23687744140625E-06	8.23901942226257E-08	441837.46875	1.07920759546687E-05
263	176.385612554669	0.185699462890625	0.18572998046875	4.49218749999999E-07	-8.67309570312499E-07	-1.3165283203125E-06	8.34333846455593E-08	413451.09375	1.08141020973562E-05
264	176.435612554543	0.1806640625	0.180633544921875	4.7027587890625E-07	-9.3902587890625E-07	-1.4093017578125E-06	8.49475938480282E-08	384101.25	1.08370895759435E-05
265	176.485612554417	0.175628662109375	0.175689697265625	4.9468994140625E-07	-1.02294921875E-06	-1.51763916015625E-06	8.69119247681738E-08	355151.15625	1.08612130134134E-05
266	176.53561255429	0.17059326171875	0.170623779296875	5.2337646484375E-07	-1.1199951171875E-06	-1.64337158203125E-06	8.93004710178502E-08	326005.84375	1.08866652226425E-05
267	176.585612554164	0.165557861328125	0.165557861328125	5.5694580078125E-07	-1.234130859375E-06	-1.79107666015625E-06	9.22067542319382E-08	297260.28125	1.09136726678116E-05
268	176.635612554038	0.1605224609375	0.1605224609375	5.9539794921875E-07	-1.36444091796875E-06	-1.9598388671875E-06	9.55747410102958E-08	269605.34375	1.0942481821985E-05
269	176.685612553912	0.155487060546875	0.155487060546875	6.390380859375E-07	-1.513671875E-06	-2.1527099609375E-06	9.93621540601453E-08	243314.234375	1.09733427962055E-05
270	176.735612553785	0.15045166015625	0.150543212890625	6.903076171875E-07	-1.68365478515625E-06	-2.37396240234375E-06	1.03921124150474E-07	218081.34375	1.1006576642103E-05
271	176.785612553659	0.145416259765625	0.145477294921875	7.48291015624999E-07	-1.875E-06	-2.623291015625E-06	1.08859346426016E-07	194412.734375	1.10425407910952E-05
272	176.835612553533	0.140380859375	0.140411376953125	8.12683105468751E-07	-2.0892333984375E-06	-2.90191650390625E-06	1.14109951709906E-07	172775.078125	1.10815653897589E-05
273	176.885612553407	0.135345458984375	0.1353759765625	8.837890625E-07	-2.3236083984375E-06	-3.2073974609375E-06	1.19643800644553E-07	153176.796875	1.1123976946692E-05
274	176.935612553281	0.13031005859375	0.130340576171875	9.6160888671875E-07	-2.57965087890625E-06	-3.541259765625E-06	1.25336654832608E-07	135544.28125	1.11701119749341E-05
275	176.985612553154	0.125274658203125	0.125335693359375	1.0455322265625E-06	-2.85491943359375E-06	-3.90045166015625E-06	1.31042497741873E-07	119877.4140625	1.12202906166203E-05
276	177.035612553028	0.1202392578125	0.120269775390625	1.13250732421875E-06	-3.143310546875E-06	-4.27581787109375E-06	1.36206409706574E-07	106197.7890625	1.12747420644155E-05
277	177.085612552902	0.115203857421875	0.115234375	1.22161865234375E-06	-3.4423828125E-06	-4.66400146484375E-06	1.40772456802551E-07	94329.2578125	1.13335945570725E-05
278	177.135612552776	0.11016845703125	0.110198974609375	1.3092041015625E-06	-3.74725341796875E-06	-5.05645751953125E-06	1.44272945590274E-07	84172.4921875	1.13968653749907E-05
279	177.185612552649	0.105133056640625	0.10516357421875	1.39312744140625E-06	-4.0509033203125E-06	-5.44403076171875E-06	1.46506252463041E-07	75487.40625	1.14644235509331E-05
280	177.235612552523	0.10009765625	0.10009765625	1.46728515625E-06	-4.345703125E-06	-5.81298828125E-06	1.4687179827888E-07	68219.640625	1.15359343908494E-05
281	177.285612552397	0.095062255859375	0.095062255859375	1.52923583984375E-06	-4.6173095703125E-06	-6.14654541015625E-06	1.45372595738991E-07	62163.2421875	1.16108467409504E-05
282	177.335612552271	0.09002685546875	0.09002685546875	1.5789794921875E-06	-4.8736572265625E-06	-6.45263671875E-06	1.42150554438558E-07	57015.8515625	1.16885521492804E-05
283	177.385612552144	0.084991455078125	0.084991455078125	1.6021728515625E-06	-5.096435546875E-06	-6.6986083984375E-06	1.36170996256624E-07	53047.62109375	1.17680810944876E-05
284	177.435612552018	0.0799560546875	0.079986572265625	1.5985107421875E-06	-5.279541015625E-06	-6.8780517578125E-06	1.27859394183361E-07	50038.18359375	1.18480984383496E-05
285	177.485612551892	0.074920654296875	0.07489013671875	1.56646728515625E-06	-5.4168701171875E-06	-6.98333740234375E-06	1.17312950465021E-07	47808.30078125	1.19272226584144E-05
286	177.535612551766	0.06988525390625	0.069915771484375	1.5057373046875E-06	-5.5084228515625E-06	-7.01416015625E-06	1.05274779116371E-07	46432.9140625	1.20040276669897E-05
287	177.585612551639	0.064849853515625	0.064849853515625	1.41845703125E-06	-5.548095703125E-06	-6.966552734375E-06	9.19867275683828E-08	45718.58984375	1.20771328511182E-05
288	177.635612551513	0.059814453125	0.059814453125	1.30218505859375E-06	-5.5328369140625E-06	-6.83502197265625E-06	7.78894886366288E-08	45933.91015625	1.21451485028956E-05
289	177.685612551387	0.054779052734375	0.054840087890625	1.16363525390625E-06	-5.46875E-06	-6.63238525390625E-06	6.38138573094693E-08	47128.24609375	1.22067940537818E-05
290	177.735612551261	0.04974365234375	0.049786376953125	9.9945068359375E-07	-5.35888671875E-06	-6.35833740234375E-06	4.97590271208992E-08	49813.7421875	1.22608716992545E-05
291	177.785612551134	0.044708251953125	0.0447845458984375	8.2855224609375E-07	-5.2093505859375E-06	-6.03790283203125E-06	3.71063357818002E-08	54051.56640625	1.23065719890292E-05
292	177.835612551008	0.0396728515625	0.0397430419921875	6.4239501953125E-07	-5.0262451171875E-06	-5.66864013671875E-06	2.55307313068442E-08	61866.98828125	1.2343345588306E-05
293	177.885612550882	0.034637451171875	0.034698486328125	4.4891357421875E-07	-4.8248291015625E-06	-5.27374267578125E-06	1.55766208820296E-08	77294.359375	1.2370627700875E-05
294	177.935612550756	0.02960205078125	0.029681396484375	2.57568359375E-07	-4.608154296875E-06	-4.86572265625E-06	7.64498864214147E-09	115236.9609375	1.23882900879835E-05
295	177.98561255063	0.024566650390625	0.0246185302734375	7.01904296875E-08	-4.388427734375E-06	-4.4586181640625E-06	1.72798531039575E-09	350739.125	1.23964837257518E-05
296	178.035612550503	0.01953125	0.0195892333984375	-1.0833740234375E-07	-4.168701171875E-06	-4.06036376953125E-06	-2.12224682272222E-09	-180816.90625	1.23955305753043E-05
297	178.085612550377	0.014495849609375	0.01458740234375	-2.75268554687499E-07	-3.955078125E-06	-3.6798095703125E-06	-4.01545285910743E-09	-52993.34765625	1.23859399536741E-05
298	178.135612550251	0.00946044921875	0.0095703125	-4.26025390625E-07	-3.7530517578125E-06	-3.3270263671875E-06	-4.07719591422051E-09	-22464.185546875	1.2368407624308E-05
299	178.185612550125	0.004425048828125	0.00450439453125	-5.59082031249999E-07	-3.56353759765625E-06	-3.00445556640625E-06	-2.51832621422921E-09	-8056.76904296875	1.23437803267734E-05
300	178.235612549998	-0.0006103515625	-0.000506591796874997	-6.7474365234375E-07	-3.39202880859375E-06	-2.71728515625E-06	3.4181960040236E-10	750.79150390625	1.23129348139628E-05
301	178.285612549872	-0.005645751953125	-0.0055206298828125	-7.763671875E-07	-3.232421875E-06	-2.4560546875E-06	4.28603597057986E-09	7110.8486328125	1.22766568892985E-05
302	178.335612549746	-0.01068115234375	-0.010595703125	-8.563232421875E-07	-3.08868408203125E-06	-2.23236083984375E-06	9.07334651856218E-09	12373.486328125	1.22358396765776E-05
303	178.38561254962	-0.015716552734375	-0.0155975341796875	-9.2193603515625E-07	-2.9583740234375E-06	-2.03643798828125E-06	1.43799283591761E-08	16918.240234375	1.21913826660602E-05
304	178.435612549493	-0.020751953125	-0.0206268310546875	-9.72900390625001E-07	-2.841796875E-06	-1.868896484375E-06	2.00678513806452E-08	21201.380859375	1.21440125440131E-05
305	178.485612549367	-0.025787353515625	-0.0256683349609375	-1.01104736328125E-06	-2.7386474609375E-06	-1.72760009765625E-06	2.59519001843955E-08	25387.8671875	1.20944132504519E-05
306	178.535612549241	-0.03082275390625	-0.0306915283203125	-1.03851318359375E-06	-2.64739990234375E-06	-1.60888671875E-06	3.1873554462436E-08	29553.337890625	1.20431741379434E-05
307	178.585612549115	-0.035858154296875	-0.0357269287109375	-1.05712890625E-06	-2.5665283203125E-06	-1.5093994140625E-06	3.77679683083443E-08	33796.1875	1.19907836051425E-05
308	178.635612548988	-0.0408935546875	-0.0407623291015625	-1.0693359375E-06	-2.49481201171875E-06	-1.42547607421875E-06	4.35886207128533E-08	38119.29296875	1.19376218208345E-05
309	178.685612548862	-0.045928955078125	-0.0458160400390625	-1.075439453125E-06	-2.4322509765625E-06	-1.3568115234375E-06	4.92723764011771E-08	42602.16015625	1.18840025606914E-05
310	178.735612548736	-0.05096435546875	-0.0509033203125	-1.0748291015625E-06	-2.3773193359375E-06	-1.302490234375E-06	5.47123697458574E-08	47359.453125	1.18302459668485E-05
311	178.78561254861	-0.055999755859375	-0.055908203125	-1.072998046875E-06	-2.32818603515625E-06	-1.25518798828125E-06	5.998938945595E-08	52104.66796875	1.17765503091505E-05
312	178.835612548483	-0.06103515625	-0.061004638671875	-1.06719970703125E-06	-2.28607177734375E-06	-1.2188720703125E-06	6.51041318633361E-08	57163.28125	1.17230447358452E-05
313	178.885612548357	-0.066070556640625	-0.06597900390625	-1.0595703125E-06	-2.24822998046875E-06	-1.18865966796875E-06	6.99093902767345E-08	62269.5859375	1.16698756755795E-05
314	178.935612548231	-0.07110595703125	-0.071014404296875	-1.05010986328125E-06	-2.215576171875E-06	-1.16546630859375E-06	7.45729238360582E-08	67625.6875	1.16171340778237E-05
315	178.985612548105	-0.076141357421875	-0.076080322265625	-1.03973388671875E-06	-2.186279296875E-06	-1.14654541015625E-06	7.91032874758457E-08	73172.8828125	1.15648881546804E-05
316	179.035612547979	-0.0811767578125	-0.081146240234375	-1.029052734375E-06	-2.16064453125E-06	-1.131591796875E-06	8.3503756798109E-08	78855.28125	1.15131679194747E-05
317	179.085612547852	-0.086212158203125	-0.086151123046875	-1.0174560546875E-06	-2.1380615234375E-06	-1.12060546875E-06	8.76549819395223E-08	84673.0625	1.14620052045211E-05
318	179.135612547726	-0.09124755859375	-0.091217041015625	-1.00555419921875E-06	-2.11822509765625E-06	-1.1126708984375E-06	9.1723677542177E-08	90713.203125	1.14114300231449E-05
319	179.1856125476	-0.096282958984375	-0.09619140625	-9.9456787109375E-07	-2.10174560546875E-06	-1.107177734375E-06	9.56688737119293E-08	96716.7890625	1.13614269139362E-05
320	179.235612547474	-0.101318359375	-0.101226806640625	-9.832763671875E-07	-2.08648681640625E-06	-1.10321044921875E-06	9.95339206610879E-08	102948.484375	1.13119813249796E-05
321	179.285612547347	-0.106353759765625	-0.10626220703125	-9.7198486328125E-07	-2.0733642578125E-06	-1.10137939453125E-06	1.03285252350815E-07	109324.9609375	1.12630996227381E-05
322	179.335612547221	-0.11138916015625	-0.111297607421875	-9.613037109375E-07	-2.061767578125E-06	-1.1004638671875E-06	1.06990803772078E-07	115777.7734375	1.12147672552965E-05
323	179.385612547095	-0.116424560546875	-0.1163330078125	-9.50927734375E-07	-2.052001953125E-06	-1.10107421875E-06	1.10624277738225E-07	122336.3359375	1.11669614852872E-05
324	179.435612546969	-0.1214599609375	-0.121368408203125	-9.4146728515625E-07	-2.0440673828125E-06	-1.10260009765625E-06	1.14264381068097E-07	128914.1015625	1.11196513898904E-05
325	179.485612546842	-0.126495361328125	-0.1263427734375	-9.31701660156251E-07	-2.03704833984375E-06	-1.1053466796875E-06	1.1771377472769E-07	135604.328125	1.10728224171908E-05
326	179.535612546716	-0.13153076171875	-0.13140869140625	-9.228515625E-07	-2.03125E-06	-1.1083984375E-06	1.21270716135768E-07	142394.1875	1.10264581962838E-05
327	179.58561254659	-0.136566162109375	-0.136444091796875	-9.14306640625E-07	-2.02728271484375E-06	-1.11297607421875E-06	1.24751736052531E-07	149232.3125	1.0980529623339E-05
328	179.635612546464	-0.1416015625	-0.141510009765625	-9.0667724609375E-07	-2.02392578125E-06	-1.11724853515625E-06	1.28303895507997E-07	156075.40625	1.09350048660417E-05
329	179.685612546337	-0.146636962890625	-0.146575927734375	-8.99353027343749E-07	-2.0220947265625E-06	-1.12274169921875E-06	1.31823497895311E-07	162979.3125	1.08898539110669E-05
330	179.735612546211	-0.15167236328125	-0.151580810546875	-8.93249511718749E-07	-2.02117919921875E-06	-1.1279296875E-06	1.35399474743281E-07	169695.9375	1.08450394691317E-05
331	179.785612546085	-0.156707763671875	-0.156585693359375	-8.8653564453125E-07	-2.0208740234375E-06	-1.13433837890625E-06	1.38818805339724E-07	176626.5	1.08005442598369E-05
332	179.835612545959	-0.1617431640625	-0.16162109375	-8.807373046875E-07	-2.0220947265625E-06	-1.141357421875E-06	1.42345726317217E-07	183506.59375	1.07563628262142E-05
333	179.885612545832	-0.166778564453125	-0.166595458984375	-8.7615966796875E-07	-2.02484130859375E-06	-1.148681640625E-06	1.45964207831639E-07	190142.8125	1.07124405985815E-05
334	179.935612545706	-0.17181396484375	-0.171661376953125	-8.7188720703125E-07	-2.02728271484375E-06	-1.1553955078125E-06	1.4966936134897E-07	196884.84375	1.06687393781613E-05
335	179.98561254558	-0.176849365234375	-0.176727294921875	-8.6822509765625E-07	-2.03125E-06	-1.16302490234375E-06	1.53439074779271E-07	203550.09375	1.06252364275861E-05
336	180.035612545454	-0.181884765625	-0.1817626953125	-8.64562988281251E-07	-2.0361328125E-06	-1.17156982421875E-06	1.57145294110705E-07	210236.5	1.05819162854459E-05
337	180.085612545328	-0.186920166015625	-0.186798095703125	-8.6181640625E-07	-2.0428466796875E-06	-1.1810302734375E-06	1.60985663910651E-07	216749.296875	1.0538757123868E-05
338	180.135612545201	-0.19195556640625	-0.191802978515625	-8.59680175781249E-07	-2.049560546875E-06	-1.18988037109375E-06	1.6488921517066E-07	223109.703125	1.04957198345801E-05
339	180.185612545075	-0.196990966796875	-0.1968994140625	-8.587646484375E-07	-2.05718994140625E-06	-1.19842529296875E-06	1.69090256463278E-07	229282.171875	1.04527589428471E-05
340	180.235612544949	-0.2020263671875	-0.201873779296875	-8.58154296874999E-07	-2.06634521484375E-06	-1.20819091796875E-06	1.73238845491142E-07	235241.828125	1.0409835340397E-05
