Potential - Start -0.2 V, Stop 1.5 V, Step 0.005 V; Modulation - Amplitude 0.05 V, Time 0.025 s, Interval time 0.05 s
Index	Base.Time (s)	Potential applied (V)	WE(1).Base.Potential (V)	WE(1).Base.Current (A)	WE(1).Pulse.Current (A)	WE(1).δ.Current (A)	WE(1).Base.Power (W)	WE(1).Base.Resistance (Ω)	WE(1).Base.Charge (C)
1	127.32712567853	-0.200042724609375		-5.27343750000001E-07	2.9571533203125E-07	8.23059082031251E-07	1.05378624937202E-07	378935.1875	0
2	127.377125678404	-0.19500732421875		-8.4808349609375E-07	2.58789062500001E-07	1.10687255859375E-06	1.6527896207208E-07	229794.90625	-3.43856783047158E-08
3	127.427125678277	-0.189971923828125		-8.44726562500001E-07	2.63671875E-07	1.1083984375E-06	1.6037120076362E-07	224747.125	-7.67059304962459E-08
4	127.477125678151	-0.1849365234375		-8.2977294921875E-07	2.73742675781249E-07	1.103515625E-06	1.53354037024656E-07	222728.953125	-1.18568415530262E-07
5	127.527125678025	-0.179901123046875		-8.13903808593749E-07	2.850341796875E-07	1.09893798828125E-06	1.46223499086773E-07	220734.90625	-1.59660331178202E-07
6	127.577125677899	-0.17486572265625		-7.9833984375E-07	2.96936035156251E-07	1.09527587890625E-06	1.39504820140246E-07	218883.796875	-1.99966422087527E-07
7	127.627125677772	-0.169830322265625		-7.8338623046875E-07	3.094482421875E-07	1.09283447265625E-06	1.32923190676593E-07	216595.25	-2.39509574839758E-07
8	127.677125677646	-0.164794921875		-7.69958496093751E-07	3.22570800781249E-07	1.092529296875E-06	1.26767758956703E-07	213832.734375	-2.78343179616058E-07
9	127.72712567752	-0.159759521484375		-7.574462890625E-07	3.3599853515625E-07	1.09344482421875E-06	1.20939915859708E-07	210797.75	-3.16528314669995E-07
10	127.777125677394	-0.15472412109375		-7.4615478515625E-07	3.497314453125E-07	1.09588623046875E-06	1.1537982658183E-07	207239.28125	-3.54118327550168E-07
11	127.827125677268	-0.149688720703125		-7.366943359375E-07	3.65295410156249E-07	1.10198974609375E-06	1.10162417854553E-07	202982.609375	-3.91189558968108E-07
12	127.877125677141	-0.1446533203125		-7.27233886718751E-07	3.8299560546875E-07	1.1102294921875E-06	1.05130219196781E-07	198783.046875	-4.27787767875998E-07
13	127.927125677015	-0.139617919921875		-7.19604492187501E-07	4.0130615234375E-07	1.12091064453125E-06	1.0038183972938E-07	193850.71875	-4.6395874164773E-07
14	127.977125676889	-0.13458251953125		-7.13500976562501E-07	4.2236328125E-07	1.1358642578125E-06	9.593766492344E-08	188451.671875	-4.99786381169542E-07
15	128.027125676763	-0.129547119140625		-7.08923339843751E-07	4.4677734375E-07	1.15570068359375E-06	9.1795705259301E-08	182651.75	-5.35346998731256E-07
16	128.077125676636	-0.12451171875		-7.061767578125E-07	4.7454833984375E-07	1.18072509765625E-06	8.78410801874452E-08	176145.203125	-5.70724466797401E-07
17	128.12712567651	-0.119476318359375		-7.0526123046875E-07	5.06591796875E-07	1.21185302734375E-06	8.41974383547495E-08	169277.375	-6.0601041695918E-07
18	128.177125676384	-0.11444091796875		-7.0648193359375E-07	5.4351806640625E-07	1.25E-06	8.08073181701729E-08	161900.65625	-6.41303984139086E-07
19	128.227125676258	-0.109405517578125		-7.098388671875E-07	5.8746337890625E-07	1.29730224609375E-06	7.75736381797287E-08	153955.296875	-6.76712033964577E-07
20	128.277125676131	-0.1043701171875		-7.1563720703125E-07	6.3934326171875E-07	1.35498046875E-06	7.46474597690394E-08	145756.921875	-7.12348935394402E-07
21	128.327125676005	-0.099334716796875		-7.25402832031249E-07	6.97021484375E-07	1.42242431640625E-06	7.20355473049494E-08	136895.25	-7.4837493002633E-07
22	128.377125675879	-0.09429931640625		-7.40966796875001E-07	7.66906738281251E-07	1.50787353515625E-06	6.98274362775919E-08	127182.875	-7.85034160344367E-07
23	128.427125675753	-0.089263916015625		-7.57751464843751E-07	8.49304199218751E-07	1.6070556640625E-06	6.75936107086272E-08	117720.5078125	-8.22502101982536E-07
24	128.477125675626	-0.084228515625		-7.8094482421875E-07	9.4573974609375E-07	1.7266845703125E-06	6.57301555406775E-08	107776.4765625	-8.60969521454535E-07
25	128.5271256755	-0.079193115234375		-8.0841064453125E-07	1.05712890625E-06	1.86553955078125E-06	6.39712141037307E-08	97886	-9.00703412298753E-07
26	128.577125675374	-0.07415771484375		-8.4259033203125E-07	1.18560791015625E-06	2.0281982421875E-06	6.24074303345878E-08	87902.9296875	-9.41978441915126E-07
27	128.627125675248	-0.069122314453125		-8.8226318359375E-07	1.33270263671875E-06	2.2149658203125E-06	6.09571486620553E-08	78312	-9.85099745776097E-07
28	128.677125675121	-0.0640869140625		-9.295654296875E-07	1.4990234375E-06	2.4285888671875E-06	5.9516242600921E-08	68877.21875	-1.03039553778217E-06
29	128.727125674995	-0.059051513671875		-9.8388671875E-07	1.68548583984375E-06	2.66937255859375E-06	5.80399479588323E-08	59956.578125	-1.07823177586397E-06
30	128.777125674869	-0.05401611328125		-1.046142578125E-06	1.8927001953125E-06	2.9388427734375E-06	5.64127766722322E-08	51546.09375	-1.1289824897176E-06
31	128.827125674743	-0.048980712890625		-1.112060546875E-06	2.120361328125E-06	3.232421875E-06	5.42794680313818E-08	43891.328125	-1.18293758077925E-06
32	128.877125674617	-0.0439453125		-1.19140625E-06	2.36663818359375E-06	3.55804443359375E-06	5.21894705229897E-08	36767.41796875	-1.24052428418508E-06
33	128.92712567449	-0.038909912109375		-1.2725830078125E-06	2.62847900390625E-06	3.90106201171875E-06	4.93685128333254E-08	30484.412109375	-1.30212401927565E-06
34	128.977125674364	-0.03387451171875		-1.35833740234375E-06	2.90435791015625E-06	4.2626953125E-06	4.5797460046515E-08	24821.390625	-1.3678969708053E-06
35	129.027125674238	-0.028839111328125		-1.4447021484375E-06	3.18939208984375E-06	4.63409423828125E-06	4.14611172061541E-08	19864.80859375	-1.43797296914272E-06
36	129.077125674112	-0.0238037109375		-1.52801513671875E-06	3.477783203125E-06	5.00579833984375E-06	3.61998928610774E-08	15504.2939453125	-1.51229096445604E-06
37	129.127125673985	-0.018768310546875		-1.6058349609375E-06	3.763427734375E-06	5.3692626953125E-06	2.98839744061752E-08	11588.75	-1.59063711180352E-06
38	129.177125673859	-0.01373291015625		-1.67388916015625E-06	4.04022216796875E-06	5.714111328125E-06	2.27268444064066E-08	8111.212890625	-1.67263021921826E-06
39	129.227125673733	-0.008697509765625		-1.72698974609375E-06	4.302978515625E-06	6.02996826171875E-06	1.4814966142751E-08	4967.30908203125	-1.75765228505043E-06
40	129.277125673607	-0.003662109375		-1.761474609375E-06	4.541015625E-06	6.302490234375E-06	6.30019547642746E-09	2030.49206542969	-1.84486384569027E-06
41	129.32712567348	0.001373291015625		-1.773681640625E-06	4.754638671875E-06	6.5283203125E-06	-2.65229482820928E-09	-843.083312988281	-1.93324285646668E-06
42	129.377125673354	0.00640869140625		-1.75384521484375E-06	4.9285888671875E-06	6.68243408203125E-06	-1.14271827555967E-08	-3714.98193359375	-2.02143087335571E-06
43	129.427125673228	0.011444091796875		-1.7138671875E-06	5.059814453125E-06	6.773681640625E-06	-1.98228651271393E-08	-6748.57568359375	-2.10812368095503E-06
44	129.477125673102	0.0164794921875		-1.64703369140625E-06	5.145263671875E-06	6.79229736328125E-06	-2.73785172311136E-08	-10092.64453125	-2.19214621210995E-06
45	129.527125672975	0.021514892578125		-1.553955078125E-06	5.1788330078125E-06	6.7327880859375E-06	-3.35991572342209E-08	-13913.9833984375	-2.27217105930322E-06
46	129.577125672849	0.02655029296875		-1.43646240234375E-06	5.1666259765625E-06	6.60308837890625E-06	-3.8265628887757E-08	-18544.720703125	-2.34693129641528E-06
47	129.627125672723	0.031585693359375		-1.2969970703125E-06	5.1055908203125E-06	6.402587890625E-06	-4.1116962279375E-08	-24442.353515625	-2.41526777244871E-06
48	129.677125672597	0.03662109375		-1.14013671875E-06	4.998779296875E-06	6.138916015625E-06	-4.18922283529355E-08	-32226.982421875	-2.47619618676254E-06
49	129.72712567247	0.041656494140625		-9.66796875000001E-07	4.852294921875E-06	5.819091796875E-06	-4.03795823444852E-08	-43200.7578125	-2.52886957241572E-06
50	129.777125672344	0.04669189453125		-7.85217285156251E-07	4.67529296875E-06	5.46051025390625E-06	-3.67711159299233E-08	-59638.55859375	-2.5726699277584E-06
51	129.827125672218	0.051727294921875		-6.0302734375E-07	4.473876953125E-06	5.076904296875E-06	-3.12481809316978E-08	-85931.1796875	-2.60737601820438E-06
52	129.877125672092	0.0567626953125		-4.12597656249999E-07	4.2633056640625E-06	4.6759033203125E-06	-2.34453381153799E-08	-137721.890625	-2.63276660916745E-06
53	129.927125671966	0.061798095703125		-2.2918701171875E-07	4.04327392578125E-06	4.2724609375E-06	-1.41703146994132E-08	-269773.625	-2.6488112325751E-06
54	129.977125671839	0.06683349609375		-5.46264648437503E-08	3.8226318359375E-06	3.87725830078125E-06	-3.65754582176692E-09	-1225698.375	-2.65590665549098E-06
55	130.027125671713	0.071868896484375		1.08642578125E-07	3.6090087890625E-06	3.5003662109375E-06	7.81465292476469E-09	662078.6875	-2.65455628323252E-06
56	130.077125671587	0.076904296875		2.58789062500001E-07	3.40423583984375E-06	3.14544677734375E-06	1.99177847548526E-08	297405.6875	-2.64537038674462E-06
57	130.127125671461	0.081939697265625		3.936767578125E-07	3.211669921875E-06	2.8179931640625E-06	3.2305809583022E-08	208449.625	-2.62905882664199E-06
58	130.177125671334	0.08697509765625		5.11474609375E-07	3.033447265625E-06	2.52197265625E-06	4.45479884092492E-08	170286.40625	-2.60642991634086E-06
59	130.227125671208	0.092010498046875		6.1248779296875E-07	2.87017822265625E-06	2.2576904296875E-06	5.64113804557564E-08	150373.6875	-2.57833085015591E-06
60	130.277125671082	0.0970458984375		6.96716308593751E-07	2.7215576171875E-06	2.02484130859375E-06	6.76559821499723E-08	139378.015625	-2.54560086432321E-06
61	130.327125670956	0.102081298828125		7.6629638671875E-07	2.58697509765625E-06	1.8206787109375E-06	7.83180666985572E-08	133373.15625	-2.50902553489141E-06
62	130.377125670829	0.10711669921875		8.21838378906251E-07	2.46551513671875E-06	1.6436767578125E-06	8.8082771299014E-08	130412.1875	-2.46932222580654E-06
63	130.427125670703	0.112152099609375		8.6517333984375E-07	2.3577880859375E-06	1.49261474609375E-06	9.70838129887852E-08	129700.1796875	-2.42714691012225E-06
64	130.477125670577	0.1171875		8.9752197265625E-07	2.259521484375E-06	1.36199951171875E-06	1.05260525629092E-07	130669.84375	-2.38307939071092E-06
65	130.527125670451	0.122222900390625		9.20715332031249E-07	2.1728515625E-06	1.25213623046875E-06	1.1264489074847E-07	132880.34375	-2.33762352763733E-06
66	130.577125670324	0.12725830078125		9.3658447265625E-07	2.0947265625E-06	1.15814208984375E-06	1.19245314067484E-07	135940.046875	-2.29119109462772E-06
67	130.627125670198	0.132293701171875		9.4512939453125E-07	2.02484130859375E-06	1.0797119140625E-06	1.25092356029199E-07	140038.75	-2.24414816329954E-06
68	130.677125670072	0.1373291015625		9.503173828125E-07	1.9622802734375E-06	1.011962890625E-06	1.30622240135381E-07	144637.125	-2.19676212509512E-06
69	130.727125669946	0.142364501953125		9.503173828125E-07	1.9061279296875E-06	9.55810546875E-07	1.35378456889157E-07	149903.65625	-2.14924625652202E-06
70	130.777125669819	0.14739990234375		9.478759765625E-07	1.85577392578125E-06	9.0789794921875E-07	1.39774670060433E-07	155569.875	-2.10179132409394E-06
71	130.827125669693	0.152435302734375		9.4268798828125E-07	1.8096923828125E-06	8.6700439453125E-07	1.43785229056448E-07	161799.9375	-2.05452715817955E-06
72	130.877125669567	0.157470703125		9.3536376953125E-07	1.7681884765625E-06	8.3282470703125E-07	1.47378017345545E-07	168450.25	-2.00757585844258E-06
73	130.927125669441	0.162506103515625		9.2742919921875E-07	1.729736328125E-06	8.0230712890625E-07	1.50712907043271E-07	175222.109375	-1.961006091733E-06
74	130.977125669315	0.16754150390625		9.173583984375E-07	1.695556640625E-06	7.781982421875E-07	1.53667599533946E-07	182601.46875	-1.91488652490079E-06
75	131.027125669188	0.172576904296875		9.07287597656251E-07	1.66412353515625E-06	7.568359375E-07	1.56632253833777E-07	190279.1875	-1.86927024969918E-06
76	131.077125669062	0.1776123046875		8.9691162109375E-07	1.6351318359375E-06	7.3822021484375E-07	1.59329914595219E-07	198060.5625	-1.82416533789365E-06
77	131.127125668936	0.182647705078125		8.8653564453125E-07	1.6082763671875E-06	7.2174072265625E-07	1.6195075147607E-07	206058.515625	-1.77957906544179E-06
78	131.17712566881	0.18768310546875		8.7493896484375E-07	1.5838623046875E-06	7.08923339843751E-07	1.64291364512792E-07	214614.578125	-1.73554224147665E-06
79	131.227125668683	0.192718505859375		8.636474609375E-07	1.5606689453125E-06	6.97021484375E-07	1.66440841553595E-07	223144.890625	-1.69207760336576E-06
80	131.277125668557	0.19775390625		8.53271484375E-07	1.53961181640625E-06	6.8634033203125E-07	1.68789838994599E-07	231831.203125	-1.64915456934978E-06
81	131.327125668431	0.202789306640625		8.4228515625E-07	1.52008056640625E-06	6.7779541015625E-07	1.70883538430644E-07	240869.5625	-1.60676574978424E-06
82	131.377125668305	0.20782470703125		8.319091796875E-07	1.50238037109375E-06	6.70471191406251E-07	1.72967446587791E-07	249926.640625	-1.56491080360865E-06
83	131.427125668178	0.212860107421875		8.2122802734375E-07	1.48468017578125E-06	6.634521484375E-07	1.74831740196169E-07	259234.484375	-1.52358245486539E-06
84	131.477125668052	0.2178955078125		8.1146240234375E-07	1.4678955078125E-06	6.5643310546875E-07	1.76863537149075E-07	268597.21875	-1.48276512845769E-06
85	131.527125667926	0.222930908203125		8.0169677734375E-07	1.4532470703125E-06	6.5155029296875E-07	1.78796383920599E-07	278188.03125	-1.44243620070483E-06
86	131.5771256678	0.22796630859375		7.916259765625E-07	1.439208984375E-06	6.47583007812499E-07	1.80488200385298E-07	288010.8125	-1.40260306125128E-06
87	131.627125667673	0.233001708984375		7.82470703125E-07	1.42547607421875E-06	6.4300537109375E-07	1.82317009489452E-07	297776.90625	-1.36325070343446E-06
88	131.677125667547	0.238037109375		7.733154296875E-07	1.4129638671875E-06	6.396484375E-07	1.84124971269739E-07	307892.65625	-1.3243560488263E-06
89	131.727125667421	0.243072509765625		7.6446533203125E-07	1.4013671875E-06	6.36901855468749E-07	1.85820496767519E-07	317964.09375	-1.28591148040869E-06
90	131.777125667295	0.24810791015625		7.55615234375E-07	1.3909912109375E-06	6.35375976562501E-07	1.87543278684643E-07	328473.375	-1.24790949485032E-06
91	131.827125667169	0.253143310546875		7.4737548828125E-07	1.380615234375E-06	6.3323974609375E-07	1.89238718917295E-07	338791.375	-1.21033474442811E-06
92	131.877125667042	0.2581787109375		7.3974609375E-07	1.3702392578125E-06	6.304931640625E-07	1.90986696679829E-07	349009.90625	-1.17315664738271E-06
93	131.927125666916	0.263214111328125		7.31201171875E-07	1.3616943359375E-06	6.304931640625E-07	1.9244015447839E-07	359933.21875	-1.13638304810593E-06
94	131.97712566679	0.26824951171875		7.2357177734375E-07	1.353759765625E-06	6.3018798828125E-07	1.94119849084018E-07	370771.84375	-1.10001371922408E-06
95	132.027125666664	0.273284912109375		7.16552734375001E-07	1.34613037109375E-06	6.29577636718749E-07	1.95844918948751E-07	381431	-1.06401057564653E-06
96	132.077125666537	0.2783203125		7.08923339843751E-07	1.33880615234375E-06	6.29882812499999E-07	1.97329399043156E-07	392638.84375	-1.02837373106013E-06
97	132.127125666411	0.283355712890625		7.0159912109375E-07	1.331787109375E-06	6.3018798828125E-07	1.98823528307912E-07	403914.75	-9.93110575109313E-07
98	132.177125666285	0.28839111328125		6.94885253906249E-07	1.32537841796875E-06	6.30493164062501E-07	2.00441135689289E-07	415107.625	-9.58198484113382E-07
99	132.227125666159	0.293426513671875		6.878662109375E-07	1.31988525390625E-06	6.3201904296875E-07	2.01838176394631E-07	426575	-9.2362972736737E-07
100	132.277125666032	0.2984619140625		6.81152343749999E-07	1.31439208984375E-06	6.3323974609375E-07	2.03318805347408E-07	438216.875	-8.89404248027859E-07
101	132.327125665906	0.303497314453125		6.7474365234375E-07	1.3104248046875E-06	6.35681152343751E-07	2.04782892865296E-07	449796.46875	-8.55506868902012E-07
102	132.37712566578	0.30853271484375		6.67419433593749E-07	1.30615234375E-06	6.38732910156251E-07	2.05879999271019E-07	462185.625	-8.21952767182665E-07
103	132.427125665654	0.313568115234375		6.6192626953125E-07	1.30218505859375E-06	6.40258789062499E-07	2.07599370583011E-07	473812.8125	-7.88719148658856E-07
104	132.477125665527	0.318603515625		6.55517578125001E-07	1.2994384765625E-06	6.439208984375E-07	2.08870204687628E-07	486080.09375	-7.55783048589365E-07
105	132.527125665401	0.323638916015625		6.49414062500001E-07	1.2969970703125E-06	6.475830078125E-07	2.10215304718986E-07	498449.25	-7.23159757853864E-07
106	132.577125665275	0.32867431640625		6.439208984375E-07	1.29547119140625E-06	6.5155029296875E-07	2.1165990915506E-07	510473.9375	-6.90826368554553E-07
107	132.627125665149	0.333709716796875		6.378173828125E-07	1.29364013671875E-06	6.5582275390625E-07	2.12884785355527E-07	523301.4375	-6.58782937534852E-07
108	132.677125665022	0.3387451171875		6.3201904296875E-07	1.29241943359375E-06	6.60400390625E-07	2.14074063364933E-07	535924.6875	-6.27037024969468E-07
109	132.727125664896	0.343780517578125		6.2591552734375E-07	1.29119873046875E-06	6.65283203125E-07	2.15196664044015E-07	549293.0625	-5.95588630858401E-07
110	132.77712566477	0.34881591796875		6.1981201171875E-07	1.29119873046875E-06	6.7138671875E-07	2.16275950037925E-07	562973.9375	-5.64445485906617E-07
111	132.827125664644	0.353851318359375		6.14318847656251E-07	1.2908935546875E-06	6.7657470703125E-07	2.17396276980253E-07	576055.6875	-5.33592185547604E-07
112	132.877125664518	0.35888671875		6.08215332031251E-07	1.29150390625E-06	6.83288574218749E-07	2.18261831719246E-07	590015.0625	-5.03028843468201E-07
113	132.927125664391	0.363922119140625		6.0272216796875E-07	1.292724609375E-06	6.9000244140625E-07	2.19362306097537E-07	603848.125	-4.72755402824987E-07
114	132.977125664265	0.36895751953125		5.9783935546875E-07	1.29364013671875E-06	6.9580078125E-07	2.20595566702286E-07	617202.6875	-4.42741367123745E-07
115	133.027125664139	0.373992919921875		5.9234619140625E-07	1.295166015625E-06	7.02819824218751E-07	2.21515193743471E-07	631324.0625	-4.12986736364473E-07
116	133.077125664013	0.3790283203125		5.87158203125E-07	1.29669189453125E-06	7.0953369140625E-07	2.22567493324277E-07	645582.125	-3.83499127565301E-07
117	133.127125663886	0.384063720703125		5.81970214843749E-07	1.2982177734375E-06	7.16247558593751E-07	2.23549164957149E-07	660042	-3.542709237081E-07
118	133.17712566376	0.38909912109375		5.77697753906251E-07	1.3006591796875E-06	7.22961425781249E-07	2.247993080573E-07	673586.9375	-3.25279216895069E-07
119	133.227125663634	0.394134521484375		5.7373046875E-07	1.302490234375E-06	7.28759765625001E-07	2.26179508899804E-07	687127.6875	-2.9649351063199E-07
120	133.277125663508	0.399169921875		5.694580078125E-07	1.3043212890625E-06	7.34863281250001E-07	2.27345253733802E-07	701071.8125	-2.67913804918862E-07
121	133.327125663381	0.404205322265625		5.657958984375E-07	1.30584716796875E-06	7.4005126953125E-07	2.28714966965526E-07	714455.3125	-2.39532454315849E-07
122	133.377125663255	0.40924072265625		5.6182861328125E-07	1.3079833984375E-06	7.4615478515625E-07	2.29888840408421E-07	728299.875	-2.11341841804824E-07
123	133.427125663129	0.414276123046875		5.59082031249999E-07	1.31011962890625E-06	7.51037597656251E-07	2.31648456860967E-07	741102.625	-1.8331907369884E-07
124	133.477125663003	0.4193115234375		5.5572509765625E-07	1.312255859375E-06	7.5653076171875E-07	2.33021935969191E-07	754530.5	-1.55448901750788E-07
125	133.527125662876	0.424346923828125		5.5267333984375E-07	1.314697265625E-06	7.62023925781251E-07	2.34525231235239E-07	767807.875	-1.27738942978795E-07
126	133.57712566275	0.42938232421875		5.4962158203125E-07	1.31744384765625E-06	7.67822265625E-07	2.36014557231101E-07	781288.1875	-1.00181566153879E-07
127	133.627125662624	0.434417724609375		5.4779052734375E-07	1.32049560546875E-06	7.72705078124999E-07	2.38020064102784E-07	793203.3125	-7.27462605709661E-08
128	133.677125662498	0.439453125		5.44128417968751E-07	1.32354736328125E-06	7.79418945312499E-07	2.39135516721944E-07	807683.6875	-4.54482886880214E-08
129	133.727125662371	0.444488525390625		5.41076660156251E-07	1.3275146484375E-06	7.8643798828125E-07	2.40502373571871E-07	821489	-1.83181647628317E-08
130	133.777125662245	0.44952392578125		5.3863525390625E-07	1.331787109375E-06	7.9315185546875E-07	2.42112975001874E-07	834504.3125	8.67463256781775E-09
131	133.827125662119	0.454559326171875		5.36193847656249E-07	1.336669921875E-06	8.00476074218751E-07	2.43764645802003E-07	847865.6875	3.55453586564636E-08
132	133.877125661993	0.4595947265625		5.328369140625E-07	1.3421630859375E-06	8.09326171875001E-07	2.44921551484367E-07	862657.5	6.2271126921587E-08
133	133.927125661867	0.464630126953125		5.2978515625E-07	1.3482666015625E-06	8.18481445312501E-07	2.46170316131611E-07	877073.75	8.88366784579375E-08
134	133.97712566174	0.46966552734375		5.2642822265625E-07	1.35528564453125E-06	8.28857421875E-07	2.47261255026388E-07	892231.9375	1.15242016818229E-07
135	134.027125661614	0.474700927734375		5.22766113281251E-07	1.3629150390625E-06	8.40148925781249E-07	2.48173506633975E-07	908114.5	1.4147187243907E-07
136	134.077125661488	0.479736328125		5.19409179687499E-07	1.3714599609375E-06	8.52050781250001E-07	2.49147745989831E-07	923501.75	1.67526252425887E-07
137	134.127125661362	0.484771728515625		5.157470703125E-07	1.38092041015625E-06	8.6517333984375E-07	2.49988119094269E-07	939822.5	1.93405156778681E-07
138	134.177125661235	0.48980712890625		5.11474609375E-07	1.39129638671875E-06	8.79821777343751E-07	2.50523896738741E-07	957637.3125	2.19085691810506E-07
139	134.227125661109	0.494842529296875		5.07202148437499E-07	1.4031982421875E-06	8.95996093750001E-07	2.50985181082797E-07	975631.8125	2.44552609274251E-07
140	134.277125660983	0.4998779296875		5.02624511718749E-07	1.41693115234375E-06	9.14306640625001E-07	2.51250895644262E-07	994535.5	2.69798277940936E-07
141	134.327125660857	0.504913330078125		4.974365234375E-07	1.43218994140625E-06	9.34753417968751E-07	2.51177510790512E-07	1015092	2.94799804123613E-07
142	134.37712566073	0.50994873046875		4.91943359374999E-07	1.4495849609375E-06	9.57641601562501E-07	2.50895908493476E-07	1036724.5625	3.19534308346192E-07
143	134.427125660604	0.514984130859375		4.864501953125E-07	1.4697265625E-06	9.832763671875E-07	2.50514119670697E-07	1058657.5	3.43994145168836E-07
144	134.477125660478	0.52001953125		4.791259765625E-07	1.4923095703125E-06	1.01318359375E-06	2.49140242658541E-07	1085286.625	3.68133555639361E-07
145	134.527125660352	0.525054931640625		4.70581054687499E-07	1.5185546875E-06	1.0479736328125E-06	2.47080890858342E-07	1115758.75	3.91876227467947E-07
146	134.577125660225	0.53009033203125		4.6112060546875E-07	1.54937744140625E-06	1.0882568359375E-06	2.44449637420985E-07	1149636	4.15168756262574E-07
147	134.627125660099	0.535125732421875		4.51049804687501E-07	1.58538818359375E-06	1.13433837890625E-06	2.41354598529142E-07	1186332.875	4.37973028510896E-07
148	134.677125659973	0.5401611328125		4.38232421875E-07	1.62811279296875E-06	1.18988037109375E-06	2.36716118706681E-07	1232590.625	4.60205086483256E-07
149	134.727125659847	0.545196533203125		4.2266845703125E-07	1.67816162109375E-06	1.2554931640625E-06	2.30450268645654E-07	1289963.875	4.81727624901396E-07
150	134.77712565972	0.55023193359375		4.0557861328125E-07	1.73583984375E-06	1.33026123046875E-06	2.23162288648382E-07	1356659.25	5.02433749716147E-07
151	134.827125659594	0.555267333984375		3.84521484375E-07	1.80419921875E-06	1.419677734375E-06	2.13512223012913E-07	1444047.625	5.22186269336089E-07
152	134.877125659468	0.560302734375		3.59497070312501E-07	1.88507080078125E-06	1.52557373046875E-06	2.01394271925892E-07	1558319.25	5.40786743385979E-07
153	134.927125659342	0.565338134765625		3.30200195312499E-07	1.9781494140625E-06	1.64794921875E-06	1.86664678381021E-07	1712014.875	5.58029171315866E-07
154	134.977125659216	0.57037353515625		2.9571533203125E-07	2.08648681640625E-06	1.790771484375E-06	1.68668194078236E-07	1928792.625	5.73677084503288E-07
155	135.027125659089	0.575408935546875		2.5482177734375E-07	2.2113037109375E-06	1.95648193359375E-06	1.46634505426846E-07	2258203.75	5.87440467825218E-07
156	135.077125658963	0.5804443359375		2.093505859375E-07	2.35504150390625E-06	2.14569091796875E-06	1.21522745644143E-07	2772740.75	5.99044824411976E-07
157	135.127125658837	0.585479736328125		1.5838623046875E-07	2.51739501953125E-06	2.3590087890625E-06	9.27319305787933E-08	3696531.75	6.08238224231172E-07
158	135.177125658711	0.59051513671875		1.019287109375E-07	2.7008056640625E-06	2.598876953125E-06	6.01842202740954E-08	5792814.5	6.14746113569709E-07
159	135.227125658584	0.595550537109375		3.96728515625E-08	2.9058837890625E-06	2.8662109375E-06	2.36271873177429E-08	15011538	6.18286151166103E-07
160	135.277125658458	0.6005859375		-2.96020507812494E-08	3.133544921875E-06	3.16314697265625E-06	-1.77785750565818E-08	-20288660	6.18537910668238E-07
161	135.327125658332	0.605621337890625		-1.055908203125E-07	3.3831787109375E-06	3.48876953125E-06	-6.3948050410545E-08	-5735549.5	6.15158057826193E-07
162	135.377125658206	0.61065673828125		-1.8768310546875E-07	3.65478515625E-06	3.84246826171875E-06	-1.14609946422206E-07	-3253658.75	6.07826223131269E-07
163	135.427125658079	0.615692138671875		-2.74658203125E-07	3.94622802734375E-06	4.22088623046875E-06	-1.69104893643635E-07	-2241666.75	5.96267682340113E-07
164	135.477125657953	0.6207275390625		-3.64990234375E-07	4.2547607421875E-06	4.6197509765625E-06	-2.26514927703647E-07	-1700334.5	5.8027649174619E-07
165	135.527125657827	0.625762939453125		-4.57153320312501E-07	4.5745849609375E-06	5.03173828125E-06	-2.86083547962335E-07	-1368891.875	5.59722877824242E-07
166	135.577125657701	0.63079833984375		-5.44128417968751E-07	4.901123046875E-06	5.44525146484375E-06	-3.43235285527044E-07	-1159282.125	5.34690855147346E-07
167	135.627125657574	0.635833740234375		-6.26220703124999E-07	5.230712890625E-06	5.85693359375E-06	-3.98114906374758E-07	-1015204.6875	5.05432126374217E-07
168	135.677125657448	0.640869140625		-6.9915771484375E-07	5.5572509765625E-06	6.25640869140625E-06	-4.47983239837413E-07	-916455.75	4.7229767119461E-07
169	135.727125657322	0.645904541015625		-7.574462890625E-07	5.8746337890625E-06	6.632080078125E-06	-4.89191791075427E-07	-852659.125	4.35882583360581E-07
170	135.777125657196	0.65093994140625		-7.965087890625E-07	6.1767578125E-06	6.9732666015625E-06	-5.18430738338793E-07	-817164.8125	3.97033687704607E-07
171	135.827125657069	0.655975341796875		-8.1512451171875E-07	6.4544677734375E-06	7.26959228515625E-06	-5.34626963144547E-07	-804642.4375	3.567428734641E-07
172	135.877125656943	0.6610107421875		-8.087158203125E-07	6.70166015625E-06	7.5103759765625E-06	-5.34495825377235E-07	-817245.3125	3.16146866907729E-07
173	135.927125656817	0.666046142578125		-7.7484130859375E-07	6.9091796875E-06	7.68402099609375E-06	-5.16080035595223E-07	-859590.4375	2.76557926781607E-07
174	135.977125656691	0.67108154296875		-7.14721679687499E-07	7.0770263671875E-06	7.791748046875E-06	-4.79592870306078E-07	-938855.75	2.3931886516948E-07
175	136.027125656565	0.676116943359375		-6.28662109375E-07	7.1990966796875E-06	7.8277587890625E-06	-4.24991554837106E-07	-1075339.75	2.05734266955915E-07
176	136.077125656438	0.68115234375		-5.17578125E-07	7.2723388671875E-06	7.7899169921875E-06	-3.52502155465118E-07	-1315861	1.77078248952967E-07
177	136.127125656312	0.686187744140625		-3.8421630859375E-07	7.293701171875E-06	7.67791748046875E-06	-2.63609337025628E-07	-1785703	1.5453339585747E-07
178	136.177125656186	0.69122314453125		-2.3162841796875E-07	7.2662353515625E-06	7.49786376953125E-06	-1.6007156489195E-07	-2983531	1.39137284804747E-07
179	136.22712565606	0.696258544921875		-6.40869140625E-08	7.1929931640625E-06	7.257080078125E-06	-4.46132375486741E-08	-10862381	1.31744400277967E-07
180	136.277125655933	0.7012939453125		1.15051269531249E-07	7.073974609375E-06	6.95892333984375E-06	8.06707092237957E-08	6094430	1.33018502879167E-07
181	136.327125655807	0.706329345703125		2.978515625E-07	6.927490234375E-06	6.629638671875E-06	2.10363111818879E-07	2371209	1.43341068792324E-07
182	136.377125655681	0.71136474609375		4.852294921875E-07	6.7596435546875E-06	6.2744140625E-06	3.45115893196635E-07	1465786.25	1.62918098567388E-07
183	136.427125655555	0.716400146484375		6.70776367187501E-07	6.57958984375E-06	5.9088134765625E-06	4.80462404084392E-07	1067834.5	1.91818244843489E-07
184	136.477125655428	0.721435546875		8.502197265625E-07	6.3995361328125E-06	5.54931640625E-06	6.13248971603753E-07	848348.9375	2.29843138299657E-07
185	136.527125655302	0.726470947265625		1.01654052734375E-06	6.2255859375E-06	5.20904541015625E-06	7.38363041818957E-07	714530.1875	2.76512139407714E-07
186	136.577125655176	0.73150634765625		1.16790771484375E-06	6.06689453125E-06	4.89898681640625E-06	8.54118070492405E-07	626182.375	3.31123345631568E-07
187	136.62712565505	0.736541748046875		1.2994384765625E-06	5.9326171875E-06	4.6331787109375E-06	9.56932012741163E-07	566721.5	3.92807010030083E-07
188	136.677125654923	0.7415771484375		1.4093017578125E-06	5.8258056640625E-06	4.41650390625E-06	1.04493392427685E-06	526115.1875	4.60525512835375E-07
189	136.727125654797	0.746612548828125		1.49627685546875E-06	5.7525634765625E-06	4.25628662109375E-06	1.11700205707166E-06	498919.03125	5.33164950411447E-07
190	136.777125654671	0.75164794921875		1.56158447265625E-06	5.718994140625E-06	4.15740966796875E-06	1.17423826395679E-06	481532.15625	6.09611504387431E-07
191	136.827125654545	0.756683349609375		1.5936279296875E-06	5.7220458984375E-06	4.12841796875E-06	1.20562856409379E-06	474722.34375	6.8849180934194E-07
192	136.877125654418	0.76171875		1.6046142578125E-06	5.76171875E-06	4.1571044921875E-06	1.22324411222507E-06	475085.59375	7.6844787599839E-07
193	136.927125654292	0.766754150390625		1.59149169921875E-06	5.8441162109375E-06	4.25262451171875E-06	1.22101141641906E-06	482070.9375	8.48350509841111E-07
194	136.977125654166	0.77178955078125		1.55426025390625E-06	5.96923828125E-06	4.41497802734375E-06	1.20003608117258E-06	496760.28125	9.26994289329741E-07
195	137.02712565404	0.776824951171875		1.4959716796875E-06	6.1279296875E-06	4.6319580078125E-06	1.16233638891572E-06	519379.84375	1.00325007679203E-06
196	137.077125653914	0.7818603515625		1.4190673828125E-06	6.3232421875E-06	4.9041748046875E-06	1.1095124818894E-06	550967.75	1.07612606825569E-06
197	137.127125653787	0.786895751953125		1.3287353515625E-06	6.5460205078125E-06	5.21728515625E-06	1.04537343759148E-06	592099.25	1.1448211125753E-06
198	137.177125653661	0.79193115234375		1.2286376953125E-06	6.7962646484375E-06	5.567626953125E-06	9.73371356849384E-07	644808.75	1.20875552056532E-06
199	137.227125653535	0.796966552734375		1.12457275390625E-06	7.0648193359375E-06	5.94024658203125E-06	8.96418441698188E-07	708819.5625	1.26758573060215E-06
200	137.277125653409	0.802001953125		1.021728515625E-06	7.3455810546875E-06	6.3238525390625E-06	8.1974008026009E-07	785244.9375	1.32124330320949E-06
201	137.327125653282	0.807037353515625		9.2742919921875E-07	7.62939453125E-06	6.70196533203125E-06	7.48611512335629E-07	870352.0625	1.36997221034107E-06
202	137.377125653156	0.81207275390625		8.46252441406251E-07	7.916259765625E-06	7.07000732421875E-06	6.87735052906646E-07	960331.8125	1.4143142834655E-06
203	137.42712565303	0.817108154296875		7.8277587890625E-07	8.1878662109375E-06	7.40509033203125E-06	6.40209748326015E-07	1044834.3125	1.455039978282E-06
204	137.477125652904	0.8221435546875		7.421875E-07	8.447265625E-06	7.705078125E-06	6.10411120760546E-07	1108141.5	1.49316406350408E-06
205	137.527125652777	0.827178955078125		7.2601318359375E-07	8.67919921875E-06	7.95318603515625E-06	6.00653606852575E-07	1139554.375	1.52986899593088E-06
206	137.577125652651	0.83221435546875		7.3699951171875E-07	8.8836669921875E-06	8.14666748046875E-06	6.13116640124645E-07	1128778.5	1.56644432536268E-06
207	137.627125652525	0.837249755859375		7.763671875E-07	9.0484619140625E-06	8.2720947265625E-06	6.49894786874938E-07	1078223.25	1.60427850914857E-06
208	137.677125652399	0.84228515625		8.43505859375E-07	9.16748046875E-06	8.323974609375E-06	7.1072986429499E-07	998914.625	1.64477535236074E-06
209	137.727125652272	0.847320556640625		9.36279296875001E-07	9.2437744140625E-06	8.3074951171875E-06	7.93185790826101E-07	904824	1.68926999322139E-06
210	137.777125652146	0.85235595703125		1.05316162109375E-06	9.2681884765625E-06	8.21502685546875E-06	8.97668542165775E-07	809330.6875	1.73900605204835E-06
211	137.82712565202	0.857391357421875		1.18988037109375E-06	9.24072265625E-06	8.05084228515625E-06	1.02073784091772E-06	720954.125	1.79508208475454E-06
212	137.877125651894	0.8624267578125		1.3482666015625E-06	9.161376953125E-06	7.8131103515625E-06	1.16360411084315E-06	640108.6875	1.85853571110783E-06
213	137.927125651767	0.867462158203125		1.5191650390625E-06	9.039306640625E-06	7.5201416015625E-06	1.31665910885204E-06	570510.25	1.93022151506739E-06
214	137.977125651641	0.87249755859375		1.6986083984375E-06	8.8775634765625E-06	7.178955078125E-06	1.4815132090007E-06	513474.6875	2.01066586669185E-06
215	138.027125651515	0.877532958984375		1.88262939453125E-06	8.685302734375E-06	6.80267333984375E-06	1.6517820995432E-06	466039.875	2.10019675250805E-06
216	138.077125651389	0.882568359375		2.06878662109375E-06	8.4747314453125E-06	6.40594482421875E-06	1.82647704605188E-06	426759.09375	2.19898220166215E-06
217	138.127125651263	0.887603759765625		2.2509765625E-06	8.2550048828125E-06	6.0040283203125E-06	1.99831856662058E-06	394387.21875	2.30697628467169E-06
218	138.177125651136	0.89263916015625		2.4224853515625E-06	8.038330078125E-06	5.6158447265625E-06	2.16314447243349E-06	368606.71875	2.42381270254555E-06
219	138.22712565101	0.897674560546875		2.5823974609375E-06	7.8338623046875E-06	5.25146484375E-06	2.31775834436121E-06	347553.78125	2.54893484452623E-06
220	138.277125650884	0.9027099609375		2.72674560546875E-06	7.647705078125E-06	4.92095947265625E-06	2.46062836595229E-06	330945.71875	2.68166354544519E-06
221	138.327125650758	0.907745361328125		2.84820556640625E-06	7.489013671875E-06	4.64080810546875E-06	2.58674913311552E-06	318868.53125	2.82103724202898E-06
222	138.377125650631	0.91278076171875		2.94769287109375E-06	7.3638916015625E-06	4.41619873046875E-06	2.69239649242081E-06	309866.46875	2.96593475468399E-06
223	138.427125650505	0.917816162109375		3.02154541015625E-06	7.275390625E-06	4.25384521484375E-06	2.77276217275357E-06	303706.6875	3.11516555484559E-06
224	138.477125650379	0.9228515625		3.07098388671875E-06	7.2235107421875E-06	4.15252685546875E-06	2.83499957731692E-06	300606.1875	3.26747885992518E-06
225	138.527125650253	0.927886962890625		3.0938720703125E-06	7.2113037109375E-06	4.117431640625E-06	2.8721797207254E-06	300059.1875	3.42160024047189E-06
226	138.577125650126	0.93292236328125		3.092041015625E-06	7.2357177734375E-06	4.1436767578125E-06	2.88369051304471E-06	301618.625	3.57624799107725E-06
227	138.62712565	0.937957763671875		3.06915283203125E-06	7.2998046875E-06	4.23065185546875E-06	2.87826742351172E-06	305558.3125	3.73027796740644E-06
228	138.677125649874	0.9429931640625		3.0218505859375E-06	7.4005126953125E-06	4.378662109375E-06	2.84958446172823E-06	312058.1875	3.88255284633487E-06
229	138.727125649748	0.948028564453125		2.95501708984375E-06	7.53173828125E-06	4.57672119140625E-06	2.80008771369467E-06	320665.09375	4.03197464038385E-06
230	138.777125649621	0.95306396484375		2.87261962890625E-06	7.6904296875E-06	4.81781005859375E-06	2.73779005510733E-06	331775.21875	4.17766568716615E-06
231	138.827125649495	0.958099365234375		2.77862548828125E-06	7.8704833984375E-06	5.09185791015625E-06	2.66177539742785E-06	344755.625	4.31894659413956E-06
232	138.877125649369	0.963134765625		2.67791748046875E-06	8.06884765625E-06	5.39093017578125E-06	2.58001250585949E-06	359772.09375	4.45536034021643E-06
233	138.927125649243	0.968170166015625		2.5750732421875E-06	8.2763671875E-06	5.7012939453125E-06	2.49350205194787E-06	376036.96875	4.58668500868953E-06
234	138.977125649116	0.97320556640625		2.4774169921875E-06	8.4869384765625E-06	6.009521484375E-06	2.41103589360137E-06	392830.75	4.71299745186116E-06
235	139.02712564899	0.978240966796875		2.39288330078125E-06	8.69140625E-06	6.29852294921875E-06	2.34118169828434E-06	408876.40625	4.83475469081895E-06
236	139.077125648864	0.9832763671875		2.32330322265625E-06	8.880615234375E-06	6.55731201171875E-06	2.28374005928345E-06	423092.09375	4.95265931022004E-06
237	139.127125648738	0.988311767578125		2.27386474609375E-06	9.051513671875E-06	6.77764892578125E-06	2.24832820094889E-06	434840.96875	5.06758851770428E-06
238	139.177125648612	0.99334716796875		2.24822998046875E-06	9.197998046875E-06	6.94976806640625E-06	2.23327288040309E-06	441835.21875	5.18064098287141E-06
239	139.227125648485	0.998382568359375		2.24639892578125E-06	9.31396484375E-06	7.06756591796875E-06	2.24310838348174E-06	444504.8125	5.2930067795387E-06
240	139.277125648359	1.00341796875		2.26959228515625E-06	9.3902587890625E-06	7.12066650390625E-06	2.27804230235051E-06	442248.25	5.40590644959593E-06
241	139.327125648233	1.00845336914063		2.31597900390625E-06	9.429931640625E-06	7.11395263671875E-06	2.33591003961919E-06	435498.75	5.52054598301766E-06
242	139.377125648107	1.01348876953125		2.38555908203125E-06	9.423828125E-06	7.03826904296875E-06	2.41700945480261E-06	424715.34375	5.63808407605393E-06
243	139.42712564798	1.01852416992188		2.47894287109375E-06	9.3719482421875E-06	6.89300537109375E-06	2.52524137067667E-06	410931.9375	5.75969670535414E-06
244	139.477125647854	1.0235595703125		2.5897216796875E-06	9.2803955078125E-06	6.690673828125E-06	2.65152471001784E-06	395357.0625	5.88641341892071E-06
245	139.527125647728	1.02859497070313		2.71759033203125E-06	9.1461181640625E-06	6.42852783203125E-06	2.79571418104752E-06	378551.40625	6.01909641773091E-06
246	139.577125647602	1.03363037109375		2.85797119140625E-06	8.9752197265625E-06	6.11724853515625E-06	2.95495806312829E-06	361772.5625	6.15848512097728E-06
247	139.627125647475	1.03866577148438		3.0078125E-06	8.77685546875E-06	5.76904296875E-06	3.12365295940253E-06	345271.9375	6.30512977295439E-06
248	139.677125647349	1.043701171875		3.162841796875E-06	8.5540771484375E-06	5.3912353515625E-06	3.30202692566672E-06	330084.90625	6.45939644527971E-06
249	139.727125647223	1.04873657226563		3.31817626953125E-06	8.3221435546875E-06	5.00396728515625E-06	3.47938635059108E-06	316012.15625	6.6214215621585E-06
250	139.777125647097	1.05377197265625		3.4710693359375E-06	8.0780029296875E-06	4.60693359375E-06	3.65665619028732E-06	303499.21875	6.79115282764542E-06
251	139.82712564697	1.05880737304688		3.61968994140625E-06	7.8369140625E-06	4.21722412109375E-06	3.83421138394624E-06	292639.75	6.96842198522063E-06
252	139.877125646844	1.0638427734375		3.7567138671875E-06	7.6019287109375E-06	3.84521484375E-06	3.99540658690967E-06	283103.1875	7.15283204044681E-06
253	139.927125646718	1.06887817382813		3.8818359375E-06	7.3760986328125E-06	3.4942626953125E-06	4.14861733588623E-06	275314.46875	7.34379545974662E-06
254	139.977125646592	1.07391357421875		3.994140625E-06	7.16552734375E-06	3.17138671875E-06	4.29058081863332E-06	268948.65625	7.54069515096489E-06
255	140.027125646465	1.07894897460938		4.090576171875E-06	6.9671630859375E-06	2.8765869140625E-06	4.41289876107476E-06	263727.25	7.74281306803459E-06
256	140.077125646339	1.083984375		4.17327880859375E-06	6.7840576171875E-06	2.61077880859375E-06	4.52504264103482E-06	259817.1875	7.94940933701582E-06
257	140.127125646213	1.08901977539063		4.24102783203125E-06	6.6162109375E-06	2.37518310546875E-06	4.61921035821433E-06	256818.015625	8.15976727608358E-06
258	140.177125646087	1.09405517578125		4.29473876953125E-06	6.4666748046875E-06	2.17193603515625E-06	4.69868109576055E-06	254743.140625	8.37316110846587E-06
259	140.227125645961	1.09909057617188		4.33563232421875E-06	6.329345703125E-06	1.99371337890625E-06	4.76459081255598E-06	253466.609375	8.58892053656746E-06
260	140.277125645834	1.1041259765625		4.364013671875E-06	6.207275390625E-06	1.84326171875E-06	4.81708866573172E-06	252937.078125	8.80641164258122E-06
261	140.327125645708	1.10916137695313		4.38262939453125E-06	6.097412109375E-06	1.71478271484375E-06	4.86304952573846E-06	253185.703125	9.02507781574968E-06
262	140.377125645582	1.11419677734375		4.3927001953125E-06	6.0028076171875E-06	1.610107421875E-06	4.89299191031023E-06	253577.875	9.24446067074314E-06
263	140.427125645456	1.11923217773438		4.39453125E-06	5.9173583984375E-06	1.5228271484375E-06	4.91917126055341E-06	254722.234375	9.46414183999877E-06
264	140.477125645329	1.124267578125		4.3896484375E-06	5.8441162109375E-06	1.4544677734375E-06	4.93380002808408E-06	256048.390625	9.68374570220476E-06
265	140.527125645203	1.12930297851563		4.37896728515625E-06	5.7830810546875E-06	1.40411376953125E-06	4.94451251142891E-06	257857.6875	9.90296121017309E-06
266	140.577125645077	1.13433837890625		4.36431884765625E-06	5.731201171875E-06	1.36688232421875E-06	4.94928235639236E-06	259841.984375	1.0121543709829E-05
267	140.627125644951	1.13937377929688		4.345703125E-06	5.6915283203125E-06	1.3458251953125E-06	4.95204312755959E-06	262219.09375	1.03392940218328E-05
268	140.677125644824	1.1444091796875		4.32281494140625E-06	5.6610107421875E-06	1.33819580078125E-06	4.94706864628824E-06	264737.03125	1.05560075098765E-05
269	140.727125644698	1.14944458007813		4.29718017578125E-06	5.6396484375E-06	1.34246826171875E-06	4.94133746542502E-06	267594.625	1.07715068224934E-05
270	140.777125644572	1.15447998046875		4.268798828125E-06	5.6304931640625E-06	1.3616943359375E-06	4.92824301545625E-06	270446.09375	1.09856564449728E-05
271	140.827125644446	1.15951538085938		4.23828125E-06	5.633544921875E-06	1.395263671875E-06	4.91629225507495E-06	273689.53125	1.11983335955301E-05
272	140.877125644319	1.16455078125		4.20440673828125E-06	5.6488037109375E-06	1.44439697265625E-06	4.89752801513532E-06	277055.96875	1.14094009404653E-05
273	140.927125644193	1.16958618164063		4.1680908203125E-06	5.67626953125E-06	1.5081787109375E-06	4.87557690576068E-06	280641.40625	1.1618712960626E-05
274	140.977125644067	1.17462158203125		4.12933349609375E-06	5.718994140625E-06	1.58966064453125E-06	4.85040391140501E-06	284457.9375	1.1826148693217E-05
275	141.027125643941	1.17965698242188		4.088134765625E-06	5.7769775390625E-06	1.6888427734375E-06	4.82197265228024E-06	288518.96875	1.20315853564534E-05
276	141.077125643814	1.1846923828125		4.04296875E-06	5.8502197265625E-06	1.8072509765625E-06	4.78967422168353E-06	293025.375	1.22348628792679E-05
277	141.127125643688	1.18972778320313		3.995361328125E-06	5.938720703125E-06	1.943359375E-06	4.75400156574324E-06	297815.46875	1.24358211905928E-05
278	141.177125643562	1.19476318359375		3.94561767578125E-06	6.04248046875E-06	2.09686279296875E-06	4.71407884106156E-06	302807.65625	1.26343456940958E-05
279	141.227125643436	1.19979858398438		3.89373779296875E-06	6.158447265625E-06	2.26470947265625E-06	4.67348354504793E-06	308253	1.28303299788968E-05
280	141.27712564331	1.204833984375		3.84063720703125E-06	6.28662109375E-06	2.44598388671875E-06	4.62732987216441E-06	313706.8125	1.30236885524937E-05
281	141.327125643183	1.20986938476563		3.7872314453125E-06	6.4239501953125E-06	2.63671875E-06	4.58494469057769E-06	319661.5625	1.32143859445932E-05
282	141.377125643057	1.21490478515625		3.73626708984375E-06	6.5673828125E-06	2.83111572265625E-06	4.53920847576228E-06	325165.40625	1.34024730868987E-05
283	141.427125642931	1.21994018554688		3.68804931640625E-06	6.7138671875E-06	3.02581787109375E-06	4.49863682661089E-06	330740.59375	1.35880809466471E-05
284	141.477125642805	1.2249755859375		3.64532470703125E-06	6.8603515625E-06	3.21502685546875E-06	4.46320882474538E-06	335872.75	1.37714150696411E-05
285	141.527125642678	1.23001098632813		3.61083984375E-06	7.0037841796875E-06	3.3929443359375E-06	4.44192346549244E-06	340686.28125	1.39528192448779E-05
286	141.577125642552	1.23504638671875		3.58612060546875E-06	7.1380615234375E-06	3.55194091796875E-06	4.43121416537906E-06	344566.4375	1.41327436722349E-05
287	141.627125642426	1.24008178710938		3.57086181640625E-06	7.2601318359375E-06	3.68927001953125E-06	4.42870532424422E-06	347320.75	1.431166765542E-05
288	141.6771256423	1.2451171875		3.56689453125E-06	7.3699951171875E-06	3.8031005859375E-06	4.44228999185725E-06	349161.53125	1.44901123348973E-05
289	141.727125642173	1.25015258789063		3.57513427734375E-06	7.4615478515625E-06	3.88641357421875E-06	4.47000866188318E-06	349722.59375	1.46686625157599E-05
290	141.777125642047	1.25518798828125		3.5955810546875E-06	7.53173828125E-06	3.9361572265625E-06	4.5120327740733E-06	349006.96875	1.48479302879423E-05
291	141.827125641921	1.26022338867188		3.6279296875E-06	7.5836181640625E-06	3.9556884765625E-06	4.57144824395073E-06	347325.03125	1.50285186464316E-05
292	141.877125641795	1.2652587890625		3.6724853515625E-06	7.6141357421875E-06	3.941650390625E-06	4.64776485387119E-06	344606.96875	1.52110287672258E-05
293	141.927125641668	1.27029418945313		3.7274169921875E-06	7.623291015625E-06	3.8958740234375E-06	4.73434738523792E-06	340756.5	1.53960263560293E-05
294	141.977125641542	1.27532958984375		3.7933349609375E-06	7.6141357421875E-06	3.82080078125E-06	4.83775193060865E-06	336202.75	1.55840443767374E-05
295	142.027125641416	1.28036499023438		3.8665771484375E-06	7.586669921875E-06	3.7200927734375E-06	4.95240010423004E-06	331254.9375	1.57755421241745E-05
296	142.07712564129	1.285400390625		3.9471435546875E-06	7.5408935546875E-06	3.59375E-06	5.07486402057111E-06	325730.65625	1.59708852152107E-05
297	142.127125641164	1.29043579101563		4.0338134765625E-06	7.48291015625E-06	3.4490966796875E-06	5.20599223818863E-06	319942.53125	1.61704101628857E-05
298	142.177125641037	1.29547119140625		4.12322998046875E-06	7.4127197265625E-06	3.28948974609375E-06	5.34152513864683E-06	314188.46875	1.63743352459278E-05
299	142.227125640911	1.30050659179688		4.215087890625E-06	7.3333740234375E-06	3.1182861328125E-06	5.48239268027828E-06	308572.28125	1.65827932505636E-05
300	142.277125640785	1.3055419921875		4.306640625E-06	7.2479248046875E-06	2.9412841796875E-06	5.6225003390864E-06	303146.25	1.67958369274857E-05
301	142.327125640659	1.31057739257813		4.39727783203125E-06	7.1563720703125E-06	2.75909423828125E-06	5.76632783122477E-06	298216.40625	1.70134353538742E-05
302	142.377125640532	1.31561279296875		4.48455810546875E-06	7.06787109375E-06	2.58331298828125E-06	5.90131003264105E-06	293433.15625	1.72354812093545E-05
303	142.427125640406	1.32064819335938		4.56787109375E-06	6.976318359375E-06	2.408447265625E-06	6.03185389991268E-06	289083.375	1.74617907759966E-05
304	142.47712564028	1.32568359375		4.64569091796875E-06	6.890869140625E-06	2.24517822265625E-06	6.16013358012424E-06	285423.375	1.7692131223157E-05
305	142.527125640154	1.33071899414063		4.718017578125E-06	6.8023681640625E-06	2.0843505859375E-06	6.27763529337244E-06	282018.125	1.79262224264676E-05
306	142.577125640027	1.33575439453125		4.78363037109375E-06	6.7230224609375E-06	1.93939208984375E-06	6.38829533272656E-06	279170.65625	1.81637642526766E-05
307	142.627125639901	1.34078979492188		4.8370361328125E-06	6.646728515625E-06	1.8096923828125E-06	6.4847108660615E-06	277160.875	1.84042819455499E-05
308	142.677125639775	1.3458251953125		4.888916015625E-06	6.5765380859375E-06	1.6876220703125E-06	6.57813416182762E-06	275218.46875	1.86474298971007E-05
309	142.727125639649	1.35086059570313		4.931640625E-06	6.512451171875E-06	1.580810546875E-06	6.65970128466142E-06	273824.28125	1.88929443538655E-05
310	142.777125639522	1.35589599609375		4.96826171875E-06	6.45751953125E-06	1.4892578125E-06	6.73493013891857E-06	272850.125	1.91404415090801E-05
311	142.827125639396	1.36093139648438		4.998779296875E-06	6.4056396484375E-06	1.4068603515625E-06	6.80375842421199E-06	272283.28125	1.93896175915143E-05
312	142.87712563927	1.365966796875		5.023193359375E-06	6.35986328125E-06	1.336669921875E-06	6.86151543050073E-06	271931.96875	1.96401670109481E-05
313	142.927125639144	1.37100219726563		5.04150390625E-06	6.3201904296875E-06	1.2786865234375E-06	6.91114337314502E-06	271912.84375	1.98917841771618E-05
314	142.977125639017	1.37603759765625		5.0537109375E-06	6.28662109375E-06	1.23291015625E-06	6.95718108545407E-06	272403.375	2.01441653189249E-05
315	143.027125638891	1.38107299804688		5.0628662109375E-06	6.2591552734375E-06	1.1962890625E-06	6.99296015227446E-06	272814.96875	2.03970794245834E-05
316	143.077125638765	1.3861083984375		5.0689697265625E-06	6.23779296875E-06	1.1688232421875E-06	7.02614124747925E-06	273449.75	2.06503755180165E-05
317	143.127125638639	1.39114379882813		5.072021484375E-06	6.2225341796875E-06	1.1505126953125E-06	7.05513730281382E-06	274247.90625	2.09038989851251E-05
318	143.177125638513	1.39617919921875		5.0750732421875E-06	6.2103271484375E-06	1.13525390625E-06	7.0841629167262E-06	275045.09375	2.1157577066333E-05
319	143.227125638386	1.40121459960938		5.0750732421875E-06	6.2042236328125E-06	1.129150390625E-06	7.11049233359518E-06	276067.34375	2.14113315450959E-05
320	143.27712563826	1.40625		5.072021484375E-06	6.201171875E-06	1.129150390625E-06	7.13098233973142E-06	277196.15625	2.16650078073144E-05
321	143.327125638134	1.41128540039063		5.0689697265625E-06	6.2042236328125E-06	1.13525390625E-06	7.15298938303022E-06	278386.53125	2.19185330934124E-05
322	143.377125638008	1.41632080078125		5.06591796875E-06	6.2103271484375E-06	1.1444091796875E-06	7.17496459401445E-06	279578.3125	2.21719055844005E-05
323	143.427125637881	1.42135620117188		5.0628662109375E-06	6.2225341796875E-06	1.15966796875E-06	7.19845365892979E-06	280831.84375	2.24251252802787E-05
324	143.477125637755	1.4263916015625		5.059814453125E-06	6.2408447265625E-06	1.1810302734375E-06	7.22036475053756E-06	282026.5625	2.26781921810471E-05
325	143.527125637629	1.43142700195313		5.059814453125E-06	6.26220703125E-06	1.202392578125E-06	7.241982530104E-06	282870.9375	2.29311826842604E-05
326	143.577125637503	1.43646240234375		5.0567626953125E-06	6.28662109375E-06	1.2298583984375E-06	7.26230564396246E-06	284007.25	2.31840967899188E-05
327	143.627125637376	1.44149780273438		5.0537109375E-06	6.317138671875E-06	1.263427734375E-06	7.28568420527154E-06	285265.6875	2.34368581004674E-05
328	143.67712563725	1.446533203125		5.0537109375E-06	6.353759765625E-06	1.300048828125E-06	7.30881856725318E-06	286171.5	2.36895448324503E-05
329	143.727125637124	1.45156860351563		5.0506591796875E-06	6.3934326171875E-06	1.3427734375E-06	7.33369051886257E-06	287492.4375	2.3942153347889E-05
330	143.777125636998	1.45660400390625		5.0506591796875E-06	6.4361572265625E-06	1.385498046875E-06	7.35681032892899E-06	288398.78125	2.41946854657726E-05
331	143.827125636871	1.46163940429688		5.0537109375E-06	6.48193359375E-06	1.42822265625E-06	7.38901644581347E-06	289311.59375	2.44472958002007E-05
332	143.877125636745	1.4666748046875		5.0537109375E-06	6.53076171875E-06	1.47705078125E-06	7.41369285606197E-06	290277.78125	2.46999807131942E-05
333	143.927125636619	1.47171020507813		5.0537109375E-06	6.585693359375E-06	1.531982421875E-06	7.43991131457733E-06	291304.34375	2.49526674451772E-05
334	143.977125636493	1.47674560546875		5.0567626953125E-06	6.6436767578125E-06	1.5869140625E-06	7.46600835555E-06	291973.46875	2.52054287557257E-05
335	144.027125636366	1.48178100585938		5.0567626953125E-06	6.7047119140625E-06	1.64794921875E-06	7.49532910049311E-06	293120.125	2.54582664638292E-05
336	144.07712563624	1.48681640625		5.059814453125E-06	6.768798828125E-06	1.708984375E-06	7.52147070670617E-06	293787.71875	2.57111805694876E-05
337	144.127125636114	1.49185180664063		5.0628662109375E-06	6.8389892578125E-06	1.776123046875E-06	7.55381825001677E-06	294695.625	2.59642474702559E-05
338	144.177125635988	1.49688720703125		5.0689697265625E-06	6.915283203125E-06	1.8463134765625E-06	7.58612895879196E-06	295243.84375	2.62175435636891E-05
