Potential - Start 1.505 V, Stop -0.205 V, Step -0.005 V; Modulation - Amplitude -0.05 V, Time 0.025 s, Interval time 0.05 s
Index	Base.Time (s)	Potential applied (V)	WE(1).Base.Potential (V)	WE(1).Base.Current (A)	WE(1).Pulse.Current (A)	WE(1).δ.Current (A)	WE(1).Base.Power (W)	WE(1).Base.Resistance (Ω)	WE(1).Base.Charge (C)
1	158.621529599519	1.50497436523438	1.5045166015625	3.143310546875E-06	2.56103515625E-06	-5.82275390625001E-07	4.72916281069047E-06	478640.78125	0
2	158.671529599393	1.49993896484375	1.500244140625	3.201904296875E-06	2.56866455078125E-06	-6.3323974609375E-07	4.8036381485872E-06	468547.46875	1.58630371061008E-07
3	158.721529599267	1.49490356445313	1.4947509765625	3.17596435546875E-06	2.55615234375E-06	-6.19812011718748E-07	4.74727585242363E-06	470644.75	3.18077098881986E-07
4	158.77152959914	1.4898681640625	1.4898681640625	3.14483642578125E-06	2.54058837890625E-06	-6.04248046875E-07	4.68539155917824E-06	473750.59375	4.76097113732976E-07
5	158.821529599014	1.48483276367188	1.4849853515625	3.11279296875E-06	2.52410888671875E-06	-5.88684082031249E-07	4.62245179733145E-06	477058.84375	6.32537819456047E-07
6	158.871529598888	1.47979736328125	1.47979736328125	3.0828857421875E-06	2.50762939453125E-06	-5.7525634765625E-07	4.56204634247115E-06	480003.96875	7.87429826232255E-07
7	158.921529598762	1.47476196289063	1.474609375	3.05419921875E-06	2.49114990234375E-06	-5.6304931640625E-07	4.50375091531896E-06	482813.75	9.40856921261002E-07
8	158.971529598635	1.4697265625	1.4697265625	3.02734375E-06	2.47589111328125E-06	-5.5145263671875E-07	4.4493672248791E-06	485483.90625	1.09289544525382E-06
9	159.021529598509	1.46469116210938	1.4642333984375	3.0023193359375E-06	2.46185302734375E-06	-5.40466308593751E-07	4.39609630120685E-06	487700.75	1.2436370298019E-06
10	159.071529598383	1.45965576171875	1.45965576171875	2.9791259765625E-06	2.447509765625E-06	-5.31616210937499E-07	4.34849835073692E-06	489961.09375	1.39317319280963E-06
11	159.121529598257	1.45462036132813	1.4544677734375	2.95745849609375E-06	2.43438720703125E-06	-5.23071289062502E-07	4.30152795161121E-06	491796.5	1.54158783516323E-06
12	159.171529598131	1.4495849609375	1.44989013671875	2.93731689453125E-06	2.42156982421875E-06	-5.157470703125E-07	4.25878670284874E-06	493610.40625	1.68895724073082E-06
13	159.221529598004	1.44454956054688	1.44439697265625	2.9180908203125E-06	2.40966796875E-06	-5.084228515625E-07	4.214881300868E-06	494980.125	1.83534234565741E-06
14	159.271529597878	1.43951416015625	1.439208984375	2.90008544921875E-06	2.3974609375E-06	-5.02624511718751E-07	4.17382898376673E-06	496264.375	1.98079669644358E-06
15	159.321529597752	1.43447875976563	1.434326171875	2.88299560546875E-06	2.3858642578125E-06	-4.97131347656249E-07	4.13515590480529E-06	497512.46875	2.12537383958988E-06
16	159.371529597626	1.429443359375	1.429443359375	2.86712646484375E-06	2.37518310546875E-06	-4.91943359374999E-07	4.09839458370698E-06	498563.09375	2.26912675316271E-06
17	159.421529597499	1.42440795898438	1.42425537109375	2.85247802734375E-06	2.36541748046875E-06	-4.87060546875E-07	4.06265735364286E-06	499304.59375	2.4121170554281E-06
18	159.471529597373	1.41937255859375	1.419677734375	2.8387451171875E-06	2.3553466796875E-06	-4.83398437499999E-07	4.03010335503495E-06	500107.5	2.55439749707875E-06
19	159.521529597247	1.41433715820313	1.41448974609375	2.825927734375E-06	2.34588623046875E-06	-4.80041503906251E-07	3.99724558519665E-06	500539.96875	2.69601446234446E-06
20	159.571529597121	1.4093017578125	1.40960693359375	2.81341552734375E-06	2.33642578125E-06	-4.76989746093749E-07	3.96580981032457E-06	501030.5	2.83699796455039E-06
21	159.621529596994	1.40426635742188	1.40411376953125	2.801513671875E-06	2.327880859375E-06	-4.73632812499999E-07	3.93364371120697E-06	501198.28125	2.97737119581143E-06
22	159.671529596868	1.39923095703125	1.39923095703125	2.79083251953125E-06	2.31964111328125E-06	-4.7119140625E-07	3.90501918445807E-06	501366.875	3.11717985823634E-06
23	159.721529596742	1.39419555664063	1.39434814453125	2.78076171875E-06	2.310791015625E-06	-4.69970703125E-07	3.87734962714603E-06	501426.71875	3.25646965393389E-06
24	159.771529596616	1.38916015625	1.38916015625	2.77069091796875E-06	2.3028564453125E-06	-4.67834472656249E-07	3.84893337468384E-06	501376.8125	3.39525604431401E-06
25	159.821529596489	1.38412475585938	1.38427734375	2.76123046875E-06	2.29522705078125E-06	-4.66003417968751E-07	3.82230882678414E-06	501326.25	3.53355403603928E-06
26	159.871529596363	1.37908935546875	1.37847900390625	2.752685546875E-06	2.28729248046875E-06	-4.6539306640625E-07	3.79451921617147E-06	500776.0625	3.67140182788717E-06
27	159.921529596237	1.37405395507813	1.37420654296875	2.744140625E-06	2.27996826171875E-06	-4.6417236328125E-07	3.77101605408825E-06	500778.46875	3.80882261197257E-06
28	159.971529596111	1.3690185546875	1.36932373046875	2.73651123046875E-06	2.27325439453125E-06	-4.63256835937499E-07	3.74716955775511E-06	500390.34375	3.94583867091569E-06
29	160.021529595984	1.36398315429688	1.363525390625	2.7288818359375E-06	2.26654052734375E-06	-4.6234130859375E-07	3.72089948541543E-06	499664.5	4.08247387895244E-06
30	160.071529595858	1.35894775390625	1.35894775390625	2.72186279296875E-06	2.25982666015625E-06	-4.62036132812499E-07	3.69886925000174E-06	499271.21875	4.21874210587703E-06
31	160.121529595732	1.35391235351563	1.35406494140625	2.71484375E-06	2.25311279296875E-06	-4.61730957031251E-07	3.67607481166488E-06	498763.5	4.35465972259408E-06
32	160.171529595606	1.348876953125	1.34918212890625	2.70843505859375E-06	2.24639892578125E-06	-4.620361328125E-07	3.6541721328831E-06	498140.875	4.49024173576618E-06
33	160.22152959548	1.34384155273438	1.343994140625	2.70172119140625E-06	2.2406005859375E-06	-4.61120605468751E-07	3.63109734280442E-06	497458.5	4.62549587609828E-06
34	160.271529595353	1.33880615234375	1.3385009765625	2.69561767578125E-06	2.2344970703125E-06	-4.61120605468751E-07	3.60808689947589E-06	496547.03125	4.76042941954802E-06
35	160.321529595227	1.33377075195313	1.33392333984375	2.68951416015625E-06	2.22869873046875E-06	-4.608154296875E-07	3.58760553353932E-06	495971.875	4.89505737277796E-06
36	160.371529595101	1.3287353515625	1.32843017578125	2.68463134765625E-06	2.222900390625E-06	-4.61730957031249E-07	3.56634518539067E-06	494827.8125	5.02941111335531E-06
37	160.421529594975	1.32369995117188	1.3232421875	2.679443359375E-06	2.21771240234375E-06	-4.61730957031251E-07	3.54555231751874E-06	493849.6875	5.16351292390027E-06
38	160.471529594848	1.31866455078125	1.31866455078125	2.6739501953125E-06	2.21221923828125E-06	-4.61730957031249E-07	3.52604320141836E-06	493152.25	5.29734779775026E-06
39	160.521529594722	1.31362915039063	1.3134765625	2.6690673828125E-06	2.20703125E-06	-4.62036132812502E-07	3.50575737684267E-06	492110.6875	5.43092346561025E-06
40	160.571529594596	1.30859375	1.30859375	2.6641845703125E-06	2.20184326171875E-06	-4.6234130859375E-07	3.48633511748631E-06	491179.875	5.56425447939546E-06
41	160.62152959447	1.30355834960938	1.30340576171875	2.65960693359375E-06	2.19696044921875E-06	-4.62646484375E-07	3.46654701388616E-06	490074.59375	5.69734947930556E-06
42	160.671529594343	1.29852294921875	1.29913330078125	2.65533447265625E-06	2.19207763671875E-06	-4.63256835937501E-07	3.44963336829096E-06	489254.125	5.83022301725578E-06
43	160.721529594217	1.29348754882813	1.29425048828125	2.65167236328125E-06	2.1868896484375E-06	-4.64782714843749E-07	3.43192823493155E-06	488088.40625	5.96289828536101E-06
44	160.771529594091	1.2884521484375	1.28814697265625	2.64678955078125E-06	2.1826171875E-06	-4.64172363281251E-07	3.40945371135604E-06	486682.84375	6.09535982221132E-06
45	160.821529593965	1.28341674804688	1.28326416015625	2.64251708984375E-06	2.1771240234375E-06	-4.65393066406249E-07	3.39104735758156E-06	485621.90625	6.22759216639679E-06
46	160.871529593838	1.27838134765625	1.27838134765625	2.6385498046875E-06	2.17315673828125E-06	-4.65393066406251E-07	3.37307255904307E-06	484501.53125	6.35961896477966E-06
47	160.921529593712	1.27334594726563	1.27349853515625	2.6348876953125E-06	2.1685791015625E-06	-4.66308593749999E-07	3.35552545038809E-06	483321.78125	6.49145476927515E-06
48	160.971529593586	1.268310546875	1.268310546875	2.6318359375E-06	2.1636962890625E-06	-4.68139648437499E-07	3.33798539031704E-06	481910.9375	6.62312322674552E-06
49	161.02152959346	1.26327514648438	1.26312255859375	2.62847900390625E-06	2.15972900390625E-06	-4.68750000000001E-07	3.32009108205966E-06	480552.65625	6.75463070365367E-06
50	161.071529593333	1.25823974609375	1.2579345703125	2.62451171875E-06	2.154541015625E-06	-4.69970703125E-07	3.30146394844633E-06	479302.34375	6.88595582687412E-06
51	161.121529593207	1.25320434570313	1.253662109375	2.6220703125E-06	2.1502685546875E-06	-4.718017578125E-07	3.28719011122303E-06	478119.1875	7.01711996953236E-06
52	161.171529593081	1.2481689453125	1.24786376953125	2.6190185546875E-06	2.1453857421875E-06	-4.73632812499999E-07	3.26817826135084E-06	476462.375	7.14814723323798E-06
53	161.221529592955	1.24313354492188	1.24237060546875	2.615966796875E-06	2.14019775390625E-06	-4.75769042968749E-07	3.24999996337283E-06	474918.375	7.27902215658105E-06
54	161.271529592829	1.23809814453125	1.23809814453125	2.61322021484375E-06	2.135009765625E-06	-4.78210449218751E-07	3.23542303704016E-06	473782.5625	7.40975156077184E-06
55	161.321529592702	1.23306274414063	1.2335205078125	2.611083984375E-06	2.1295166015625E-06	-4.815673828125E-07	3.22082564707671E-06	472417	7.54035909267259E-06
56	161.371529592576	1.22802734375	1.22772216796875	2.6092529296875E-06	2.12432861328125E-06	-4.8492431640625E-07	3.20343747262086E-06	470526.34375	7.67086748965085E-06
57	161.42152959245	1.22299194335938	1.22283935546875	2.6068115234375E-06	2.1185302734375E-06	-4.8828125E-07	3.18771162710618E-06	469093.90625	7.80126902100164E-06
58	161.471529592324	1.21795654296875	1.21795654296875	2.60528564453125E-06	2.11212158203125E-06	-4.931640625E-07	3.17312446895812E-06	467494.46875	7.93157141742995E-06
59	161.521529592197	1.21292114257813	1.21307373046875	2.6043701171875E-06	2.105712890625E-06	-4.98657226562499E-07	3.15929310090723E-06	465783.90625	8.06181287771324E-06
60	161.571529592071	1.2078857421875	1.20758056640625	2.6025390625E-06	2.09808349609375E-06	-5.04455566406251E-07	3.14277554025466E-06	464000.9375	8.19198612589389E-06
61	161.621529591945	1.20285034179688	1.20269775390625	2.60162353515625E-06	2.0892333984375E-06	-5.1239013671875E-07	3.12896668219764E-06	462287.40625	8.32209025247721E-06
62	161.671529591819	1.19781494140625	1.197509765625	2.6019287109375E-06	2.08038330078125E-06	-5.21545410156252E-07	3.11583494294609E-06	460239.28125	8.4521789176506E-06
63	161.721529591692	1.19277954101563	1.19232177734375	2.60101318359375E-06	2.0703125E-06	-5.30700683593751E-07	3.10124460156658E-06	458406.65625	8.58225212141406E-06
64	161.771529591566	1.187744140625	1.187744140625	2.601318359375E-06	2.0587158203125E-06	-5.42602539062499E-07	3.08970061269065E-06	456593.15625	8.71231077326229E-06
65	161.82152959144	1.18270874023438	1.18255615234375	2.6025390625E-06	2.0458984375E-06	-5.56640625E-07	3.07764867102378E-06	454385.5625	8.84240671439329E-06
66	161.871529591314	1.17767333984375	1.17767333984375	2.60406494140625E-06	2.0306396484375E-06	-5.7342529296875E-07	3.06673769046029E-06	452244.25	8.97257177712163E-06
67	161.921529591187	1.17263793945313	1.17218017578125	2.60589599609375E-06	2.01324462890625E-06	-5.92651367187499E-07	3.05457979266066E-06	449818.46875	9.10282142285723E-06
68	161.971529591061	1.1676025390625	1.168212890625	2.60833740234375E-06	1.99310302734375E-06	-6.15234375E-07	3.04709328702302E-06	447876.46875	9.23317656997824E-06
69	162.021529590935	1.16256713867188	1.1627197265625	2.613525390625E-06	1.9696044921875E-06	-6.43920898437499E-07	3.03879755847447E-06	444885.5625	9.36372362048132E-06
70	162.071529590809	1.15753173828125	1.15753173828125	2.618408203125E-06	1.94244384765625E-06	-6.7596435546875E-07	3.03089063891093E-06	442074.59375	9.4945216915221E-06
71	162.121529590682	1.15249633789063	1.15234375	2.625732421875E-06	1.9097900390625E-06	-7.15942382812498E-07	3.02574630950403E-06	438865.65625	9.62562535278266E-06
72	162.171529590556	1.1474609375	1.14776611328125	2.63427734375E-06	1.87286376953125E-06	-7.6141357421875E-07	3.02353419101564E-06	435704.375	9.7571255537332E-06
73	162.22152959043	1.14242553710938	1.14227294921875	2.645263671875E-06	1.82952880859375E-06	-8.15734863281251E-07	3.02161288345815E-06	431818.21875	9.8891141533386E-06
74	162.271529590304	1.13739013671875	1.13800048828125	2.65838623046875E-06	1.77734375E-06	-8.81042480468751E-07	3.025244723176E-06	428079.4375	1.00217057479313E-05
75	162.321529590178	1.13235473632813	1.13250732421875	2.67333984375E-06	1.71722412109375E-06	-9.5611572265625E-07	3.02757689496502E-06	423630.125	1.0154998562939E-05
76	162.371529590051	1.1273193359375	1.1273193359375	2.691650390625E-06	1.646728515625E-06	-1.044921875E-06	3.03434944726177E-06	418820.875	1.02891235655989E-05
77	162.421529589925	1.12228393554688	1.121826171875	2.71514892578125E-06	1.5643310546875E-06	-1.15081787109375E-06	3.04592504107859E-06	413173	1.04242935776711E-05
78	162.471529589799	1.11724853515625	1.11724853515625	2.74078369140625E-06	1.46942138671875E-06	-1.2713623046875E-06	3.06213655676402E-06	407638.34375	1.05606914075906E-05
79	162.521529589673	1.11221313476563	1.11297607421875	2.77191162109375E-06	1.35986328125E-06	-1.41204833984375E-06	3.08507128465862E-06	401519.34375	1.06985089587397E-05
80	162.571529589546	1.107177734375	1.1065673828125	2.8076171875E-06	1.23443603515625E-06	-1.57318115234375E-06	3.10681753035169E-06	394130.4375	1.08379972516559E-05
81	162.62152958942	1.10214233398438	1.102294921875	2.84881591796875E-06	1.09130859375E-06	-1.75750732421875E-06	3.14023532155261E-06	386930.90625	1.09794082163717E-05
82	162.671529589294	1.09710693359375	1.0968017578125	2.89581298828125E-06	9.3231201171875E-07	-1.9635009765625E-06	3.17613262268424E-06	378754.34375	1.11230237962445E-05
83	162.721529589168	1.09207153320313	1.0919189453125	2.94830322265625E-06	7.55615234375E-07	-2.19268798828125E-06	3.21930792779312E-06	370355.0625	1.12691268441267E-05
84	162.771529589041	1.0870361328125	1.08642578125	3.0059814453125E-06	5.6304931640625E-07	-2.44293212890625E-06	3.26577560372243E-06	361421.3125	1.14179838419659E-05
85	162.821529588915	1.08200073242188	1.08245849609375	3.06884765625E-06	3.55224609375E-07	-2.713623046875E-06	3.32190006702149E-06	352724.75	1.15698549052468E-05
86	162.871529588789	1.07696533203125	1.07696533203125	3.135986328125E-06	1.34887695312499E-07	-3.0010986328125E-06	3.37734832100978E-06	343421.59375	1.1724975593097E-05
87	162.921529588663	1.07192993164063	1.07177734375	3.20465087890625E-06	-9.39941406250006E-08	-3.29864501953125E-06	3.43467195307312E-06	334444.34375	1.1883491424669E-05
88	162.971529588536	1.06689453125	1.06689453125	3.2745361328125E-06	-3.27453613281251E-07	-3.60198974609375E-06	3.49358469975414E-06	325815.46875	1.20454706120654E-05
89	163.02152958841	1.06185913085938	1.06170654296875	3.34259033203125E-06	-5.60913085937501E-07	-3.90350341796875E-06	3.54884991793369E-06	317629.875	1.22108995128656E-05
90	163.071529588284	1.05682373046875	1.0565185546875	3.40484619140625E-06	-7.8704833984375E-07	-4.19189453125E-06	3.59728323928721E-06	310298.46875	1.23795853141928E-05
91	163.121529588158	1.05178833007813	1.05224609375	3.4576416015625E-06	-1.0003662109375E-06	-4.4580078125E-06	3.63828962690604E-06	304324.8125	1.2551146937767E-05
92	163.171529588031	1.0467529296875	1.0467529296875	3.49853515625E-06	-1.1962890625E-06	-4.69482421875E-06	3.66210178981419E-06	299197.5	1.2725051419693E-05
93	163.221529587905	1.04171752929688	1.0418701171875	3.5235595703125E-06	-1.3677978515625E-06	-4.891357421875E-06	3.67109123544651E-06	295686.84375	1.29006039060187E-05
94	163.271529587779	1.03668212890625	1.03668212890625	3.52813720703125E-06	-1.5093994140625E-06	-5.03753662109375E-06	3.65755659004208E-06	293832.71875	1.30768967210315E-05
95	163.321529587653	1.03164672851563	1.03179931640625	3.51165771484375E-06	-1.61895751953125E-06	-5.130615234375E-06	3.62332593795145E-06	293821.15625	1.32528912217822E-05
96	163.371529587527	1.026611328125	1.026611328125	3.47198486328125E-06	-1.69342041015625E-06	-5.1654052734375E-06	3.56437908521912E-06	295684.28125	1.3427482372208E-05
97	163.4215295874	1.02157592773438	1.0211181640625	3.4100341796875E-06	-1.73065185546875E-06	-5.14068603515625E-06	3.48204775946215E-06	299445.125	1.35995323944371E-05
98	163.471529587274	1.01654052734375	1.01654052734375	3.3270263671875E-06	-1.73187255859375E-06	-5.05889892578125E-06	3.38205700245453E-06	305540.28125	1.37679589897743E-05
99	163.521529587148	1.01150512695313	1.0113525390625	3.22357177734375E-06	-1.6998291015625E-06	-4.92340087890625E-06	3.26016743201762E-06	313736.65625	1.3931724424765E-05
100	163.571529587022	1.0064697265625	1.00616455078125	3.1060791015625E-06	-1.640625E-06	-4.7467041015625E-06	3.12522661261028E-06	323933.96875	1.4089965588937E-05
101	163.621529586895	1.00143432617188	1.00128173828125	2.97637939453125E-06	-1.5570068359375E-06	-4.53338623046875E-06	2.98019426736573E-06	336409.3125	1.42420267366106E-05
102	163.671529586769	0.99639892578125	0.99639892578125	2.83935546875E-06	-1.45782470703125E-06	-4.29718017578125E-06	2.82913060800638E-06	350924.34375	1.43874203786254E-05
103	163.721529586643	0.991363525390625	0.99151611328125	2.70050048828125E-06	-1.34796142578125E-06	-4.0484619140625E-06	2.67758969130227E-06	367160.15625	1.4525916412822E-05
104	163.771529586517	0.986328125	0.9869384765625	2.56378173828125E-06	-1.2371826171875E-06	-3.80096435546875E-06	2.53029475061339E-06	384954.1875	1.46575239341473E-05
105	163.82152958639	0.981292724609375	0.98175048828125	2.43408203125E-06	-1.12884521484375E-06	-3.56292724609375E-06	2.38966117649397E-06	403335	1.47824703162769E-05
106	163.871529586264	0.97625732421875	0.9759521484375	2.31292724609375E-06	-1.0302734375E-06	-3.34320068359375E-06	2.25730627789744E-06	421955.4375	1.49011457324377E-05
107	163.921529586138	0.971221923828125	0.9710693359375	2.20733642578125E-06	-9.490966796875E-07	-3.15643310546875E-06	2.14347664950765E-06	439928.125	1.50141522681224E-05
108	163.971529586012	0.9661865234375	0.9661865234375	2.11761474609375E-06	-8.88671874999999E-07	-3.00628662109375E-06	2.04601087716583E-06	456261.71875	1.51222757267533E-05
109	164.021529585885	0.961151123046875	0.9613037109375	2.0458984375E-06	-8.563232421875E-07	-2.9022216796875E-06	1.96672954189125E-06	469868.75	1.52263637573924E-05
110	164.071529585759	0.95611572265625	0.9564208984375	1.9927978515625E-06	-8.5296630859375E-07	-2.84576416015625E-06	1.90595335425314E-06	479938.78125	1.5327330402215E-05
111	164.121529585633	0.951080322265625	0.95123291015625	1.95892333984375E-06	-8.831787109375E-07	-2.84210205078125E-06	1.8633924128153E-06	485589.65625	1.54261233547004E-05
112	164.171529585507	0.946044921875	0.94635009765625	1.94580078125E-06	-9.48486328125001E-07	-2.894287109375E-06	1.84140867531823E-06	486355.09375	1.55237430590205E-05
113	164.22152958538	0.941009521484375	0.9405517578125	1.95159912109375E-06	-1.0491943359375E-06	-3.00079345703125E-06	1.83557983746141E-06	481939.0625	1.56211772264214E-05
114	164.271529585254	0.93597412109375	0.93597412109375	1.9744873046875E-06	-1.182861328125E-06	-3.1573486328125E-06	1.84806901870616E-06	474034	1.57193298946368E-05
115	164.321529585128	0.930938720703125	0.931396484375	2.01629638671875E-06	-1.353759765625E-06	-3.37005615234375E-06	1.87797127182421E-06	461934.3125	1.58190996444318E-05
116	164.371529585002	0.9259033203125	0.92620849609375	2.07275390625E-06	-1.55548095703125E-06	-3.62823486328125E-06	1.91980234376388E-06	446849.25	1.59213250299217E-05
117	164.421529584876	0.920867919921875	0.92071533203125	2.142333984375E-06	-1.78741455078125E-06	-3.92974853515625E-06	1.97247959476954E-06	429772.09375	1.60267027240479E-05
118	164.471529584749	0.91583251953125	0.9161376953125	2.22259521484375E-06	-2.04376220703125E-06	-4.266357421875E-06	2.03620334104926E-06	412192.78125	1.61358257173561E-05
119	164.521529584623	0.910797119140625	0.91064453125	2.3101806640625E-06	-2.3211669921875E-06	-4.63134765625E-06	2.10375333153934E-06	394187.59375	1.62491451192182E-05
120	164.571529584497	0.90576171875	0.90576171875	2.40234375E-06	-2.6141357421875E-06	-5.0164794921875E-06	2.17595083995548E-06	377032.53125	1.6366957424907E-05
121	164.621529584371	0.900726318359375	0.90087890625	2.4932861328125E-06	-2.91351318359375E-06	-5.40679931640625E-06	2.24614882426977E-06	361321.90625	1.64893481269246E-05
122	164.671529584244	0.89569091796875	0.89630126953125	2.57843017578125E-06	-3.212890625E-06	-5.79132080078125E-06	2.31105036618828E-06	347615.09375	1.66161426022882E-05
123	164.721529584118	0.890655517578125	0.89080810546875	2.6531982421875E-06	-3.50433349609375E-06	-6.15753173828125E-06	2.36349046645046E-06	335748.8125	1.67469333973713E-05
124	164.771529583992	0.8856201171875	0.8856201171875	2.71148681640625E-06	-3.78173828125E-06	-6.49322509765625E-06	2.40134727391705E-06	326617.90625	1.68810493050842E-05
125	164.821529583866	0.880584716796875	0.88043212890625	2.747802734375E-06	-4.03564453125E-06	-6.783447265625E-06	2.41925386035291E-06	320413.15625	1.7017531718011E-05
126	164.871529583739	0.87554931640625	0.87554931640625	2.75848388671875E-06	-4.2572021484375E-06	-7.01568603515625E-06	2.41518864640966E-06	317402.375	1.71551891980926E-05
127	164.921529583613	0.870513916015625	0.870361328125	2.7410888671875E-06	-4.443359375E-06	-7.1844482421875E-06	2.38573761635053E-06	317523.9375	1.72926775121596E-05
128	164.971529583487	0.865478515625	0.865478515625	2.6947021484375E-06	-4.5867919921875E-06	-7.281494140625E-06	2.33220680456725E-06	321177.8125	1.74285723915091E-05
129	165.021529583361	0.860443115234375	0.860595703125	2.615966796875E-06	-4.681396484375E-06	-7.29736328125E-06	2.25128974307154E-06	328978.09375	1.75613404280739E-05
130	165.071529583234	0.85540771484375	0.855712890625	2.508544921875E-06	-4.7271728515625E-06	-7.2357177734375E-06	2.14659416997165E-06	341119.21875	1.76894518517656E-05
131	165.121529583108	0.850372314453125	0.8502197265625	2.37548828125E-06	-4.72412109375E-06	-7.099609375E-06	2.01968691726506E-06	357913.65625	1.7811553334468E-05
132	165.171529582982	0.8453369140625	0.8453369140625	2.220458984375E-06	-4.6722412109375E-06	-6.8927001953125E-06	1.87703597021027E-06	380703.6875	1.79264516191324E-05
133	165.221529582856	0.840301513671875	0.8404541015625	2.04498291015625E-06	-4.57763671875E-06	-6.62261962890625E-06	1.7187143157571E-06	410983.4375	1.80330880539259E-05
134	165.271529582729	0.83526611328125	0.83526611328125	1.8548583984375E-06	-4.443359375E-06	-6.2982177734375E-06	1.54930035023426E-06	450312.59375	1.81305840669665E-05
135	165.321529582603	0.830230712890625	0.83038330078125	1.656494140625E-06	-4.2816162109375E-06	-5.9381103515625E-06	1.37552501655591E-06	501289.625	1.82183684955817E-05
136	165.371529582477	0.8251953125	0.8251953125	1.45294189453125E-06	-4.0985107421875E-06	-5.55145263671875E-06	1.19896083106141E-06	567947.9375	1.82961048267316E-05
137	165.421529582351	0.820159912109375	0.82061767578125	1.24847412109375E-06	-3.90045166015625E-06	-5.14892578125E-06	1.0245198609482E-06	657296.5625	1.83636402653065E-05
138	165.471529582225	0.81512451171875	0.8154296875	1.05072021484375E-06	-3.69842529296875E-06	-4.7491455078125E-06	8.56788460623648E-07	776067.375	1.84211185114691E-05
139	165.521529582098	0.810089111328125	0.81024169921875	8.63037109375001E-07	-3.49853515625E-06	-4.361572265625E-06	6.99268639436923E-07	938826.0625	1.84689633897506E-05
140	165.571529581972	0.8050537109375	0.8050537109375	6.89086914062501E-07	-3.306884765625E-06	-3.9959716796875E-06	5.54751977688284E-07	1168290.5	1.8507766071707E-05
141	165.621529581846	0.800018310546875	0.8001708984375	5.3070068359375E-07	-3.13201904296875E-06	-3.6627197265625E-06	4.24651233288387E-07	1507763.125	1.85382614290575E-05
142	165.67152958172	0.79498291015625	0.79498291015625	3.88488769531251E-07	-2.97088623046875E-06	-3.359375E-06	3.08841919149927E-07	2046347.25	1.85612407221925E-05
143	165.721529581593	0.789947509765625	0.79010009765625	2.6885986328125E-07	-2.82928466796875E-06	-3.09814453125E-06	2.12426186863013E-07	2938706.25	1.85776752914535E-05
144	165.771529581467	0.784912109375	0.7855224609375	1.70288085937501E-07	-2.70782470703125E-06	-2.87811279296875E-06	1.33765112764195E-07	4612903.5	1.85886528925039E-05
145	165.821529581341	0.779876708984375	0.780029296875	9.27734375000003E-08	-2.6104736328125E-06	-2.7032470703125E-06	7.23659994150694E-08	8407895	1.85952303581871E-05
146	165.871529581215	0.77484130859375	0.775146484375	3.44848632812506E-08	-2.53662109375E-06	-2.57110595703125E-06	2.67308202239747E-08	22477876	1.85984117706539E-05
147	165.921529581088	0.769805908203125	0.770263671875	-4.88281249999972E-09	-2.48748779296875E-06	-2.48260498046875E-06	-3.76105280253114E-09	-157750000	1.85991502803518E-05
148	165.971529580962	0.7647705078125	0.76507568359375	-2.74658203125E-08	-2.46124267578125E-06	-2.43377685546875E-06	-2.10134309952537E-08	-27855556	1.85983426490566E-05
149	166.021529580836	0.759735107421875	0.7598876953125	-3.509521484375E-08	-2.45819091796875E-06	-2.423095703125E-06	-2.6668422137277E-08	-21652174	1.85967783181695E-05
150	166.07152958071	0.75469970703125	0.75439453125	-2.99072265625006E-08	-2.47711181640625E-06	-2.44720458984375E-06	-2.25618492777357E-08	-25224490	1.85951539606322E-05
151	166.121529580583	0.749664306640625	0.74957275390625	-1.068115234375E-08	-2.5164794921875E-06	-2.50579833984375E-06	-8.0063005114539E-09	-70177144	1.8594138964545E-05
152	166.171529580457	0.74462890625	0.7445068359375	1.43432617187494E-08	-2.57354736328125E-06	-2.587890625E-06	1.06786561815397E-08	51906384	1.85942299140152E-05
153	166.221529580331	0.739593505859375	0.739501953125	4.730224609375E-08	-2.64495849609375E-06	-2.6922607421875E-06	3.49801005938843E-08	15633549	1.859577059804E-05
154	166.271529580205	0.73455810546875	0.734466552734375	8.697509765625E-08	-2.728271484375E-06	-2.81524658203125E-06	6.38802930552629E-08	8444562	1.85991284524789E-05
155	166.321529580079	0.729522705078125	0.729461669921875	1.28784179687499E-07	-2.8179931640625E-06	-2.94677734375E-06	9.39431217261699E-08	5664218	1.86045217560604E-05
156	166.371529579952	0.7244873046875	0.724395751953125	1.71813964843751E-07	-2.9095458984375E-06	-3.08135986328125E-06	1.24461308814716E-07	4216163.5	1.86120378202759E-05
157	166.421529579826	0.719451904296875	0.71929931640625	2.1240234375E-07	-2.999267578125E-06	-3.211669921875E-06	1.52780856410573E-07	3386494.25	1.86216420843266E-05
158	166.4715295797	0.71441650390625	0.71435546875	2.47802734374999E-07	-3.08074951171875E-06	-3.32855224609375E-06	1.77019231273334E-07	2882758.75	1.8633147192304E-05
159	166.521529579574	0.709381103515625	0.709320068359375	2.7587890625E-07	-3.1494140625E-06	-3.42529296875E-06	1.95686439496967E-07	2571128.25	1.86462402780307E-05
160	166.571529579447	0.704345703125	0.704315185546875	2.9327392578125E-07	-3.2012939453125E-06	-3.49456787109375E-06	2.06557274395891E-07	2401560.75	1.86604684131453E-05
161	166.621529579321	0.699310302734375	0.699249267578125	2.972412109375E-07	-3.23272705078125E-06	-3.52996826171875E-06	2.0784568732779E-07	2352464.25	1.86752313311445E-05
162	166.671529579195	0.69427490234375	0.6942138671875	2.87475585937499E-07	-3.2421875E-06	-3.5296630859375E-06	1.99569541337041E-07	2414862	1.86898487299914E-05
163	166.721529579069	0.689239501953125	0.68914794921875	2.6123046875E-07	-3.22906494140625E-06	-3.49029541015625E-06	1.80026447083037E-07	2638084	1.87035675480729E-05
164	166.771529578942	0.6842041015625	0.684173583984375	2.20336914062499E-07	-3.193359375E-06	-3.4136962890625E-06	1.50748689975444E-07	3105124.75	1.87156056199456E-05
165	166.821529578816	0.679168701171875	0.6790771484375	1.65405273437499E-07	-3.13629150390625E-06	-3.30169677734375E-06	1.1232293672947E-07	4105535.25	1.87252499017632E-05
166	166.87152957869	0.67413330078125	0.674041748046875	9.79614257812497E-08	-3.0615234375E-06	-3.15948486328125E-06	6.60300898402966E-08	6880685.5	1.8731834643404E-05
167	166.921529578564	0.669097900390625	0.6690673828125	2.16674804687497E-08	-2.9718017578125E-06	-2.99346923828125E-06	1.44970044857473E-08	30878874	1.87348250619834E-05
168	166.971529578437	0.6640625	0.6639404296875	-6.16455078124994E-08	-2.87109375E-06	-2.8094482421875E-06	-4.09289455660655E-08	-10770297	1.87338246178115E-05
169	167.021529578311	0.659027099609375	0.658966064453125	-1.4801025390625E-07	-2.7630615234375E-06	-2.61505126953125E-06	-9.75337286490685E-08	-4452165	1.87285841093399E-05
170	167.071529578185	0.65399169921875	0.6539306640625	-2.3345947265625E-07	-2.64984130859375E-06	-2.4163818359375E-06	-1.52666302710713E-07	-2801046	1.87190471478971E-05
171	167.121529578059	0.648956298828125	0.64886474609375	-3.16467285156249E-07	-2.5372314453125E-06	-2.22076416015625E-06	-2.05344449000222E-07	-2050337.625	1.87052992259851E-05
172	167.171529577932	0.6439208984375	0.64385986328125	-3.9398193359375E-07	-2.42523193359375E-06	-2.03125E-06	-2.53669156791148E-07	-1634237	1.86875367944594E-05
173	167.221529577806	0.638885498046875	0.638824462890625	-4.6356201171875E-07	-2.31719970703125E-06	-1.8536376953125E-06	-2.9613474339385E-07	-1378077.75	1.86661000043387E-05
174	167.27152957768	0.63385009765625	0.633819580078125	-5.2520751953125E-07	-2.2137451171875E-06	-1.68853759765625E-06	-3.32886799014886E-07	-1206798.375	1.86413799383445E-05
175	167.321529577554	0.628814697265625	0.628814697265625	-5.77697753906251E-07	-2.11578369140625E-06	-1.5380859375E-06	-3.63264831548804E-07	-1088483.875	1.86138076969655E-05
176	167.371529577428	0.623779296875	0.623748779296875	-6.21643066406249E-07	-2.02484130859375E-06	-1.4031982421875E-06	-3.87749082619848E-07	-1003387.375	1.85838234756375E-05
177	167.421529577301	0.618743896484375	0.618682861328125	-6.5643310546875E-07	-1.94091796875E-06	-1.28448486328125E-06	-4.06123888296861E-07	-942491.875	1.85518711077748E-05
178	167.471529577175	0.61370849609375	0.613739013671875	-6.8267822265625E-07	-1.86370849609375E-06	-1.1810302734375E-06	-4.18986246586428E-07	-899016.5625	1.85183944267919E-05
179	167.521529577049	0.608673095703125	0.608642578125	-7.01904296875E-07	-1.79290771484375E-06	-1.09100341796875E-06	-4.2720884607661E-07	-867130.4375	1.84837790584425E-05
180	167.571529576923	0.6036376953125	0.603515625	-7.14721679687499E-07	-1.7279052734375E-06	-1.01318359375E-06	-4.31345682727624E-07	-844406.5625	1.84483633347554E-05
181	167.621529576796	0.598602294921875	0.598602294921875	-7.21435546875E-07	-1.6693115234375E-06	-9.478759765625E-07	-4.31852953397538E-07	-829737.75	1.84124601219082E-05
182	167.67152957667	0.59356689453125	0.593536376953125	-7.23876953125E-07	-1.61651611328125E-06	-8.9263916015625E-07	-4.29647315058901E-07	-819941	1.83763277163962E-05
183	167.721529576544	0.588531494140625	0.588409423828125	-7.22351074218749E-07	-1.5679931640625E-06	-8.45642089843751E-07	-4.25038166440572E-07	-814575.4375	1.83401716640219E-05
184	167.771529576418	0.58349609375	0.583526611328125	-7.18078613281251E-07	-1.5240478515625E-06	-8.0596923828125E-07	-4.19017965214152E-07	-812622.25	1.83041611307999E-05
185	167.821529576291	0.578460693359375	0.578369140625	-7.1075439453125E-07	-1.484375E-06	-7.7362060546875E-07	-4.11078389106478E-07	-813739.8125	1.82684398168931E-05
186	167.871529576165	0.57342529296875	0.57342529296875	-7.01293945312501E-07	-1.44866943359375E-06	-7.47375488281249E-07	-4.02139676225488E-07	-817667.5625	1.82331386895385E-05
187	167.921529576039	0.568389892578125	0.56842041015625	-6.9122314453125E-07	-1.41571044921875E-06	-7.244873046875E-07	-3.92905349144712E-07	-822339.9375	1.8198325051344E-05
188	167.971529575913	0.5633544921875	0.563385009765625	-6.793212890625E-07	-1.385498046875E-06	-7.061767578125E-07	-3.82719406388787E-07	-829335.1875	1.81640625669388E-05
189	168.021529575786	0.558319091796875	0.55828857421875	-6.67419433593749E-07	-1.35833740234375E-06	-6.9091796875E-07	-3.72612646515336E-07	-836488.3125	1.81303930730792E-05
190	168.07152957566	0.55328369140625	0.55328369140625	-6.536865234375E-07	-1.33331298828125E-06	-6.79626464843751E-07	-3.61674096893694E-07	-846405.25	1.8097365682479E-05
191	168.121529575534	0.548248291015625	0.54815673828125	-6.4117431640625E-07	-1.31011962890625E-06	-6.68945312500001E-07	-3.51464024106463E-07	-854926.1875	1.80649949470535E-05
192	168.171529575408	0.543212890625	0.543182373046875	-6.2744140625E-07	-1.2884521484375E-06	-6.610107421875E-07	-3.40815120125626E-07	-865710.125	1.80332790478133E-05
193	168.221529575281	0.538177490234375	0.53814697265625	-6.14318847656251E-07	-1.26922607421875E-06	-6.549072265625E-07	-3.3059382076317E-07	-876006	1.80022343556629E-05
194	168.271529575155	0.53314208984375	0.533111572265625	-6.0150146484375E-07	-1.251220703125E-06	-6.4971923828125E-07	-3.20667368214345E-07	-886301.4375	1.79718390427297E-05
195	168.321529575029	0.528106689453125	0.528106689453125	-5.8868408203125E-07	-1.23443603515625E-06	-6.45751953125E-07	-3.10887998011822E-07	-897096.9375	1.79420840140665E-05
196	168.371529574903	0.5230712890625	0.52301025390625	-5.755615234375E-07	-1.21856689453125E-06	-6.43005371093751E-07	-3.01024556392804E-07	-908695.6875	1.79129783646204E-05
197	168.421529574777	0.518035888671875	0.517974853515625	-5.6304931640625E-07	-1.20391845703125E-06	-6.40869140625E-07	-2.91645363859061E-07	-919945.8125	1.78845129994443E-05
198	168.47152957465	0.51300048828125	0.5130615234375	-5.51452636718749E-07	-1.18988037109375E-06	-6.38427734375001E-07	-2.82929107697782E-07	-930381.875	1.78566515387502E-05
199	168.521529574524	0.507965087890625	0.507965087890625	-5.3985595703125E-07	-1.1773681640625E-06	-6.3751220703125E-07	-2.74227971885921E-07	-940927.125	1.78293685166864E-05
200	168.571529574398	0.5029296875	0.502899169921875	-5.28564453124999E-07	-1.16485595703125E-06	-6.3629150390625E-07	-2.65814605882042E-07	-951443.4375	1.78026584762847E-05
201	168.621529574272	0.497894287109375	0.497833251953125	-5.17578125E-07	-1.1529541015625E-06	-6.35375976562501E-07	-2.57667579717236E-07	-961851.5	1.77765032276511E-05
202	168.671529574145	0.49285888671875	0.4927978515625	-5.07202148437499E-07	-1.14227294921875E-06	-6.35070800781251E-07	-2.49948101327391E-07	-971600.5625	1.77508845808916E-05
203	168.721529574019	0.487823486328125	0.487823486328125	-4.9713134765625E-07	-1.13189697265625E-06	-6.34765625E-07	-2.4251235686279E-07	-981276.875	1.77257770701544E-05
204	168.771529573893	0.4827880859375	0.4827880859375	-4.8736572265625E-07	-1.1224365234375E-06	-6.35070800781251E-07	-2.35294351114135E-07	-990607.4375	1.77011643245351E-05
205	168.821529573767	0.477752685546875	0.477752685546875	-4.78210449218749E-07	-1.11358642578125E-06	-6.35375976562501E-07	-2.28466319640575E-07	-999042.75	1.76770245161606E-05
206	168.87152957364	0.47271728515625	0.472747802734375	-4.6875E-07	-1.1053466796875E-06	-6.365966796875E-07	-2.21600529926036E-07	-1008528.6875	1.76533503690735E-05
207	168.921529573514	0.467681884765625	0.467681884765625	-4.59899902343749E-07	-1.09710693359375E-06	-6.37207031250001E-07	-2.15086842558776E-07	-1016921.0625	1.7630134607316E-05
208	168.971529573388	0.462646484375	0.462677001953125	-4.5196533203125E-07	-1.090087890625E-06	-6.3812255859375E-07	-2.09113963478558E-07	-1023700.25	1.76073372131214E-05
209	169.021529573262	0.457611083984375	0.45758056640625	-4.43420410156251E-07	-1.082763671875E-06	-6.3934326171875E-07	-2.0290055147143E-07	-1031934	1.75849527295213E-05
210	169.071529573135	0.45257568359375	0.45269775390625	-4.3609619140625E-07	-1.07574462890625E-06	-6.396484375E-07	-1.97419751657435E-07	-1038068.625	1.75629647856113E-05
211	169.121529573009	0.447540283203125	0.447540283203125	-4.28161621093751E-07	-1.0693359375E-06	-6.4117431640625E-07	-1.91619562883716E-07	-1045260.1875	1.75413588294759E-05
212	169.171529572883	0.4425048828125	0.442474365234375	-4.21142578125E-07	-1.06353759765625E-06	-6.4239501953125E-07	-1.86344792041382E-07	-1050652.125	1.75201257661683E-05
213	169.221529572757	0.437469482421875	0.437530517578125	-4.14123535156249E-07	-1.058349609375E-06	-6.44226074218751E-07	-1.81191680326265E-07	-1056521.75	1.74992437678156E-05
214	169.27152957263	0.43243408203125	0.432373046875	-4.0771484375E-07	-1.05255126953125E-06	-6.44836425781251E-07	-1.76284899566781E-07	-1060479.125	1.74786982825026E-05
215	169.321529572504	0.427398681640625	0.42742919921875	-4.0130615234375E-07	-1.04766845703125E-06	-6.46362304687501E-07	-1.71529961789929E-07	-1065095	1.74584729393246E-05
216	169.371529572378	0.42236328125	0.42236328125	-3.95812988281249E-07	-1.04248046875E-06	-6.4666748046875E-07	-1.67176864351859E-07	-1067077.875	1.74385440914193E-05
217	169.421529572252	0.417327880859375	0.417327880859375	-3.90014648437501E-07	-1.03729248046875E-06	-6.4727783203125E-07	-1.62763981848002E-07	-1070031.375	1.7418899005861E-05
218	169.471529572126	0.41229248046875	0.412322998046875	-3.83911132812501E-07	-1.03363037109375E-06	-6.49719238281249E-07	-1.58295392793661E-07	-1074006.375	1.73995504155755E-05
219	169.521529571999	0.407257080078125	0.407196044921875	-3.79028320312499E-07	-1.02874755859375E-06	-6.4971923828125E-07	-1.5433882083471E-07	-1074315.625	1.73804783116793E-05
220	169.571529571873	0.4022216796875	0.402252197265625	-3.7353515625E-07	-1.02447509765625E-06	-6.50939941406249E-07	-1.50255331732296E-07	-1076879.125	1.7361662685289E-05
221	169.621529571747	0.397186279296875	0.397216796875	-3.68652343750001E-07	-1.02081298828125E-06	-6.52160644531249E-07	-1.46434899761516E-07	-1077483.5	1.73431089933729E-05
222	169.671529571621	0.39215087890625	0.3922119140625	-3.6468505859375E-07	-1.01715087890625E-06	-6.52465820312501E-07	-1.43033815902527E-07	-1075481.25	1.73247753991745E-05
223	169.721529571494	0.387115478515625	0.387115478515625	-3.60717773437499E-07	-1.01318359375E-06	-6.52465820312501E-07	-1.39639425356108E-07	-1073181.125	1.73066400748212E-05
224	169.771529571368	0.382080078125	0.382080078125	-3.56140136718749E-07	-1.009521484375E-06	-6.53381347656251E-07	-1.36074049805757E-07	-1072836.375	1.72887193912175E-05
225	169.821529571242	0.377044677734375	0.3770751953125	-3.51867675781251E-07	-1.0064697265625E-06	-6.5460205078125E-07	-1.3268056875404E-07	-1071639.25	1.72710188053316E-05
226	169.871529571116	0.37200927734375	0.372039794921875	-3.47900390625E-07	-1.00341796875E-06	-6.55517578125001E-07	-1.29432777384864E-07	-1069386	1.72535237652482E-05
227	169.921529570989	0.366973876953125	0.366973876953125	-3.44238281250001E-07	-1.00006103515625E-06	-6.55822753906249E-07	-1.26326455074377E-07	-1066046.125	1.72362215380417E-05
228	169.971529570863	0.3619384765625	0.3619384765625	-3.40881347656249E-07	-9.979248046875E-07	-6.57043457031251E-07	-1.23378072203195E-07	-1061772.625	1.72190921148285E-05
229	170.021529570737	0.356903076171875	0.356903076171875	-3.36303710937499E-07	-9.94873046875E-07	-6.58569335937501E-07	-1.20027834782377E-07	-1061252.25	1.72021627804497E-05
230	170.071529570611	0.35186767578125	0.35186767578125	-3.33251953124999E-07	-9.9212646484375E-07	-6.5887451171875E-07	-1.17260583465395E-07	-1055860.875	1.71854244399583E-05
231	170.121529570484	0.346832275390625	0.34686279296875	-3.2928466796875E-07	-9.89685058593751E-07	-6.60400390625E-07	-1.14216597069117E-07	-1053382.75	1.71688607224496E-05
232	170.171529570358	0.341796875	0.34185791015625	-3.25927734375001E-07	-9.87854003906249E-07	-6.61926269531249E-07	-1.11420966675269E-07	-1048876.5	1.71524807228707E-05
233	170.221529570232	0.336761474609375	0.336761474609375	-3.22570800781249E-07	-9.857177734375E-07	-6.63146972656251E-07	-1.08629414796724E-07	-1043992.4375	1.71362680703169E-05
234	170.271529570106	0.33172607421875	0.331756591796875	-3.192138671875E-07	-9.83581542968751E-07	-6.64367675781251E-07	-1.05901300173628E-07	-1039292.5625	1.71202227647882E-05
235	170.321529569979	0.326690673828125	0.326690673828125	-3.1585693359375E-07	-9.8297119140625E-07	-6.671142578125E-07	-1.03187517197512E-07	-1034299.5	1.7104346625274E-05
236	170.371529569853	0.3216552734375	0.321685791015625	-3.125E-07	-9.814453125E-07	-6.689453125E-07	-1.0052680465833E-07	-1029394.5625	1.7088637832785E-05
237	170.421529569727	0.316619873046875	0.316650390625	-3.094482421875E-07	-9.80224609374999E-07	-6.70776367187499E-07	-9.79869057005089E-08	-1023274.1875	1.70730891113635E-05
238	170.471529569601	0.31158447265625	0.311553955078125	-3.070068359375E-07	-9.7930908203125E-07	-6.7230224609375E-07	-9.56491845727214E-08	-1014811.1875	1.70576786331367E-05
239	170.521529569475	0.306549072265625	0.306549072265625	-3.033447265625E-07	-9.78698730468749E-07	-6.75354003906249E-07	-9.29900352275581E-08	-1010563.4375	1.70424191310303E-05
240	170.571529569348	0.301513671875	0.301513671875	-3.009033203125E-07	-9.78698730468749E-07	-6.7779541015625E-07	-9.07264592342472E-08	-1002028.4375	1.70273124240339E-05
241	170.621529569222	0.296478271484375	0.296539306640625	-2.978515625E-07	-9.7808837890625E-07	-6.8023681640625E-07	-8.83246968896856E-08	-995594.3125	1.70123439602321E-05
242	170.671529569096	0.29144287109375	0.291473388671875	-2.947998046875E-07	-9.783935546875E-07	-6.8359375E-07	-8.59262954122642E-08	-988716.375	1.69975282915402E-05
243	170.72152956897	0.286407470703125	0.286407470703125	-2.91748046875E-07	-9.783935546875E-07	-6.866455078125E-07	-8.35588238601304E-08	-981694.5625	1.69828635989688E-05
244	170.771529568843	0.2813720703125	0.281341552734375	-2.886962890625E-07	-9.7930908203125E-07	-6.90612792968751E-07	-8.12222538115748E-08	-974524.375	1.69683535204967E-05
245	170.821529568717	0.276336669921875	0.27630615234375	-2.8564453125E-07	-9.7991943359375E-07	-6.9427490234375E-07	-7.8925339153102E-08	-967307.75	1.69539944181452E-05
246	170.871529568591	0.27130126953125	0.271270751953125	-2.82897949218749E-07	-9.8114013671875E-07	-6.98242187500001E-07	-7.67419336966668E-08	-958899.75	1.69397808349459E-05
247	170.921529568465	0.266265869140625	0.2662353515625	-2.80151367187501E-07	-9.832763671875E-07	-7.03124999999999E-07	-7.45861967743622E-08	-950326.8125	1.69257036759518E-05
248	170.971529568338	0.26123046875	0.261199951171875	-2.76794433593749E-07	-9.8541259765625E-07	-7.08618164062501E-07	-7.22986897017108E-08	-943660.4375	1.69117811310571E-05
249	171.021529568212	0.256195068359375	0.2562255859375	-2.74047851562501E-07	-9.87548828125E-07	-7.13500976562499E-07	-7.02180642520034E-08	-934966.625	1.68980095622828E-05
250	171.071529568086	0.25115966796875	0.251129150390625	-2.70996093750001E-07	-9.906005859375E-07	-7.19604492187499E-07	-6.80550158449478E-08	-926689.25	1.68843835126609E-05
251	171.12152956796	0.246124267578125	0.24615478515625	-2.67639160156249E-07	-9.93957519531249E-07	-7.26318359375E-07	-6.58806627029662E-08	-919726.3125	1.68709175341064E-05
252	171.171529567833	0.2410888671875	0.241119384765625	-2.64587402343749E-07	-9.9853515625E-07	-7.3394775390625E-07	-6.37971453443242E-08	-911303.375	1.68576116266195E-05
253	171.221529567707	0.236053466796875	0.236053466796875	-2.6092529296875E-07	-1.00311279296875E-06	-7.42187499999999E-07	-6.15923170244059E-08	-904678.4375	1.68444748851471E-05
254	171.271529567581	0.23101806640625	0.2310791015625	-2.5787353515625E-07	-1.00860595703125E-06	-7.50732421875E-07	-5.95891833654605E-08	-896094.6875	1.68315036717104E-05
255	171.321529567455	0.225982666015625	0.225982666015625	-2.54211425781251E-07	-1.01531982421875E-06	-7.61108398437499E-07	-5.74473730807767E-08	-888955.625	1.68187016242882E-05
256	171.371529567328	0.220947265625	0.22100830078125	-2.50854492187499E-07	-1.02294921875E-06	-7.720947265625E-07	-5.5440924739969E-08	-881021.875	1.68060760188382E-05
257	171.421529567202	0.215911865234375	0.215911865234375	-2.4688720703125E-07	-1.03179931640625E-06	-7.84912109375E-07	-5.3305875269416E-08	-874536.5	1.67936323123286E-05
258	171.471529567076	0.21087646484375	0.2109375	-2.43225097656249E-07	-1.04156494140625E-06	-7.98339843750001E-07	-5.13052924588919E-08	-867252.25	1.67813795997063E-05
259	171.52152956695	0.205841064453125	0.205902099609375	-2.3956298828125E-07	-1.05316162109375E-06	-8.135986328125E-07	-4.9326519757642E-08	-859490.5	1.67693087860243E-05
260	171.571529566824	0.2008056640625	0.20086669921875	-2.3468017578125E-07	-1.06689453125E-06	-8.32214355468749E-07	-4.7139430137122E-08	-855916.8125	1.67574544320814E-05
261	171.621529566697	0.195770263671875	0.195770263671875	-2.3040771484375E-07	-1.08184814453125E-06	-8.514404296875E-07	-4.51069759321854E-08	-849668.875	1.67458256328246E-05
262	171.671529566571	0.19073486328125	0.190765380859375	-2.2552490234375E-07	-1.099853515625E-06	-8.7432861328125E-07	-4.30223430214483E-08	-845872.8125	1.67344278452219E-05
263	171.721529566445	0.185699462890625	0.18572998046875	-2.197265625E-07	-1.12091064453125E-06	-9.01184082031251E-07	-4.08098088655606E-08	-845277.8125	1.67232974490616E-05
264	171.771529566319	0.1806640625	0.18072509765625	-2.13623046875E-07	-1.14532470703125E-06	-9.31701660156251E-07	-3.86070446722897E-08	-846000	1.67124635481741E-05
265	171.821529566192	0.175628662109375	0.175689697265625	-2.06298828125E-07	-1.17431640625E-06	-9.68017578125001E-07	-3.62445788937293E-08	-851627.25	1.67019643413369E-05
266	171.871529566066	0.17059326171875	0.170623779296875	-1.983642578125E-07	-1.20819091796875E-06	-1.00982666015625E-06	-3.38456587201108E-08	-860153.875	1.66918489412637E-05
267	171.92152956594	0.165557861328125	0.16558837890625	-1.88293457031249E-07	-1.24786376953125E-06	-1.0595703125E-06	-3.11792085483376E-08	-879416.5625	1.66821828315733E-05
268	171.971529565814	0.1605224609375	0.16058349609375	-1.77001953125E-07	-1.2945556640625E-06	-1.1175537109375E-06	-2.84235923686538E-08	-907241.375	1.66730496857781E-05
269	172.021529565687	0.155487060546875	0.155487060546875	-1.63879394531249E-07	-1.3482666015625E-06	-1.18438720703125E-06	-2.54811247657472E-08	-948789.5625	1.66645277204225E-05
270	172.071529565561	0.15045166015625	0.1505126953125	-1.47705078125E-07	-1.41265869140625E-06	-1.26495361328125E-06	-2.22314895381714E-08	-1019008.25	1.66567369888071E-05
271	172.121529565435	0.145416259765625	0.145477294921875	-1.2939453125E-07	-1.4874267578125E-06	-1.3580322265625E-06	-1.88239646092825E-08	-1124292.5	1.66498102771584E-05
272	172.171529565309	0.140380859375	0.140411376953125	-1.0711669921875E-07	-1.57379150390625E-06	-1.4666748046875E-06	-1.50404027010609E-08	-1310826.25	1.66438967426075E-05
273	172.221529565182	0.135345458984375	0.1353759765625	-8.087158203125E-08	-1.67510986328125E-06	-1.59423828125E-06	-1.09480691179442E-08	-1673962.375	1.66391982929781E-05
274	172.271529565056	0.13031005859375	0.130340576171875	-5.06591796874997E-08	-1.79229736328125E-06	-1.74163818359375E-06	-6.60294663390459E-09	-2572891.75	1.66359095601365E-05
275	172.32152956493	0.125274658203125	0.125335693359375	-1.43432617187494E-08	-1.92779541015625E-06	-1.9134521484375E-06	-1.79772263741995E-09	-8738298	1.66342852025991E-05
276	172.371529564804	0.1202392578125	0.1202392578125	2.68554687500006E-08	-2.081298828125E-06	-2.108154296875E-06	3.22908166872082E-09	4477272.5	1.66345980687765E-05
277	172.421529564677	0.115203857421875	0.115203857421875	7.476806640625E-08	-2.2552490234375E-06	-2.33001708984375E-06	8.61356941328495E-09	1540816.25	1.66371373779839E-05
278	172.471529564551	0.11016845703125	0.110198974609375	1.28784179687499E-07	-2.452392578125E-06	-2.5811767578125E-06	1.41918841123356E-08	855687.1875	1.6642226910335E-05
279	172.521529564425	0.105133056640625	0.105194091796875	1.89819335937499E-07	-2.67059326171875E-06	-2.86041259765625E-06	1.99678726886532E-08	554180.0625	1.66501922649331E-05
280	172.571529564299	0.10009765625	0.10009765625	2.57263183593751E-07	-2.9107666015625E-06	-3.16802978515625E-06	2.5751440091426E-08	389086.625	1.66613681358285E-05
281	172.621529564173	0.095062255859375	0.095184326171875	3.31726074218749E-07	-3.1683349609375E-06	-3.50006103515625E-06	3.15751194079894E-08	286936.53125	1.66760928550502E-05
282	172.671529564046	0.09002685546875	0.09002685546875	4.1351318359375E-07	-3.4478759765625E-06	-3.86138916015625E-06	3.72272914717087E-08	217712.1875	1.66947247635107E-05
283	172.72152956392	0.084991455078125	0.0850830078125	4.96826171875001E-07	-3.74298095703125E-06	-4.23980712890625E-06	4.2271462774579E-08	171253.078125	1.67174839589279E-05
284	172.771529563794	0.0799560546875	0.08001708984375	5.8135986328125E-07	-4.0478515625E-06	-4.62921142578125E-06	4.65187248721577E-08	137637.796875	1.67444377439097E-05
285	172.821529563668	0.074920654296875	0.074981689453125	6.640625E-07	-4.35791015625E-06	-5.02197265625E-06	4.97925292108903E-08	112913.6015625	1.67755733855302E-05
286	172.871529563541	0.06988525390625	0.0699462890625	7.4310302734375E-07	-4.669189453125E-06	-5.41229248046875E-06	5.19772953566644E-08	94127.3125	1.68107526405947E-05
287	172.921529563415	0.064849853515625	0.064971923828125	8.12683105468751E-07	-4.9713134765625E-06	-5.78399658203125E-06	5.2801581773565E-08	79947.4296875	1.68496462720213E-05
288	172.971529563289	0.059814453125	0.059814453125	8.6883544921875E-07	-5.2581787109375E-06	-6.12701416015625E-06	5.19689145050961E-08	68844.3984375	1.68916849361267E-05
289	173.021529563163	0.054779052734375	0.054779052734375	9.06982421874999E-07	-5.523681640625E-06	-6.4306640625E-06	4.96836349839214E-08	60397.0390625	1.6936081010499E-05
290	173.071529563036	0.04974365234375	0.049822998046875	9.1827392578125E-07	-5.7586669921875E-06	-6.67694091796875E-06	4.57511575291392E-08	54257.23046875	1.69817121786764E-05
291	173.12152956291	0.044708251953125	0.0447662353515625	9.13391113281251E-07	-5.9539794921875E-06	-6.86737060546875E-06	4.08890805658757E-08	49011.02734375	1.70275034179213E-05
292	173.171529562784	0.0396728515625	0.039727783203125	8.770751953125E-07	-6.103515625E-06	-6.9805908203125E-06	3.4844255480948E-08	45295.7578125	1.70722651091637E-05
293	173.221529562658	0.034637451171875	0.0346893310546875	8.12683105468751E-07	-6.2103271484375E-06	-7.02301025390625E-06	2.81914314115284E-08	42684.94140625	1.71145093190717E-05
294	173.271529562531	0.02960205078125	0.0296722412109375	7.21130371093751E-07	-6.2652587890625E-06	-6.98638916015625E-06	2.13975521745624E-08	41146.84765625	1.71528536156984E-05
295	173.321529562405	0.024566650390625	0.0246063232421875	6.05163574218751E-07	-6.268310546875E-06	-6.87347412109375E-06	1.48908503305734E-08	40660.6171875	1.71860119735356E-05
296	173.371529562279	0.01953125	0.0196258544921875	4.656982421875E-07	-6.2225341796875E-06	-6.688232421875E-06	9.13972542093688E-09	42142.85546875	1.7212783859577E-05
297	173.421529562153	0.014495849609375	0.014532470703125	3.07617187500001E-07	-6.1279296875E-06	-6.435546875E-06	4.47043779772116E-09	47242.06640625	1.72321160789579E-05
298	173.471529562026	0.00946044921875	0.0095489501953125	1.35498046875E-07	-5.9967041015625E-06	-6.1322021484375E-06	1.29386401592768E-09	70472.9765625	1.72431937244255E-05
299	173.5215295619	0.004425048828125	0.00449218749999999	-4.54711914062503E-08	-5.8319091796875E-06	-5.78643798828125E-06	-2.04265104830625E-10	-98791.9453125	1.72454456333071E-05
300	173.571529561774	-0.0006103515625	-0.000543212890625006	-2.33154296875E-07	-5.645751953125E-06	-5.41259765625E-06	1.26652410781247E-10	2329.8427734375	1.72384789038915E-05
301	173.621529561648	-0.005645751953125	-0.00557861328125001	-4.2266845703125E-07	-5.4443359375E-06	-5.02166748046875E-06	2.35790387215218E-09	13198.556640625	1.72220843523974E-05
302	173.671529561522	-0.01068115234375	-0.0105560302734375	-6.0302734375E-07	-5.2337646484375E-06	-4.6307373046875E-06	6.3655747339908E-09	17505.060546875	1.71964420587756E-05
303	173.721529561395	-0.015716552734375	-0.015643310546875	-7.75146484375E-07	-5.0201416015625E-06	-4.2449951171875E-06	1.21258567631344E-08	20181.1015625	1.71619867614936E-05
304	173.771529561269	-0.020751953125	-0.0206390380859375	-9.3505859375E-07	-4.8126220703125E-06	-3.8775634765625E-06	1.92987084091101E-08	22072.455078125	1.71192314155633E-05
305	173.821529561143	-0.025787353515625	-0.0256988525390625	-1.0797119140625E-06	-4.6142578125E-06	-3.5345458984375E-06	2.77473546361762E-08	23801.583984375	1.70688617799897E-05
306	173.871529561017	-0.03082275390625	-0.030694580078125	-1.2066650390625E-06	-4.425048828125E-06	-3.2183837890625E-06	3.70380774938894E-08	25437.53125	1.70117036759621E-05
307	173.92152956089	-0.035858154296875	-0.035748291015625	-1.31622314453125E-06	-4.25140380859375E-06	-2.9351806640625E-06	4.70527297125045E-08	27159.75	1.69486302183941E-05
308	173.971529560764	-0.0408935546875	-0.0407379150390625	-1.409912109375E-06	-4.091796875E-06	-2.681884765625E-06	5.74368819172832E-08	28893.939453125	1.68804781424114E-05
309	174.021529560638	-0.045928955078125	-0.045806884765625	-1.4849853515625E-06	-3.9459228515625E-06	-2.4609375E-06	6.80225511473509E-08	30846.69140625	1.68081041920232E-05
310	174.071529560512	-0.05096435546875	-0.050872802734375	-1.54266357421875E-06	-3.81439208984375E-06	-2.271728515625E-06	7.84796156949596E-08	32977.25	1.67324142239522E-05
311	174.121529560385	-0.055999755859375	-0.05596923828125	-1.590576171875E-06	-3.69720458984375E-06	-2.10662841796875E-06	8.90233380346217E-08	35188.02734375	1.66540830832673E-05
312	174.171529560259	-0.06103515625	-0.060943603515625	-1.6241455078125E-06	-3.59130859375E-06	-1.9671630859375E-06	9.89812818374958E-08	37523.48828125	1.65737146744505E-05
313	174.221529560133	-0.066070556640625	-0.0660400390625	-1.64703369140625E-06	-3.49761962890625E-06	-1.8505859375E-06	1.0877016620725E-07	40096.3515625	1.64919347298564E-05
314	174.271529560007	-0.07110595703125	-0.071014404296875	-1.6607666015625E-06	-3.414306640625E-06	-1.7535400390625E-06	1.17938348864755E-07	42760.015625	1.64092398335924E-05
315	174.32152955988	-0.076141357421875	-0.07611083984375	-1.66839599609375E-06	-3.34014892578125E-06	-1.6717529296875E-06	1.26983010773074E-07	45619.171875	1.63260119734332E-05
316	174.371529559754	-0.0811767578125	-0.081146240234375	-1.668701171875E-06	-3.27362060546875E-06	-1.60491943359375E-06	1.35408825485683E-07	48628.38671875	1.62425840244396E-05
317	174.421529559628	-0.086212158203125	-0.08612060546875	-1.66534423828125E-06	-3.21533203125E-06	-1.54998779296875E-06	1.43420450626763E-07	51713.3984375	1.61592324730009E-05
318	174.471529559502	-0.09124755859375	-0.0911865234375	-1.65740966796875E-06	-3.16375732421875E-06	-1.50634765625E-06	1.51133420445149E-07	55017.49609375	1.60761646839092E-05
319	174.521529559375	-0.096282958984375	-0.09619140625	-1.64703369140625E-06	-3.11798095703125E-06	-1.470947265625E-06	1.58430481178584E-07	58402.8203125	1.59935534611577E-05
320	174.571529559249	-0.101318359375	-0.101287841796875	-1.63421630859375E-06	-3.07708740234375E-06	-1.44287109375E-06	1.65526230944124E-07	61979.4609375	1.59115206770366E-05
321	174.621529559123	-0.106353759765625	-0.106201171875	-1.6204833984375E-06	-3.0413818359375E-06	-1.4208984375E-06	1.72097230688451E-07	65536.7265625	1.58301536430372E-05
322	174.671529558997	-0.11138916015625	-0.111328125	-1.6046142578125E-06	-3.00994873046875E-06	-1.40533447265625E-06	1.78638686065824E-07	69379.9921875	1.5749526937725E-05
323	174.721529558871	-0.116424560546875	-0.116363525390625	-1.58935546875E-06	-2.98095703125E-06	-1.3916015625E-06	1.84943004910565E-07	73214.2890625	1.56696769408882E-05
324	174.771529558744	-0.1214599609375	-0.121368408203125	-1.573486328125E-06	-2.95623779296875E-06	-1.38275146484375E-06	1.90971533697848E-07	77133.4375	1.5590605471516E-05
325	174.821529558618	-0.126495361328125	-0.12640380859375	-1.5570068359375E-06	-2.93487548828125E-06	-1.37786865234375E-06	1.96811598129898E-07	81183.8515625	1.55123434524285E-05
326	174.871529558492	-0.13153076171875	-0.131439208984375	-1.5411376953125E-06	-2.91595458984375E-06	-1.37481689453125E-06	2.02565914264596E-07	85287.1328125	1.54348908836255E-05
327	174.921529558366	-0.136566162109375	-0.13641357421875	-1.5252685546875E-06	-2.89947509765625E-06	-1.37420654296875E-06	2.08067334028783E-07	89435.7734375	1.5358229575213E-05
328	174.971529558239	-0.1416015625	-0.141448974609375	-1.5093994140625E-06	-2.8857421875E-06	-1.3763427734375E-06	2.13502985957348E-07	93712.09375	1.528236316517E-05
329	175.021529558113	-0.146636962890625	-0.146514892578125	-1.4947509765625E-06	-2.87445068359375E-06	-1.37969970703125E-06	2.19003268853157E-07	98019.6015625	1.52072598211817E-05
330	175.071529557987	-0.15167236328125	-0.151519775390625	-1.480712890625E-06	-2.864990234375E-06	-1.38427734375E-06	2.24357279421383E-07	102328.9375	1.51328731590183E-05
331	175.121529557861	-0.156707763671875	-0.1566162109375	-1.46759033203125E-06	-2.85736083984375E-06	-1.3897705078125E-06	2.29848438948466E-07	106716.5703125	1.50591658893973E-05
332	175.171529557734	-0.1617431640625	-0.16162109375	-1.45477294921875E-06	-2.8521728515625E-06	-1.39739990234375E-06	2.35121987657294E-07	111097.125	1.49861061800038E-05
333	175.221529557608	-0.166778564453125	-0.1666259765625	-1.4434814453125E-06	-2.84912109375E-06	-1.4056396484375E-06	2.40521501382318E-07	115433.40625	1.49136503750924E-05
334	175.271529557482	-0.17181396484375	-0.171630859375	-1.4324951171875E-06	-2.8466796875E-06	-1.4141845703125E-06	2.45860348968563E-07	119812.53125	1.48417511809384E-05
335	175.321529557356	-0.176849365234375	-0.17669677734375	-1.422119140625E-06	-2.8466796875E-06	-1.424560546875E-06	2.51283864827201E-07	124248.9296875	1.47703849506797E-05
336	175.371529557229	-0.181884765625	-0.181732177734375	-1.41357421875E-06	-2.8485107421875E-06	-1.4349365234375E-06	2.5689192284517E-07	128562.1796875	1.46994934766553E-05
337	175.421529557103	-0.186920166015625	-0.186767578125	-1.4056396484375E-06	-2.85125732421875E-06	-1.44561767578125E-06	2.6252791940351E-07	132870.171875	1.46290130942361E-05
338	175.471529556977	-0.19195556640625	-0.191802978515625	-1.39892578125E-06	-2.85675048828125E-06	-1.45782470703125E-06	2.68318132157219E-07	137107.328125	1.45588983286871E-05
339	175.521529556851	-0.196990966796875	-0.196868896484375	-1.3934326171875E-06	-2.862548828125E-06	-1.4691162109375E-06	2.74323554094735E-07	141283.390625	1.44890900628525E-05
340	175.571529556724	-0.2020263671875	-0.201873779296875	-1.3885498046875E-06	-2.87109375E-06	-1.4825439453125E-06	2.80311780898046E-07	145384.625	1.44195400935132E-05
