Potential - Start 1.505 V, Stop -0.205 V, Step -0.005 V; Modulation - Amplitude -0.05 V, Time 0.025 s, Interval time 0.05 s
Index	Base.Time (s)	Potential applied (V)	WE(1).Base.Potential (V)	WE(1).Base.Current (A)	WE(1).Pulse.Current (A)	WE(1).δ.Current (A)	WE(1).Base.Power (W)	WE(1).Base.Resistance (Ω)	WE(1).Base.Charge (C)
1	162.955600588577	1.50497436523438	1.505126953125	3.68316650390625E-06	3.0792236328125E-06	-6.03942871093749E-07	5.54363305127481E-06	408650.28125	0
2	163.00560058845	1.49993896484375	1.49932861328125	3.760986328125E-06	3.09539794921875E-06	-6.65588378906249E-07	5.63895400773617E-06	398653.0625	1.86103818577976E-07
3	163.055600588324	1.49490356445313	1.49444580078125	3.740234375E-06	3.0853271484375E-06	-6.54907226562501E-07	5.58957708562957E-06	399559.40625	3.7363432170423E-07
4	163.105600588198	1.4898681640625	1.4898681640625	3.712158203125E-06	3.07159423828125E-06	-6.40563964843749E-07	5.53062636754476E-06	401348.25	5.59944112410449E-07
5	163.155600588072	1.48483276367188	1.48468017578125	3.68377685546875E-06	3.056640625E-06	-6.2713623046875E-07	5.46923047295422E-06	403032.0625	7.44842509448063E-07
6	163.205600587945	1.47979736328125	1.4794921875	3.656005859375E-06	3.04168701171875E-06	-6.14318847656251E-07	5.40903192813857E-06	404674.46875	9.28337044570071E-07
7	163.255600587819	1.47476196289063	1.474609375	3.63067626953125E-06	3.0267333984375E-06	-6.03942871093749E-07	5.35382923771976E-06	406152.8125	1.11050417217484E-06
8	163.305600587693	1.4697265625	1.47003173828125	3.6065673828125E-06	3.0126953125E-06	-5.93872070312501E-07	5.30176839674823E-06	407598.59375	1.29143518279307E-06
9	163.355600587567	1.46469116210938	1.46484375	3.58428955078125E-06	2.999267578125E-06	-5.85021972656249E-07	5.25042423760169E-06	408684.5625	1.47120658766653E-06
10	163.405600587441	1.45965576171875	1.45904541015625	3.5638427734375E-06	2.9864501953125E-06	-5.77392578124999E-07	5.19980812896392E-06	409402.3125	1.6499099046996E-06
11	163.455600587314	1.45462036132813	1.455078125	3.5443115234375E-06	2.972412109375E-06	-5.71899414062499E-07	5.15725014338386E-06	410539	1.82761380074226E-06
12	163.505600587188	1.4495849609375	1.4495849609375	3.52630615234375E-06	2.96051025390625E-06	-5.65795898437499E-07	5.11168036609888E-06	411077.46875	2.00437921193952E-06
13	163.555600587062	1.44454956054688	1.4447021484375	3.50982666015625E-06	2.9486083984375E-06	-5.61218261718752E-07	5.07065396959661E-06	411616.375	2.18028253584635E-06
14	163.605600586936	1.43951416015625	1.43951416015625	3.49456787109375E-06	2.93670654296875E-06	-5.57861328125001E-07	5.03047976962989E-06	411929.09375	2.35539232562587E-06
15	163.655600586809	1.43447875976563	1.434326171875	3.47930908203125E-06	2.92572021484375E-06	-5.53588867187502E-07	4.99046382174129E-06	412244.53125	2.52973927672429E-06
16	163.705600586683	1.429443359375	1.429443359375	3.4661865234375E-06	2.91473388671875E-06	-5.5145263671875E-07	4.9547170419828E-06	412396.5625	2.70337682195532E-06
17	163.755600586557	1.42440795898438	1.42425537109375	3.4539794921875E-06	2.904052734375E-06	-5.49926757812499E-07	4.91934861202026E-06	412352.03125	2.87638090412656E-06
18	163.805600586431	1.41937255859375	1.4190673828125	3.4417724609375E-06	2.8936767578125E-06	-5.48095703125001E-07	4.88410705656861E-06	412307.15625	3.04877471535292E-06
19	163.855600586304	1.41433715820313	1.4141845703125	3.4307861328125E-06	2.88360595703125E-06	-5.47180175781251E-07	4.85176497022621E-06	412204.21875	3.2205887237069E-06
20	163.905600586178	1.4093017578125	1.40960693359375	3.42041015625E-06	2.87384033203125E-06	-5.46569824218751E-07	4.82143377666944E-06	412116.34375	3.39186863129726E-06
21	163.955600586052	1.40426635742188	1.40411376953125	3.41094970703125E-06	2.86376953125E-06	-5.4718017578125E-07	4.78936135550612E-06	411648.9375	3.56265263690148E-06
22	164.005600585926	1.39923095703125	1.39923095703125	3.40179443359375E-06	2.85400390625E-06	-5.4779052734375E-07	4.75989600090543E-06	411321.4375	3.73297120859206E-06
23	164.055600585799	1.39419555664063	1.39434814453125	3.3929443359375E-06	2.84393310546875E-06	-5.49011230468752E-07	4.73094542030594E-06	410955.21875	3.90283958040527E-06
24	164.105600585673	1.38916015625	1.38916015625	3.38470458984375E-06	2.83477783203125E-06	-5.49926757812502E-07	4.70189661427867E-06	410422.875	4.07228071708232E-06
25	164.155600585547	1.38412475585938	1.38458251953125	3.3770751953125E-06	2.82501220703125E-06	-5.52062988281252E-07	4.67583913632552E-06	409994.59375	4.2413253140694E-06
26	164.205600585421	1.37908935546875	1.3787841796875	3.369140625E-06	2.81585693359375E-06	-5.53283691406251E-07	4.64531785837607E-06	409239.125	4.40998064732412E-06
27	164.255600585294	1.37405395507813	1.3739013671875	3.3624267578125E-06	2.80670166015625E-06	-5.55725097656251E-07	4.61964282294502E-06	408604.125	4.57826990896137E-06
28	164.305600585168	1.3690185546875	1.3690185546875	3.355712890625E-06	2.79754638671875E-06	-5.58166503906252E-07	4.5940332711325E-06	407966.53125	4.74622356705368E-06
29	164.355600585042	1.36398315429688	1.36383056640625	3.349609375E-06	2.78900146484375E-06	-5.60607910156252E-07	4.56829957329319E-06	407161.09375	4.9138566282636E-06
30	164.405600584916	1.35894775390625	1.358642578125	3.343505859375E-06	2.779541015625E-06	-5.63964843750001E-07	4.542629540083E-06	406352.6875	5.08118409925373E-06
31	164.45560058479	1.35391235351563	1.3543701171875	3.33740234375E-06	2.7703857421875E-06	-5.670166015625E-07	4.52007770945784E-06	405815.6875	5.24820688951877E-06
32	164.505600584663	1.348876953125	1.348876953125	3.33221435546875E-06	2.76123046875E-06	-5.70983886718748E-07	4.49474691777141E-06	404799	5.41494728167891E-06
33	164.555600584537	1.34384155273438	1.34368896484375	3.32672119140625E-06	2.75177001953125E-06	-5.74951171875002E-07	4.47007823822787E-06	403907.90625	5.58142073714407E-06
34	164.605600584411	1.33880615234375	1.33819580078125	3.321533203125E-06	2.74322509765625E-06	-5.7830810546875E-07	4.44486158812651E-06	402884.96875	5.74762725591427E-06
35	164.655600584285	1.33377075195313	1.3336181640625	3.31695556640625E-06	2.73468017578125E-06	-5.82275390624998E-07	4.42355212726397E-06	402060.9375	5.91358912060969E-06
36	164.705600584158	1.3287353515625	1.32843017578125	3.31207275390625E-06	2.72552490234375E-06	-5.865478515625E-07	4.39985751654604E-06	401087.25	6.07931497142999E-06
37	164.755600584032	1.32369995117188	1.3238525390625	3.3074951171875E-06	2.7166748046875E-06	-5.90820312500001E-07	4.37863582192222E-06	400258.375	6.24480435362784E-06
38	164.805600583906	1.31866455078125	1.31805419921875	3.30322265625E-06	2.70782470703125E-06	-5.95397949218749E-07	4.35382662544725E-06	399020.6875	6.41007227386581E-06
39	164.85560058378	1.31362915039063	1.31378173828125	3.29864501953125E-06	2.698974609375E-06	-5.9967041015625E-07	4.33369950769702E-06	398279.21875	6.57511873214389E-06
40	164.905600583653	1.30859375	1.30859375	3.29437255859375E-06	2.69012451171875E-06	-6.04248046875E-07	4.31099533670931E-06	397220.96875	6.73994418320945E-06
41	164.955600583527	1.30355834960938	1.30401611328125	3.29010009765625E-06	2.6812744140625E-06	-6.0882568359375E-07	4.29034344051615E-06	396345.4375	6.90455590302008E-06
42	165.005600583401	1.29852294921875	1.29852294921875	3.2861328125E-06	2.67242431640625E-06	-6.13708496093751E-07	4.26711903855903E-06	395152.3125	7.06896207702812E-06
43	165.055600583275	1.29348754882813	1.29364013671875	3.2818603515625E-06	2.66326904296875E-06	-6.18591308593749E-07	4.24554627898033E-06	394178.9375	7.23316179573885E-06
44	165.105600583148	1.2884521484375	1.287841796875	3.2781982421875E-06	2.65350341796875E-06	-6.2469482421875E-07	4.22180073655909E-06	392850.5	7.3971632446046E-06
45	165.155600583022	1.28341674804688	1.282958984375	3.2745361328125E-06	2.64404296875E-06	-6.30493164062501E-07	4.20109563492588E-06	391798.6875	7.56098143028794E-06
46	165.205600582896	1.27838134765625	1.27838134765625	3.271484375E-06	2.63397216796875E-06	-6.37512207031249E-07	4.18220452047535E-06	390764.9375	7.72463226894615E-06
47	165.25560058277	1.27334594726563	1.273193359375	3.2684326171875E-06	2.623291015625E-06	-6.45141601562499E-07	4.16134662373224E-06	389542.5	7.88813031249447E-06
48	165.305600582643	1.268310546875	1.268310546875	3.26568603515625E-06	2.61199951171875E-06	-6.53686523437502E-07	4.14190390074509E-06	388374.90625	8.0514828368905E-06
49	165.355600582517	1.26327514648438	1.26312255859375	3.262939453125E-06	2.59979248046875E-06	-6.6314697265625E-07	4.1214921111532E-06	387111.875	8.21469893708127E-06
50	165.405600582391	1.25823974609375	1.25823974609375	3.2611083984375E-06	2.58636474609375E-06	-6.74743652343751E-07	4.1032562876353E-06	385831.9375	8.37779953144491E-06
51	165.455600582265	1.25320434570313	1.25274658203125	3.25958251953125E-06	2.5726318359375E-06	-6.86950683593751E-07	4.08343066737871E-06	384327.3125	8.54081736179069E-06
52	165.505600582139	1.2481689453125	1.2481689453125	3.25897216796875E-06	2.557373046875E-06	-7.01599121093749E-07	4.06774779548869E-06	382994.65625	8.70378062245436E-06
53	165.555600582012	1.24313354492188	1.24298095703125	3.2586669921875E-06	2.540283203125E-06	-7.18383789062502E-07	4.05046102969209E-06	381438.46875	8.86672205524519E-06
54	165.605600581886	1.23809814453125	1.23809814453125	3.2586669921875E-06	2.52105712890625E-06	-7.37609863281249E-07	4.03454941988457E-06	379940.0625	9.02965530258371E-06
55	165.65560058176	1.23306274414063	1.23291015625	3.2598876953125E-06	2.49969482421875E-06	-7.6019287109375E-07	4.0191484913521E-06	378206.34375	9.19261947274208E-06
56	165.705600581634	1.22802734375	1.22802734375	3.2623291015625E-06	2.4755859375E-06	-7.86743164062501E-07	4.00622911911341E-06	376426.5625	9.35567459237063E-06
57	165.755600581507	1.22299194335938	1.22283935546875	3.265380859375E-06	2.44781494140625E-06	-8.17565917968751E-07	3.99303644371685E-06	374485.96875	9.51886704569915E-06
58	165.805600581381	1.21795654296875	1.2176513671875	3.2696533203125E-06	2.41607666015625E-06	-8.53576660156249E-07	3.98129759560106E-06	372409.9375	9.68224321695743E-06
59	165.855600581255	1.21292114257813	1.21246337890625	3.2757568359375E-06	2.3809814453125E-06	-8.94775390624999E-07	3.97173516830662E-06	370132.28125	9.84587859420571E-06
60	165.905600581129	1.2078857421875	1.2078857421875	3.28277587890625E-06	2.340087890625E-06	-9.42687988281249E-07	3.96521818402107E-06	367946.46875	1.00098413895466E-05
61	165.955600581002	1.20285034179688	1.2030029296875	3.29254150390625E-06	2.29217529296875E-06	-1.0003662109375E-06	3.96093673771247E-06	365372.15625	1.01742243714398E-05
62	166.005600580876	1.19781494140625	1.197509765625	3.30474853515625E-06	2.23663330078125E-06	-1.068115234375E-06	3.95746837966726E-06	362360.34375	1.03391566881328E-05
63	166.05560058075	1.19277954101563	1.192626953125	3.3197021484375E-06	2.17254638671875E-06	-1.14715576171875E-06	3.95916595152812E-06	359257.21875	1.0504768397368E-05
64	166.105600580624	1.187744140625	1.1883544921875	3.33770751953125E-06	2.09747314453125E-06	-1.240234375E-06	3.96637960875523E-06	356039.125	1.06712031993084E-05
65	166.155600580497	1.18270874023438	1.18255615234375	3.36029052734375E-06	2.00958251953125E-06	-1.3507080078125E-06	3.97373241867172E-06	351920.8125	1.08386529973359E-05
66	166.205600580371	1.17767333984375	1.177978515625	3.3868408203125E-06	1.90704345703125E-06	-1.47979736328125E-06	3.98962538383785E-06	347810.4375	1.10073315227055E-05
67	166.255600580245	1.17263793945313	1.17279052734375	3.419189453125E-06	1.78802490234375E-06	-1.63116455078125E-06	4.0099930629367E-06	343002.5	1.11774825199973E-05
68	166.305600580119	1.1676025390625	1.1676025390625	3.45703125E-06	1.649169921875E-06	-1.807861328125E-06	4.03643844038015E-06	337747.1875	1.13493879325688E-05
69	166.355600579992	1.16256713867188	1.1627197265625	3.50189208984375E-06	1.48773193359375E-06	-2.01416015625E-06	4.07171910410398E-06	332026.15625	1.15233606265974E-05
70	166.405600579866	1.15753173828125	1.1578369140625	3.55499267578125E-06	1.3006591796875E-06	-2.25433349609375E-06	4.11610153605579E-06	325693.1875	1.16997834993526E-05
71	166.45560057974	1.15249633789063	1.15234375	3.616943359375E-06	1.087646484375E-06	-2.529296875E-06	4.16796183344559E-06	318596.03125	1.18790812848601E-05
72	166.505600579614	1.1474609375	1.1474609375	3.68865966796875E-06	8.428955078125E-07	-2.84576416015625E-06	4.23259280069033E-06	311078.03125	1.20617214633967E-05
73	166.555600579488	1.14242553710938	1.14227294921875	3.77105712890625E-06	5.67016601562501E-07	-3.20404052734375E-06	4.30757654612535E-06	302905.25	1.22482142614899E-05
74	166.605600579361	1.13739013671875	1.1376953125	3.86474609375E-06	2.57568359375E-07	-3.607177734375E-06	4.39690302300733E-06	294377.78125	1.24391099234344E-05
75	166.655600579235	1.13235473632813	1.13311767578125	3.9691162109375E-06	-8.45336914062495E-08	-4.05364990234375E-06	4.49747585662408E-06	285483.625	1.26349559650407E-05
76	166.705600579109	1.1273193359375	1.12762451171875	4.085693359375E-06	-4.608154296875E-07	-4.5465087890625E-06	4.60712772110128E-06	275993.4375	1.28363262774656E-05
77	166.755600578983	1.12228393554688	1.12213134765625	4.212646484375E-06	-8.70361328124999E-07	-5.0830078125E-06	4.72714236821048E-06	266372.09375	1.30437847474241E-05
78	166.805600578856	1.11724853515625	1.11724853515625	4.3487548828125E-06	-1.30889892578125E-06	-5.65765380859375E-06	4.85863984067691E-06	256912.28125	1.32578197735711E-05
79	166.85560057873	1.11221313476563	1.11175537109375	4.4891357421875E-06	-1.7724609375E-06	-6.2615966796875E-06	4.99082079841173E-06	247654.65625	1.34787669594516E-05
80	166.905600578604	1.107177734375	1.10687255859375	4.6295166015625E-06	-2.25799560546875E-06	-6.88751220703125E-06	5.1242845984234E-06	239090.328125	1.37067336254404E-05
81	166.955600578478	1.10214233398438	1.10198974609375	4.7698974609375E-06	-2.76153564453125E-06	-7.53143310546875E-06	5.2563777899195E-06	231030.078125	1.39417188620428E-05
82	167.005600578351	1.09710693359375	1.0968017578125	4.8980712890625E-06	-3.272705078125E-06	-8.1707763671875E-06	5.3722128541267E-06	223925.25	1.41834179885336E-05
83	167.055600578225	1.09207153320313	1.09222412109375	5.010986328125E-06	-3.7860107421875E-06	-8.7969970703125E-06	5.47311992704635E-06	217965.90625	1.44311443364131E-05
84	167.105600578099	1.0870361328125	1.0870361328125	5.0994873046875E-06	-4.2938232421875E-06	-9.393310546875E-06	5.54332700630766E-06	213165.765625	1.46839065564563E-05
85	167.155600577973	1.08200073242188	1.08184814453125	5.157470703125E-06	-4.7882080078125E-06	-9.9456787109375E-06	5.57959992875112E-06	209763.3125	1.49403304021689E-05
86	167.205600577846	1.07696533203125	1.07696533203125	5.1788330078125E-06	-5.2642822265625E-06	-1.0443115234375E-05	5.57742350792978E-06	207955.21875	1.5198737855826E-05
87	167.25560057772	1.07192993164063	1.07177734375	5.16357421875E-06	-5.7098388671875E-06	-1.08734130859375E-05	5.53420204596478E-06	207565.015625	1.54572971950984E-05
88	167.305600577594	1.06689453125	1.06658935546875	5.108642578125E-06	-6.1187744140625E-06	-1.12274169921875E-05	5.44882368558319E-06	208781.359375	1.57141039380804E-05
89	167.355600577468	1.06185913085938	1.0614013671875	5.0140380859375E-06	-6.48193359375E-06	-1.14959716796875E-05	5.32190688318224E-06	211685.953125	1.59671708388487E-05
90	167.405600577341	1.05682373046875	1.05712890625	4.8828125E-06	-6.793212890625E-06	-1.1676025390625E-05	5.16176214659936E-06	216500	1.62145915965084E-05
91	167.455600577215	1.05178833007813	1.05194091796875	4.7119140625E-06	-7.04345703125E-06	-1.175537109375E-05	4.95665472044493E-06	223251.3125	1.64544599101646E-05
92	167.505600577089	1.0467529296875	1.046142578125	4.510498046875E-06	-7.2265625E-06	-1.1737060546875E-05	4.71862404083367E-06	231935.046875	1.66850204550428E-05
93	167.555600576963	1.04171752929688	1.0418701171875	4.28466796875E-06	-7.3394775390625E-06	-1.16241455078125E-05	4.46406738774385E-06	243162.40625	1.69048998941435E-05
94	167.605600576837	1.03668212890625	1.03668212890625	4.036865234375E-06	-7.373046875E-06	-1.1409912109375E-05	4.1849457375065E-06	256803.765625	1.7112937712227E-05
95	167.65560057671	1.03164672851563	1.03179931640625	3.7689208984375E-06	-7.330322265625E-06	-1.10992431640625E-05	3.88876969736884E-06	273765.1875	1.73080825334182E-05
96	167.705600576584	1.026611328125	1.0260009765625	3.4881591796875E-06	-7.208251953125E-06	-1.06964111328125E-05	3.57885460289253E-06	294138.25	1.74895085365279E-05
97	167.755600576458	1.02157592773438	1.021728515625	3.19915771484375E-06	-7.0159912109375E-06	-1.02151489257813E-05	3.26867052535817E-06	319374.25	1.76566918526078E-05
98	167.805600576332	1.01654052734375	1.01654052734375	2.9046630859375E-06	-6.7535400390625E-06	-9.658203125E-06	2.95270774586243E-06	349968.5	1.78092868736712E-05
99	167.855600576205	1.01150512695313	1.01165771484375	2.60650634765625E-06	-6.43310546875E-06	-9.03961181640625E-06	2.63689230450836E-06	388127.84375	1.79470662260428E-05
100	167.905600576079	1.0064697265625	1.00677490234375	2.314453125E-06	-6.072998046875E-06	-8.387451171875E-06	2.33013315664721E-06	434994.75	1.80700899363728E-05
101	167.955600575953	1.00143432617188	1.00128173828125	2.0294189453125E-06	-5.6793212890625E-06	-7.708740234375E-06	2.03202012016845E-06	493383.46875	1.81786872417433E-05
102	168.005600575827	0.99639892578125	0.9967041015625	1.75445556640625E-06	-5.2734375E-06	-7.02789306640625E-06	1.7486730712335E-06	568098.8125	1.82732837856747E-05
103	168.0556005757	0.991363525390625	0.9912109375	1.4935302734375E-06	-4.864501953125E-06	-6.3580322265625E-06	1.48040351177769E-06	663669.8125	1.8354483472649E-05
104	168.105600575574	0.986328125	0.98663330078125	1.251220703125E-06	-4.4647216796875E-06	-5.7159423828125E-06	1.23449592592806E-06	788536.625	1.84231030289084E-05
105	168.155600575448	0.981292724609375	0.9814453125	1.02996826171875E-06	-4.083251953125E-06	-5.11322021484375E-06	1.01085743153817E-06	952888.9375	1.84801319846883E-05
106	168.205600575322	0.97625732421875	0.97625732421875	8.3038330078125E-07	-3.72314453125E-06	-4.55352783203125E-06	8.10667756923067E-07	1175670.75	1.85266417247476E-05
107	168.255600575195	0.971221923828125	0.97137451171875	6.573486328125E-07	-3.3905029296875E-06	-4.0478515625E-06	6.38531673757825E-07	1477715.875	1.85638346010819E-05
108	168.305600575069	0.9661865234375	0.96649169921875	5.11474609375E-07	-3.087158203125E-06	-3.5986328125E-06	4.94335949952074E-07	1889618.25	1.85930548468605E-05
109	168.355600574943	0.961151123046875	0.9613037109375	3.9093017578125E-07	-2.81158447265625E-06	-3.2025146484375E-06	3.75802613916676E-07	2459016.5	1.86156157724326E-05
110	168.405600574817	0.95611572265625	0.95672607421875	2.947998046875E-07	-2.564697265625E-06	-2.8594970703125E-06	2.82042663002358E-07	3245341.5	1.86327579285717E-05
111	168.45560057469	0.951080322265625	0.950927734375	2.22167968750001E-07	-2.34375E-06	-2.56591796875E-06	2.11265685834405E-07	4280220	1.86456836672733E-05
112	168.505600574564	0.946044921875	0.946044921875	1.70288085937501E-07	-2.14813232421875E-06	-2.31842041015625E-06	1.61100174977946E-07	5555556	1.86554934771266E-05
113	168.555600574438	0.941009521484375	0.94085693359375	1.37939453124999E-07	-1.973876953125E-06	-2.11181640625E-06	1.29781284385899E-07	6820796.5	1.86632005352294E-05
114	168.605600574312	0.93597412109375	0.9356689453125	1.1932373046875E-07	-1.820068359375E-06	-1.93939208984375E-06	1.11647509015711E-07	7841432.5	1.86696306627709E-05
115	168.655600574186	0.930938720703125	0.9307861328125	1.16577148437499E-07	-1.6851806640625E-06	-1.8017578125E-06	1.08508395157969E-07	7984293	1.86755296454066E-05
116	168.705600574059	0.9259033203125	0.9259033203125	1.2542724609375E-07	-1.566162109375E-06	-1.69158935546875E-06	1.16133506367078E-07	7381995	1.86815796041628E-05
117	168.755600573933	0.920867919921875	0.9210205078125	1.4373779296875E-07	-1.46087646484375E-06	-1.6046142578125E-06	1.32385451934169E-07	6407643.5	1.86883080459666E-05
118	168.805600573807	0.91583251953125	0.91583251953125	1.6937255859375E-07	-1.3677978515625E-06	-1.53717041015625E-06	1.55116893552076E-07	5407207.5	1.869613515737E-05
119	168.855600573681	0.910797119140625	0.91094970703125	2.0111083984375E-07	-1.28570556640625E-06	-1.48681640625E-06	1.83201862569149E-07	4529590.5	1.87053974514129E-05
120	168.905600573554	0.90576171875	0.90576171875	2.3834228515625E-07	-1.21246337890625E-06	-1.4508056640625E-06	2.15881314602484E-07	3800256.25	1.87163841474103E-05
121	168.955600573428	0.900726318359375	0.90118408203125	2.789306640625E-07	-1.14837646484375E-06	-1.42730712890625E-06	2.51367879400277E-07	3230853.5	1.87293171620695E-05
122	169.005600573302	0.89569091796875	0.89569091796875	3.21044921874999E-07	-1.09039306640625E-06	-1.41143798828125E-06	2.87557014644335E-07	2789924	1.87443165486911E-05
123	169.055600573176	0.890655517578125	0.89111328125	3.64990234375E-07	-1.04034423828125E-06	-1.40533447265625E-06	3.25247640375892E-07	2441471.5	1.87614659807878E-05
124	169.105600573049	0.8856201171875	0.8856201171875	4.0924072265625E-07	-9.97314453125001E-07	-1.40655517578125E-06	3.62431791245399E-07	2164056.75	1.87808218470309E-05
125	169.155600572923	0.880584716796875	0.88043212890625	4.52880859375E-07	-9.60693359375001E-07	-1.41357421875E-06	3.98730833239824E-07	1944070.125	1.88023750524735E-05
126	169.205600572797	0.87554931640625	0.875244140625	4.962158203125E-07	-9.320068359375E-07	-1.42822265625E-06	4.34309981756087E-07	1763837.625	1.88261019502534E-05
127	169.255600572671	0.870513916015625	0.870361328125	5.38330078125E-07	-9.124755859375E-07	-1.4508056640625E-06	4.68541685449964E-07	1616780	1.88519661605824E-05
128	169.305600572544	0.865478515625	0.8660888671875	5.810546875E-07	-9.02099609375E-07	-1.483154296875E-06	5.03244962146709E-07	1490546.25	1.88799513125559E-05
129	169.355600572418	0.860443115234375	0.860595703125	6.23474121093751E-07	-9.04235839843751E-07	-1.5277099609375E-06	5.36559127795044E-07	1380323.125	1.89100646821316E-05
130	169.405600572292	0.85540771484375	0.85540771484375	6.671142578125E-07	-9.2010498046875E-07	-1.58721923828125E-06	5.7065466307904E-07	1282250.75	1.89423280971823E-05
131	169.455600572166	0.850372314453125	0.85052490234375	7.1319580078125E-07	-9.51538085937501E-07	-1.66473388671875E-06	6.06590788265748E-07	1192554.625	1.8976836145157E-05
132	169.505600572039	0.8453369140625	0.84564208984375	7.63549804687499E-07	-1.002197265625E-06	-1.7657470703125E-06	6.45689851808129E-07	1107514	1.90137561730808E-05
133	169.555600571913	0.840301513671875	0.84075927734375	8.1756591796875E-07	-1.07452392578125E-06	-1.89208984375E-06	6.8737608671654E-07	1028368.875	1.90532828128198E-05
134	169.605600571787	0.83526611328125	0.8355712890625	8.77990722656249E-07	-1.1700439453125E-06	-2.04803466796875E-06	7.33623835458275E-07	951685.8125	1.909567254188E-05
135	169.655600571661	0.830230712890625	0.83038330078125	9.4482421875E-07	-1.2933349609375E-06	-2.2381591796875E-06	7.84566225320305E-07	878876	1.91412418644177E-05
136	169.705600571535	0.8251953125	0.8251953125	1.02081298828125E-06	-1.446533203125E-06	-2.46734619140625E-06	8.42370070586185E-07	808370.6875	1.91903836821439E-05
137	169.755600571408	0.820159912109375	0.82061767578125	1.1053466796875E-06	-1.632080078125E-06	-2.7374267578125E-06	9.07066976196802E-07	742407.5	1.92435381904943E-05
138	169.805600571282	0.81512451171875	0.8154296875	1.1993408203125E-06	-1.854248046875E-06	-3.0535888671875E-06	9.77978061200702E-07	679898.25	1.93011546798516E-05
139	169.855600571156	0.810089111328125	0.810546875	1.30615234375E-06	-2.113037109375E-06	-3.419189453125E-06	1.05869764865929E-06	620560.75	1.93637915799627E-05
140	169.90560057103	0.8050537109375	0.80535888671875	1.4239501953125E-06	-2.41119384765625E-06	-3.83514404296875E-06	1.1467909644125E-06	565580.8125	1.94320437003626E-05
141	169.955600570903	0.800018310546875	0.8001708984375	1.552734375E-06	-2.75238037109375E-06	-4.30511474609375E-06	1.24245286770019E-06	515330.1875	1.95064621948404E-05
142	170.005600570777	0.79498291015625	0.79498291015625	1.689453125E-06	-3.13018798828125E-06	-4.81964111328125E-06	1.34308629640145E-06	470556.375	1.95875163626624E-05
143	170.055600570651	0.789947509765625	0.79010009765625	1.83990478515625E-06	-3.54522705078125E-06	-5.3851318359375E-06	1.45370893278596E-06	429424.46875	1.96757500816602E-05
144	170.105600570525	0.784912109375	0.7855224609375	1.99981689453125E-06	-3.99200439453125E-06	-5.9918212890625E-06	1.57090096308821E-06	392797.21875	1.97717436094536E-05
145	170.155600570398	0.779876708984375	0.780029296875	2.16400146484375E-06	-4.4647216796875E-06	-6.62872314453125E-06	1.68798453614727E-06	360456.90625	1.98758389160503E-05
146	170.205600570272	0.77484130859375	0.77545166015625	2.3291015625E-06	-4.96826171875E-06	-7.29736328125E-06	1.80610572897422E-06	332940.25	1.99881669686874E-05
147	170.255600570146	0.769805908203125	0.7696533203125	2.48779296875E-06	-5.4840087890625E-06	-7.9718017578125E-06	1.91473804989073E-06	309371.9375	2.01085895241704E-05
148	170.30560057002	0.7647705078125	0.7647705078125	2.6324462890625E-06	-6.011962890625E-06	-8.6444091796875E-06	2.013217226704E-06	290517.0625	2.02365954464767E-05
149	170.355600569893	0.759735107421875	0.7598876953125	2.75604248046875E-06	-6.5399169921875E-06	-9.29595947265625E-06	2.09428276320978E-06	275716.96875	2.03713061637245E-05
150	170.405600569767	0.75469970703125	0.75439453125	2.85125732421875E-06	-7.0648193359375E-06	-9.91607666015625E-06	2.15097293221334E-06	264583.125	2.05114902200876E-05
151	170.455600569641	0.749664306640625	0.749420166015625	2.91900634765625E-06	-7.5775146484375E-06	-1.04965209960938E-05	2.18756213143934E-06	256738.125	2.06557451747358E-05
152	170.505600569515	0.74462890625	0.744415283203125	2.935791015625E-06	-8.062744140625E-06	-1.099853515625E-05	2.18544755625771E-06	253565.5	2.08021156140603E-05
153	170.555600569389	0.739593505859375	0.739410400390625	2.9144287109375E-06	-8.5174560546875E-06	-1.1431884765625E-05	2.15495879274386E-06	253706.8125	2.09483714570524E-05
154	170.605600569262	0.73455810546875	0.73431396484375	2.85186767578125E-06	-8.929443359375E-06	-1.17813110351563E-05	2.09416612051427E-06	257485.296875	2.10925281862728E-05
155	170.655600569136	0.729522705078125	0.72930908203125	2.7471923828125E-06	-9.28955078125E-06	-1.20367431640625E-05	2.00355248125561E-06	265474.34375	2.12325048778439E-05
156	170.70560056901	0.7244873046875	0.724334716796875	2.60101318359375E-06	-9.5916748046875E-06	-1.21926879882813E-05	1.88400417755474E-06	278481.75	2.13662096939515E-05
157	170.755600568884	0.719451904296875	0.71923828125	2.41790771484375E-06	-9.82666015625E-06	-1.22445678710938E-05	1.73905164047028E-06	297463.09375	2.14916835830081E-05
158	170.805600568757	0.71441650390625	0.71417236328125	2.20245361328125E-06	-9.9853515625E-06	-1.21878051757813E-05	1.57293141000991E-06	324262.1875	2.16071930481121E-05
159	170.855600568631	0.709381103515625	0.709228515625	1.95953369140625E-06	-1.00616455078125E-05	-1.20211791992187E-05	1.38975713070977E-06	361937.40625	2.17112428799737E-05
160	170.905600568505	0.704345703125	0.70416259765625	1.69403076171875E-06	-1.00494384765625E-05	-1.17434692382813E-05	1.1928731282751E-06	415672.84375	2.18025816138834E-05
161	170.955600568379	0.699310302734375	0.699066162109375	1.40899658203125E-06	-9.94873046875E-06	-1.13577270507813E-05	9.8498185252538E-07	496144.6875	2.18801560549764E-05
162	171.005600568252	0.69427490234375	0.69415283203125	1.114501953125E-06	-9.765625E-06	-1.0880126953125E-05	7.73634724282601E-07	622836.8125	2.19432440644596E-05
163	171.055600568126	0.689239501953125	0.6890869140625	8.1207275390625E-07	-9.4970703125E-06	-1.03091430664062E-05	5.59588727355731E-07	848553.1875	2.19914090848761E-05
164	171.105600568	0.6842041015625	0.68408203125	5.047607421875E-07	-9.1583251953125E-06	-9.6630859375E-06	3.4529776371528E-07	1355260	2.20243291551014E-05
165	171.155600567874	0.679168701171875	0.678985595703125	1.9805908203125E-07	-8.7615966796875E-06	-8.95965576171875E-06	1.34479265057053E-07	3428197.25	2.20419005927397E-05
166	171.205600567747	0.67413330078125	0.67401123046875	-1.0406494140625E-07	-8.3221435546875E-06	-8.21807861328125E-06	-7.01409348380366E-08	-6476833	2.20442507270491E-05
167	171.255600567621	0.669097900390625	0.6689453125	-3.9642333984375E-07	-7.8582763671875E-06	-7.46185302734375E-06	-2.6518551976551E-07	-1687451.875	2.20317378989421E-05
168	171.305600567495	0.6640625	0.663909912109375	-6.7596435546875E-07	-7.3883056640625E-06	-6.71234130859375E-06	-4.48779417183687E-07	-982167.125	2.20049278141232E-05
169	171.355600567369	0.659027099609375	0.65887451171875	-9.39331054687501E-07	-6.9244384765625E-06	-5.985107421875E-06	-6.18901253801596E-07	-701429.5	2.19645462493645E-05
170	171.405600567242	0.65399169921875	0.65386962890625	-1.177978515625E-06	-6.4788818359375E-06	-5.3009033203125E-06	-7.70244355408067E-07	-555077.75	2.19116136577213E-05
171	171.455600567116	0.648956298828125	0.6488037109375	-1.3922119140625E-06	-6.060791015625E-06	-4.6685791015625E-06	-9.03272223240492E-07	-466023.6875	2.18473578570411E-05
172	171.50560056699	0.6439208984375	0.643768310546875	-1.57989501953125E-06	-5.670166015625E-06	-4.09027099609375E-06	-1.01708633337694E-06	-407475.375	2.1773055777885E-05
173	171.555600566864	0.638885498046875	0.6387939453125	-1.7388916015625E-06	-5.3131103515625E-06	-3.57421875E-06	-1.11079339149001E-06	-367356.96875	2.16900862142211E-05
174	171.605600566738	0.63385009765625	0.6336669921875	-1.86798095703125E-06	-4.986572265625E-06	-3.11859130859375E-06	-1.1836779094665E-06	-339225.625	2.15999134525191E-05
175	171.655600566611	0.628814697265625	0.628692626953125	-1.97021484375E-06	-4.693603515625E-06	-2.723388671875E-06	-1.23865947898594E-06	-319098.53125	2.15039599424927E-05
176	171.705600566485	0.623779296875	0.623626708984375	-2.04681396484375E-06	-4.42626953125E-06	-2.37945556640625E-06	-1.27644784697623E-06	-304681.6875	2.14035335375229E-05
177	171.755600566359	0.618743896484375	0.618682861328125	-2.10052490234375E-06	-4.18701171875E-06	-2.08648681640625E-06	-1.29955867578246E-06	-294537.28125	2.12998493225314E-05
178	171.805600566233	0.61370849609375	0.613677978515625	-2.1331787109375E-06	-3.97216796875E-06	-1.8389892578125E-06	-1.30908472328883E-06	-287682.40625	2.11940077861072E-05
179	171.855600566106	0.608673095703125	0.608612060546875	-2.14935302734375E-06	-3.7799072265625E-06	-1.63055419921875E-06	-1.30812213683384E-06	-283160.59375	2.10869438888039E-05
180	171.90560056598	0.6036376953125	0.603546142578125	-2.15087890625E-06	-3.60595703125E-06	-1.455078125E-06	-1.2981546433366E-06	-280604.4375	2.09794379770756E-05
181	171.955600565854	0.598602294921875	0.598602294921875	-2.14080810546875E-06	-3.45062255859375E-06	-1.309814453125E-06	-1.28149258671328E-06	-279615.125	2.08721467060968E-05
182	172.005600565728	0.59356689453125	0.59356689453125	-2.12188720703125E-06	-3.310546875E-06	-1.18865966796875E-06	-1.25948190543568E-06	-279735.375	2.07655793929007E-05
183	172.055600565601	0.588531494140625	0.5885009765625	-2.095947265625E-06	-3.184814453125E-06	-1.0888671875E-06	-1.23346694635984E-06	-280780.4375	2.06601325771771E-05
184	172.105600565475	0.58349609375	0.583526611328125	-2.0648193359375E-06	-3.070068359375E-06	-1.0052490234375E-06	-1.20487698040961E-06	-282604.21875	2.05561136681354E-05
185	172.155600565349	0.578460693359375	0.5784912109375	-2.02972412109375E-06	-2.96600341796875E-06	-9.36279296875E-07	-1.17417755518545E-06	-285009.78125	2.04537500394508E-05
186	172.205600565223	0.57342529296875	0.5733642578125	-1.99127197265625E-06	-2.8717041015625E-06	-8.8043212890625E-07	-1.14172416942893E-06	-287938.6875	2.03532254090533E-05
187	172.255600565096	0.568389892578125	0.568359375	-1.9512939453125E-06	-2.78472900390625E-06	-8.3343505859375E-07	-1.10903613403934E-06	-291273.09375	2.02546616492327E-05
188	172.30560056497	0.5633544921875	0.563385009765625	-1.910400390625E-06	-2.70599365234375E-06	-7.95593261718751E-07	-1.07629102785722E-06	-294904.15625	2.01581187866395E-05
189	172.355600564844	0.558319091796875	0.5582275390625	-1.86920166015625E-06	-2.633056640625E-06	-7.63854980468751E-07	-1.04343985185551E-06	-298644.90625	2.00636295630829E-05
190	172.405600564718	0.55328369140625	0.55322265625	-1.827392578125E-06	-2.56622314453125E-06	-7.3883056640625E-07	-1.01095497484494E-06	-302738.8125	1.99712139874464E-05
191	172.455600564591	0.548248291015625	0.548248291015625	-1.785888671875E-06	-2.50396728515625E-06	-7.1807861328125E-07	-9.79110382104409E-07	-306989.09375	1.98808811546769E-05
192	172.505600564465	0.543212890625	0.543182373046875	-1.74530029296875E-06	-2.4456787109375E-06	-7.0037841796875E-07	-9.48016293023102E-07	-311225.75	1.9792601960944E-05
193	172.555600564339	0.538177490234375	0.538116455078125	-1.70562744140625E-06	-2.3919677734375E-06	-6.8634033203125E-07	-9.17826127988519E-07	-315494.75	1.97063291125232E-05
194	172.605600564213	0.53314208984375	0.53314208984375	-1.666259765625E-06	-2.34161376953125E-06	-6.75354003906251E-07	-8.88353213213122E-07	-319963.375	1.96220316865947E-05
195	172.655600564087	0.528106689453125	0.528106689453125	-1.62811279296875E-06	-2.2943115234375E-06	-6.66198730468751E-07	-8.59817248510808E-07	-324367.40625	1.95396733033704E-05
196	172.70560056396	0.5230712890625	0.523101806640625	-1.59088134765625E-06	-2.25067138671875E-06	-6.597900390625E-07	-8.32192881716765E-07	-328812.59375	1.94591975741787E-05
197	172.755600563834	0.518035888671875	0.51800537109375	-1.55487060546875E-06	-2.20855712890625E-06	-6.536865234375E-07	-8.0543128433419E-07	-333150.15625	1.93805535673164E-05
198	172.805600563708	0.51300048828125	0.512939453125	-1.52008056640625E-06	-2.16949462890625E-06	-6.49414062500001E-07	-7.79709296239162E-07	-337442.28125	1.93036794371437E-05
199	172.855600563582	0.507965087890625	0.507965087890625	-1.48529052734375E-06	-2.132568359375E-06	-6.47277832031251E-07	-7.54475706798985E-07	-341997.125	1.92285460798303E-05
200	172.905600563455	0.5029296875	0.502899169921875	-1.45233154296875E-06	-2.0977783203125E-06	-6.4544677734375E-07	-7.30376314095338E-07	-346270.21875	1.91551043826621E-05
201	172.955600563329	0.497894287109375	0.497833251953125	-1.41998291015625E-06	-2.06451416015625E-06	-6.44531249999999E-07	-7.0691464770789E-07	-350591.03125	1.90832979569677E-05
202	173.005600563203	0.49285888671875	0.492828369140625	-1.38885498046875E-06	-2.03399658203125E-06	-6.451416015625E-07	-6.84467124756338E-07	-354845.09375	1.90130758710438E-05
203	173.055600563077	0.487823486328125	0.487762451171875	-1.358642578125E-06	-2.00439453125E-06	-6.45751953125001E-07	-6.62694787934015E-07	-359007.1875	1.89443890121765E-05
204	173.10560056295	0.4827880859375	0.48272705078125	-1.329345703125E-06	-1.976318359375E-06	-6.4697265625E-07	-6.41711096704967E-07	-363131.3125	1.88771900866413E-05
205	173.155600562824	0.477752685546875	0.477691650390625	-1.30096435546875E-06	-1.94915771484375E-06	-6.48193359374999E-07	-6.21459776084521E-07	-367182.75	1.88114318007138E-05
206	173.205600562698	0.47271728515625	0.472686767578125	-1.27288818359375E-06	-1.92352294921875E-06	-6.50634765625001E-07	-6.01677413669677E-07	-371349.78125	1.87470850505633E-05
207	173.255600562572	0.467681884765625	0.4676513671875	-1.24603271484375E-06	-1.89910888671875E-06	-6.53076171875E-07	-5.82708878482663E-07	-375312.28125	1.86841116374126E-05
208	173.305600562445	0.462646484375	0.462646484375	-1.219482421875E-06	-1.87530517578125E-06	-6.5582275390625E-07	-5.64189292617812E-07	-379379.375	1.8622473362484E-05
209	173.355600562319	0.457611083984375	0.457611083984375	-1.19384765625E-06	-1.85272216796875E-06	-6.5887451171875E-07	-5.4631789225823E-07	-383307.78125	1.85621411219472E-05
210	173.405600562193	0.45257568359375	0.45257568359375	-1.16912841796875E-06	-1.83013916015625E-06	-6.610107421875E-07	-5.2911906323061E-07	-387105.21875	1.85030658030882E-05
211	173.455600562067	0.447540283203125	0.447601318359375	-1.14532470703125E-06	-1.80938720703125E-06	-6.640625E-07	-5.12648796302528E-07	-390807.375	1.84452055691509E-05
212	173.50560056194	0.4425048828125	0.44256591796875	-1.12274169921875E-06	-1.788330078125E-06	-6.6558837890625E-07	-4.96887196277385E-07	-394183.21875	1.83885040314635E-05
213	173.555600561814	0.437469482421875	0.437408447265625	-1.10076904296875E-06	-1.768798828125E-06	-6.6802978515625E-07	-4.81485699310724E-07	-397366.21875	1.83329157152912E-05
214	173.605600561688	0.43243408203125	0.432373046875	-1.07879638671875E-06	-1.749267578125E-06	-6.70471191406249E-07	-4.66442457991434E-07	-400792.09375	1.82784260687185E-05
215	173.655600561562	0.427398681640625	0.42742919921875	-1.0589599609375E-06	-1.73065185546875E-06	-6.7169189453125E-07	-4.5263038828125E-07	-403631.125	1.8224982341053E-05
216	173.705600561436	0.42236328125	0.42236328125	-1.038818359375E-06	-1.7120361328125E-06	-6.732177734375E-07	-4.387587466681E-07	-406580.5	1.81725390575593E-05
217	173.755600561309	0.417327880859375	0.41729736328125	-1.019287109375E-06	-1.6943359375E-06	-6.75048828125E-07	-4.25345803023447E-07	-409401.21875	1.81210853043012E-05
218	173.805600561183	0.41229248046875	0.41229248046875	-1.0003662109375E-06	-1.67755126953125E-06	-6.77185058593749E-07	-4.12443455388711E-07	-412141.5625	1.80705937964376E-05
219	173.855600561057	0.407257080078125	0.407318115234375	-9.82055664062501E-07	-1.66046142578125E-06	-6.78405761718749E-07	-4.00009071199747E-07	-414760.71875	1.80210336111486E-05
220	173.905600560931	0.4022216796875	0.402252197265625	-9.6435546875E-07	-1.6455078125E-06	-6.81152343749999E-07	-3.87914099064801E-07	-417120.28125	1.79723738256143E-05
221	173.955600560804	0.397186279296875	0.397125244140625	-9.47265625E-07	-1.63055419921875E-06	-6.8328857421875E-07	-3.76183095340821E-07	-419233.25	1.7924583517015E-05
222	174.005600560678	0.39215087890625	0.392181396484375	-9.3048095703125E-07	-1.6162109375E-06	-6.85729980468749E-07	-3.64917326578507E-07	-421482.46875	1.78776390384883E-05
223	174.055600560552	0.387115478515625	0.387176513671875	-9.1400146484375E-07	-1.60186767578125E-06	-6.878662109375E-07	-3.53879869408047E-07	-423606.03125	1.78315276571084E-05
224	174.105600560426	0.382080078125	0.382110595703125	-8.9691162109375E-07	-1.588134765625E-06	-6.9122314453125E-07	-3.42719431500882E-07	-426029.25	1.77862548298435E-05
225	174.155600560299	0.377044677734375	0.377044677734375	-8.81042480468749E-07	-1.575927734375E-06	-6.94885253906251E-07	-3.32192371388373E-07	-427952.90625	1.77418060047785E-05
226	174.205600560173	0.37200927734375	0.371978759765625	-8.648681640625E-07	-1.56341552734375E-06	-6.9854736328125E-07	-3.21712576578648E-07	-430098.8125	1.7698157535051E-05
227	174.255600560047	0.366973876953125	0.36700439453125	-8.49304199218751E-07	-1.551513671875E-06	-7.0220947265625E-07	-3.11698357791101E-07	-432123.625	1.76553039636929E-05
228	174.305600559921	0.3619384765625	0.36187744140625	-8.33740234374999E-07	-1.54144287109375E-06	-7.0770263671875E-07	-3.01711764905122E-07	-434041	1.761322710081E-05
229	174.355600559794	0.356903076171875	0.356903076171875	-8.1817626953125E-07	-1.53106689453125E-06	-7.12890625E-07	-2.92009616487121E-07	-436217.84375	1.75719287653919E-05
230	174.405600559668	0.35186767578125	0.351898193359375	-8.038330078125E-07	-1.52099609375E-06	-7.171630859375E-07	-2.828673757449E-07	-437775.28125	1.75313798536081E-05
231	174.455600559542	0.346832275390625	0.3468017578125	-7.891845703125E-07	-1.5118408203125E-06	-7.22656250000001E-07	-2.73690574204011E-07	-439443.1875	1.74915530806175E-05
232	174.505600559416	0.341796875	0.341796875	-7.7484130859375E-07	-1.5032958984375E-06	-7.28454589843749E-07	-2.64838320163108E-07	-441118.5625	1.74524539033882E-05
233	174.555600559289	0.336761474609375	0.336761474609375	-7.60803222656251E-07	-1.49505615234375E-06	-7.342529296875E-07	-2.56209204962943E-07	-442639.40625	1.7414062313037E-05
234	174.605600559163	0.33172607421875	0.331787109375	-7.464599609375E-07	-1.48773193359375E-06	-7.4127197265625E-07	-2.4766578121671E-07	-444480.8125	1.73763801285531E-05
235	174.655600559037	0.326690673828125	0.326690673828125	-7.3272705078125E-07	-1.4801025390625E-06	-7.4737548828125E-07	-2.39375083310733E-07	-445855.90625	1.7339400073979E-05
236	174.705600558911	0.3216552734375	0.3216552734375	-7.19299316406249E-07	-1.47430419921875E-06	-7.550048828125E-07	-2.31366414027434E-07	-447178.625	1.73031003214419E-05
237	174.755600558785	0.316619873046875	0.31658935546875	-7.0648193359375E-07	-1.46881103515625E-06	-7.62329101562501E-07	-2.23664642362564E-07	-448120.96875	1.726745540509E-05
238	174.805600558658	0.31158447265625	0.3115234375	-6.9427490234375E-07	-1.46331787109375E-06	-7.6904296875E-07	-2.16282899145881E-07	-448703.3125	1.72324362210929E-05
239	174.855600558532	0.306549072265625	0.306488037109375	-6.81152343749999E-07	-1.45843505859375E-06	-7.77282714843751E-07	-2.08765030151881E-07	-449955.21875	1.71980518643977E-05
240	174.905600558406	0.301513671875	0.301513671875	-6.6864013671875E-07	-1.45416259765625E-06	-7.855224609375E-07	-2.01604137828326E-07	-450935.6875	1.71643059729831E-05
241	174.95560055828	0.296478271484375	0.29644775390625	-6.5643310546875E-07	-1.451416015625E-06	-7.9498291015625E-07	-1.94598115399458E-07	-451603.90625	1.71311785379658E-05
242	175.005600558153	0.29144287109375	0.2913818359375	-6.439208984375E-07	-1.4483642578125E-06	-8.04443359375E-07	-1.87626852721223E-07	-452511.84375	1.7098671378335E-05
243	175.055600558027	0.286407470703125	0.286407470703125	-6.32324218749999E-07	-1.44683837890625E-06	-8.1451416015625E-07	-1.81102379315234E-07	-452944.03125	1.70667644852074E-05
244	175.105600557901	0.2813720703125	0.28131103515625	-6.20422363281251E-07	-1.4453125E-06	-8.24890136718749E-07	-1.74531649577148E-07	-453418.625	1.70354451256571E-05
245	175.155600557775	0.276336669921875	0.276336669921875	-6.09130859375E-07	-1.44439697265625E-06	-8.35266113281251E-07	-1.68325186677976E-07	-453657.34375	1.7004707842716E-05
246	175.205600557648	0.27130126953125	0.271270751953125	-5.9783935546875E-07	-1.444091796875E-06	-8.46252441406249E-07	-1.62176334583819E-07	-453751.90625	1.69745326275006E-05
247	175.255600557522	0.266265869140625	0.266204833984375	-5.8624267578125E-07	-1.44500732421875E-06	-8.587646484375E-07	-1.56060636413713E-07	-454086.4375	1.69449303939473E-05
248	175.305600557396	0.26123046875	0.261199951171875	-5.74951171875E-07	-1.44683837890625E-06	-8.7188720703125E-07	-1.50177214663927E-07	-454299.375	1.69159011420561E-05
249	175.35560055727	0.256195068359375	0.256195068359375	-5.63659667968749E-07	-1.4495849609375E-06	-8.85925292968751E-07	-1.44406811841691E-07	-454520.875	1.688743577688E-05
250	175.405600557143	0.25115966796875	0.25115966796875	-5.523681640625E-07	-1.4532470703125E-06	-9.00878906249999E-07	-1.38732602295022E-07	-454696.15625	1.6859534298419E-05
251	175.455600557017	0.246124267578125	0.24615478515625	-5.41076660156251E-07	-1.458740234375E-06	-9.17663574218749E-07	-1.33188606810108E-07	-454935.15625	1.68321985256625E-05
252	175.505600556891	0.2410888671875	0.2410888671875	-5.30090332031249E-07	-1.46514892578125E-06	-9.3505859375E-07	-1.27798884363983E-07	-454807.125	1.68054193636635E-05
253	175.555600556765	0.236053466796875	0.236083984375	-5.18798828125E-07	-1.473388671875E-06	-9.5458984375E-07	-1.22480088293742E-07	-455058.84375	1.6779196812422E-05
254	175.605600556638	0.23101806640625	0.23101806640625	-5.07507324218751E-07	-1.48284912109375E-06	-9.75341796875E-07	-1.1724335990948E-07	-455201.46875	1.6753539966885E-05
255	175.655600556512	0.225982666015625	0.22601318359375	-4.94995117187499E-07	-1.49444580078125E-06	-9.9945068359375E-07	-1.11875422703633E-07	-456596.8125	1.67284779308829E-05
256	175.705600556386	0.220947265625	0.220947265625	-4.8248291015625E-07	-1.5081787109375E-06	-1.02569580078125E-06	-1.06603280869422E-07	-457938.03125	1.67040398082463E-05
257	175.75560055626	0.215911865234375	0.215911865234375	-4.7027587890625E-07	-1.52496337890625E-06	-1.0546875E-06	-1.01538141450419E-07	-459117.46875	1.66802219609963E-05
258	175.805600556134	0.21087646484375	0.210906982421875	-4.57153320312501E-07	-1.5435791015625E-06	-1.08642578125E-06	-9.64168265227272E-08	-461348.46875	1.66570353030693E-05
259	175.855600556007	0.205841064453125	0.20587158203125	-4.43420410156251E-07	-1.56524658203125E-06	-1.121826171875E-06	-9.12876600978052E-08	-464280.8125	1.66345216712216E-05
260	175.905600555881	0.2008056640625	0.20086669921875	-4.29687500000001E-07	-1.5911865234375E-06	-1.1614990234375E-06	-8.63099103298737E-08	-467471.59375	1.6612693798379E-05
261	175.955600555755	0.195770263671875	0.19580078125	-4.14428710937501E-07	-1.6204833984375E-06	-1.2060546875E-06	-8.11454654581212E-08	-472459.5	1.65915898833191E-05
262	176.005600555629	0.19073486328125	0.190673828125	-3.9947509765625E-07	-1.65435791015625E-06	-1.2548828125E-06	-7.61694423090375E-08	-477310.9375	1.6571242667851E-05
263	176.055600555502	0.185699462890625	0.185760498046875	-3.8330078125E-07	-1.6937255859375E-06	-1.3104248046875E-06	-7.12021446247491E-08	-484633.78125	1.65516739798477E-05
264	176.105600555376	0.1806640625	0.18072509765625	-3.65600585937501E-07	-1.74072265625E-06	-1.3751220703125E-06	-6.60731984680751E-08	-494323.875	1.6532951121917E-05
265	176.15560055525	0.175628662109375	0.17559814453125	-3.47290039062501E-07	-1.7950439453125E-06	-1.44775390625E-06	-6.09834884812699E-08	-505623.90625	1.65151286637411E-05
266	176.205600555124	0.17059326171875	0.170654296875	-3.27453613281251E-07	-1.8597412109375E-06	-1.53228759765625E-06	-5.58813617601572E-08	-521155.6875	1.64982593560126E-05
267	176.255600554997	0.165557861328125	0.16552734375	-3.0364990234375E-07	-1.93603515625E-06	-1.63238525390625E-06	-5.02623613840569E-08	-545125.625	1.64824832609156E-05
268	176.305600554871	0.1605224609375	0.160491943359375	-2.76794433593749E-07	-2.025146484375E-06	-1.74835205078125E-06	-4.44232739482686E-08	-579823.625	1.64679713634541E-05
269	176.355600554745	0.155487060546875	0.155548095703125	-2.4566650390625E-07	-2.130126953125E-06	-1.88446044921875E-06	-3.82129528020414E-08	-633167.75	1.64549092005473E-05
270	176.405600554619	0.15045166015625	0.150482177734375	-2.08435058593751E-07	-2.25311279296875E-06	-2.044677734375E-06	-3.13657615436114E-08	-721961.9375	1.64435568876797E-05
271	176.455600554492	0.145416259765625	0.14544677734375	-1.6510009765625E-07	-2.39471435546875E-06	-2.2296142578125E-06	-2.40132767004297E-08	-880961.25	1.64342181960819E-05
272	176.505600554366	0.140380859375	0.140472412109375	-1.141357421875E-07	-2.557373046875E-06	-2.4432373046875E-06	-1.60329225451505E-08	-1230748.75	1.64272387337405E-05
273	176.55560055424	0.135345458984375	0.1353759765625	-5.67626953124997E-08	-2.74078369140625E-06	-2.68402099609375E-06	-7.68430474806792E-09	-2384946.25	1.64229659276316E-05
274	176.605600554114	0.13031005859375	0.130340576171875	7.62939453125E-09	-2.945556640625E-06	-2.95318603515625E-06	9.94419657729395E-10	17084002	1.64217381097842E-05
275	176.655600553987	0.125274658203125	0.125274658203125	7.90405273437503E-08	-3.17169189453125E-06	-3.250732421875E-06	9.90177451143381E-09	1584942.125	1.64239045261638E-05
276	176.705600553861	0.1202392578125	0.120269775390625	1.568603515625E-07	-3.4149169921875E-06	-3.57177734375E-06	1.88655597810339E-08	766731.5	1.64298016898101E-05
277	176.755600553735	0.115203857421875	0.115234375	2.38647460937499E-07	-3.67401123046875E-06	-3.91265869140625E-06	2.7500391297508E-08	482864.46875	1.64396897162078E-05
278	176.805600553609	0.11016845703125	0.110198974609375	3.23486328125E-07	-3.94744873046875E-06	-4.27093505859375E-06	3.56478615515243E-08	340660.375	1.64537432283396E-05
279	176.855600553483	0.105133056640625	0.105133056640625	4.09851074218751E-07	-4.2279052734375E-06	-4.63775634765625E-06	4.30888924540795E-08	256515.28125	1.64720768225379E-05
280	176.905600553356	0.10009765625	0.100128173828125	4.9285888671875E-07	-4.510498046875E-06	-5.00335693359375E-06	4.93490581732203E-08	203157.90625	1.64946432050783E-05
281	176.95560055323	0.095062255859375	0.0950927734375	5.71594238281251E-07	-4.7821044921875E-06	-5.35369873046875E-06	5.4354480027996E-08	166364.125	1.65212550200522E-05
282	177.005600553104	0.09002685546875	0.09002685546875	6.45751953125E-07	-5.047607421875E-06	-5.693359375E-06	5.81350150241633E-08	139414	1.65516885317629E-05
283	177.055600552978	0.084991455078125	0.085113525390625	7.01293945312501E-07	-5.291748046875E-06	-5.9930419921875E-06	5.96895972648781E-08	121366.4140625	1.65853653015802E-05
284	177.105600552851	0.0799560546875	0.079925537109375	7.37915039062501E-07	-5.511474609375E-06	-6.2493896484375E-06	5.89782516158266E-08	108312.6640625	1.66213449119823E-05
285	177.155600552725	0.074920654296875	0.07489013671875	7.5103759765625E-07	-5.6915283203125E-06	-6.44256591796875E-06	5.62453088548409E-08	99715.5625	1.66585687111365E-05
286	177.205600552599	0.06988525390625	0.069915771484375	7.391357421875E-07	-5.8349609375E-06	-6.5740966796875E-06	5.16772438174939E-08	94591.25	1.66958234331105E-05
287	177.255600552473	0.064849853515625	0.06488037109375	7.00988769531249E-07	-5.9326171875E-06	-6.63360595703125E-06	4.54804123251051E-08	92555.5078125	1.67318266903749E-05
288	177.305600552346	0.059814453125	0.059814453125	6.3446044921875E-07	-5.9814453125E-06	-6.61590576171875E-06	3.79499027758357E-08	94276.09375	1.67652124218876E-05
289	177.35560055222	0.054779052734375	0.054840087890625	5.40771484374999E-07	-5.9783935546875E-06	-6.5191650390625E-06	2.96559541368424E-08	101410.84375	1.67945927387336E-05
290	177.405600552094	0.04974365234375	0.0497894287109375	4.1839599609375E-07	-5.9326171875E-06	-6.35101318359375E-06	2.08316972560851E-08	119000.734375	1.68185724760406E-05
291	177.455600551968	0.044708251953125	0.0447967529296875	2.82897949218749E-07	-5.8380126953125E-06	-6.12091064453125E-06	1.26729089444666E-08	158349.53125	1.68361057149014E-05
292	177.505600551841	0.0396728515625	0.039739990234375	1.251220703125E-07	-5.706787109375E-06	-5.8319091796875E-06	4.97234964313975E-09	317609.75	1.6846304788487E-05
293	177.555600551715	0.034637451171875	0.0347076416015625	-4.48608398437494E-08	-5.5450439453125E-06	-5.50018310546875E-06	-1.55701407322795E-09	-773673.5	1.68483111337991E-05
294	177.605600551589	0.02960205078125	0.029681396484375	-2.20947265625E-07	-5.35888671875E-06	-5.137939453125E-06	-6.55802301352537E-09	-134337.015625	1.6841666365508E-05
295	177.655600551463	0.024566650390625	0.0246337890625	-3.997802734375E-07	-5.16357421875E-06	-4.7637939453125E-06	-9.84810277770976E-09	-61618.3203125	1.68261485669063E-05
296	177.705600551336	0.01953125	0.019610595703125	-5.7586669921875E-07	-4.9591064453125E-06	-4.38323974609375E-06	-1.12930882423257E-08	-34054.0546875	1.68017577379942E-05
297	177.75560055121	0.014495849609375	0.0146026611328125	-7.427978515625E-07	-4.754638671875E-06	-4.0118408203125E-06	-1.08468256598826E-08	-19658.998046875	1.67687903740443E-05
298	177.805600551084	0.00946044921875	0.00951232910156249	-8.9996337890625E-07	-4.5562744140625E-06	-3.65631103515625E-06	-8.56074766630854E-09	-10569.685546875	1.67277212312911E-05
299	177.855600550958	0.004425048828125	0.004498291015625	-1.04248046875E-06	-4.364013671875E-06	-3.321533203125E-06	-4.68938043951539E-09	-4314.98828125	1.6679161490174E-05
300	177.905600550832	-0.0006103515625	-0.0005035400390625	-1.16851806640625E-06	-4.18701171875E-06	-3.01849365234375E-06	5.88395610012782E-10	430.921936035156	1.66238860401791E-05
301	177.955600550705	-0.005645751953125	-0.005584716796875	-1.28143310546875E-06	-4.02191162109375E-06	-2.740478515625E-06	7.15644121740411E-09	4358.1806640625	1.65626370289829E-05
302	178.005600550579	-0.01068115234375	-0.0105804443359375	-1.3726806640625E-06	-3.86932373046875E-06	-2.49664306640625E-06	1.45235716786374E-08	7707.8701171875	1.64962839335203E-05
303	178.055600550453	-0.015716552734375	-0.0155975341796875	-1.4495849609375E-06	-3.7310791015625E-06	-2.281494140625E-06	2.26099512445899E-08	10760	1.64257271535462E-05
304	178.105600550327	-0.020751953125	-0.020648193359375	-1.5106201171875E-06	-3.60626220703125E-06	-2.09564208984375E-06	3.11915755446535E-08	13668.6865234375	1.63517215696629E-05
305	178.1556005502	-0.025787353515625	-0.025665283203125	-1.5576171875E-06	-3.49395751953125E-06	-1.93634033203125E-06	3.99766832970272E-08	16477.2734375	1.62750166055048E-05
306	178.205600550074	-0.03082275390625	-0.030682373046875	-1.593017578125E-06	-3.39385986328125E-06	-1.80084228515625E-06	4.88775562246246E-08	19260.537109375	1.61962507263524E-05
307	178.255600549948	-0.035858154296875	-0.035736083984375	-1.61773681640625E-06	-3.30474853515625E-06	-1.68701171875E-06	5.78115759708453E-08	22090.171875	1.61159823619528E-05
308	178.305600549822	-0.0408935546875	-0.0407623291015625	-1.63543701171875E-06	-3.2257080078125E-06	-1.59027099609375E-06	6.6664220810253E-08	24924.42578125	1.60346517077414E-05
309	178.355600549695	-0.045928955078125	-0.045794677734375	-1.6448974609375E-06	-3.15582275390625E-06	-1.51092529296875E-06	7.53275486431448E-08	27840.4453125	1.5952644389472E-05
310	178.405600549569	-0.05096435546875	-0.050933837890625	-1.64703369140625E-06	-3.0938720703125E-06	-1.44683837890625E-06	8.38897449284559E-08	30924.58984375	1.58703460328979E-05
311	178.455600549443	-0.055999755859375	-0.055938720703125	-1.64764404296875E-06	-3.03955078125E-06	-1.39190673828125E-06	9.21670988418555E-08	33950.73046875	1.57879785547266E-05
312	178.505600549317	-0.06103515625	-0.0609130859375	-1.64398193359375E-06	-2.9913330078125E-06	-1.34735107421875E-06	1.00140013614691E-07	37052.1640625	1.57056874741102E-05
313	178.55560054919	-0.066070556640625	-0.066009521484375	-1.63726806640625E-06	-2.9486083984375E-06	-1.31134033203125E-06	1.08075276727959E-07	40316.87109375	1.56236565089785E-05
314	178.605600549064	-0.07110595703125	-0.07098388671875	-1.62811279296875E-06	-2.91107177734375E-06	-1.282958984375E-06	1.15569768865953E-07	43598.87890625	1.55420220835367E-05
315	178.655600548938	-0.076141357421875	-0.0760498046875	-1.6180419921875E-06	-2.877197265625E-06	-1.2591552734375E-06	1.23051776768079E-07	47001.1328125	1.54608678712975E-05
316	178.705600548812	-0.0811767578125	-0.0811767578125	-1.60675048828125E-06	-2.847900390625E-06	-1.24114990234375E-06	1.30430791500658E-07	50522.3203125	1.5380248441943E-05
317	178.755600548685	-0.086212158203125	-0.08612060546875	-1.59515380859375E-06	-2.82135009765625E-06	-1.2261962890625E-06	1.37375607778267E-07	53988.90625	1.53002019942505E-05
318	178.805600548559	-0.09124755859375	-0.0911865234375	-1.5826416015625E-06	-2.7978515625E-06	-1.2152099609375E-06	1.44315578154419E-07	57616.6640625	1.52207558130613E-05
319	178.855600548433	-0.096282958984375	-0.096221923828125	-1.5704345703125E-06	-2.77740478515625E-06	-1.20697021484375E-06	1.51110228330253E-07	61270.890625	1.51419289977639E-05
320	178.905600548307	-0.101318359375	-0.1011962890625	-1.558837890625E-06	-2.7587890625E-06	-1.199951171875E-06	1.57748601736785E-07	64917.77734375	1.50636979014962E-05
321	178.955600548181	-0.106353759765625	-0.10626220703125	-1.54693603515625E-06	-2.7423095703125E-06	-1.19537353515625E-06	1.64380836054079E-07	68692.0546875	1.49860534293111E-05
322	179.005600548054	-0.11138916015625	-0.11138916015625	-1.53533935546875E-06	-2.728271484375E-06	-1.19293212890625E-06	1.71020147377021E-07	72550.1953125	1.49089964907034E-05
323	179.055600547928	-0.116424560546875	-0.1163330078125	-1.52374267578125E-06	-2.71453857421875E-06	-1.1907958984375E-06	1.77261568978793E-07	76346.890625	1.48325189002207E-05
324	179.105600547802	-0.1214599609375	-0.121368408203125	-1.51275634765625E-06	-2.7032470703125E-06	-1.19049072265625E-06	1.83600818104424E-07	80229.984375	1.47566070154426E-05
325	179.155600547676	-0.126495361328125	-0.12646484375	-1.50238037109375E-06	-2.69317626953125E-06	-1.1907958984375E-06	1.89998289101823E-07	84176.3203125	1.46812280945596E-05
326	179.205600547549	-0.13153076171875	-0.1314697265625	-1.4923095703125E-06	-2.6837158203125E-06	-1.19140625E-06	1.9619352542577E-07	88098.1640625	1.46063612191938E-05
327	179.255600547423	-0.136566162109375	-0.13641357421875	-1.48284912109375E-06	-2.6763916015625E-06	-1.19354248046875E-06	2.02280730832172E-07	91994.2421875	1.45319818329881E-05
328	179.305600547297	-0.1416015625	-0.14154052734375	-1.47369384765625E-06	-2.66876220703125E-06	-1.195068359375E-06	2.08587408678795E-07	96044.734375	1.44580681080697E-05
329	179.355600547171	-0.146636962890625	-0.14654541015625	-1.46484375E-06	-2.66357421875E-06	-1.19873046875E-06	2.14666130204932E-07	100041.6640625	1.43846054925234E-05
330	179.405600547044	-0.15167236328125	-0.151519775390625	-1.45660400390625E-06	-2.65838623046875E-06	-1.2017822265625E-06	2.20704308162567E-07	104022.6328125	1.43115685204975E-05
331	179.455600546918	-0.156707763671875	-0.156646728515625	-1.44927978515625E-06	-2.6544189453125E-06	-1.20513916015625E-06	2.27024926857666E-07	108085.921875	1.42389217216987E-05
332	179.505600546792	-0.1617431640625	-0.161651611328125	-1.44134521484375E-06	-2.6507568359375E-06	-1.20941162109375E-06	2.32995759574806E-07	112153.296875	1.41666560011799E-05
333	179.555600546666	-0.166778564453125	-0.1666259765625	-1.434326171875E-06	-2.6483154296875E-06	-1.2139892578125E-06	2.38995994550351E-07	116170.21875	1.40947640829836E-05
334	179.605600546539	-0.17181396484375	-0.171661376953125	-1.4276123046875E-06	-2.646484375E-06	-1.2188720703125E-06	2.45065876924855E-07	120243.703125	1.40232159537845E-05
335	179.655600546413	-0.176849365234375	-0.1767578125	-1.42120361328125E-06	-2.645263671875E-06	-1.22406005859375E-06	2.51208831514305E-07	124371.9140625	1.39519952426781E-05
336	179.705600546287	-0.181884765625	-0.181732177734375	-1.41510009765625E-06	-2.64495849609375E-06	-1.2298583984375E-06	2.57169233464083E-07	128423.546875	1.38810883072438E-05
337	179.755600546161	-0.186920166015625	-0.186767578125	-1.40960693359375E-06	-2.64617919921875E-06	-1.236572265625E-06	2.63268844946651E-07	132496.21875	1.38104705911246E-05
338	179.805600546034	-0.19195556640625	-0.191864013671875	-1.40472412109375E-06	-2.64678955078125E-06	-1.2420654296875E-06	2.69515993522873E-07	136584.84375	1.37401120809955E-05
339	179.855600545908	-0.196990966796875	-0.196868896484375	-1.4007568359375E-06	-2.650146484375E-06	-1.2493896484375E-06	2.75765444257559E-07	140544.671875	1.36699745780788E-05
340	179.905600545782	-0.2020263671875	-0.2017822265625	-1.39617919921875E-06	-2.65411376953125E-06	-1.2579345703125E-06	2.81724140904771E-07	144524.59375	1.36000517159118E-05
