Potential - Start -0.205 V, Stop 1.505 V, Step 0.005 V; Modulation - Amplitude 0.05 V, Time 0.025 s, Interval time 0.05 s
Index	Base.Time (s)	Potential applied (V)	WE(1).Base.Potential (V)	WE(1).Base.Current (A)	WE(1).Pulse.Current (A)	WE(1).δ.Current (A)	WE(1).Base.Power (W)	WE(1).Base.Resistance (Ω)	WE(1).Base.Charge (C)
1	140.194353646043	-0.204925537109375		-6.2286376953125E-07	1.73034667968749E-07	7.95898437499999E-07	1.27526632809349E-07	328711.4375	0
2	140.244353645917	-0.19989013671875		-8.3160400390625E-07	1.47094726562499E-07	9.78698730468749E-07	1.66127918532766E-07	240220.1875	-3.6361694100151E-08
3	140.294353645791	-0.194854736328125		-8.23974609375E-07	1.58081054687501E-07	9.82055664062501E-07	1.60454760589346E-07	236333.34375	-7.7751160176831E-08
4	140.344353645665	-0.1898193359375		-8.06274414062499E-07	1.7578125E-07	9.82055664062499E-07	1.52997259306176E-07	235352.015625	-1.18507379909261E-07
5	140.394353645538	-0.184783935546875		-7.8704833984375E-07	1.93176269531251E-07	9.80224609375001E-07	1.45337807566648E-07	234625.84375	-1.58340441203109E-07
6	140.444353645412	-0.17974853515625		-7.6934814453125E-07	2.11181640624999E-07	9.80529785156249E-07	1.38195275667385E-07	233478.796875	-1.9725035826923E-07
7	140.494353645286	-0.174713134765625		-7.51647949218751E-07	2.3040771484375E-07	9.82055664062501E-07	1.31231004729671E-07	232277.71875	-2.35275251725398E-07
8	140.54435364516	-0.169677734375		-7.354736328125E-07	2.49633789062501E-07	9.85107421875001E-07	1.24703717574448E-07	230539.421875	-2.72453291927377E-07
9	140.594353645033	-0.164642333984375		-7.2021484375E-07	2.69470214843751E-07	9.8968505859375E-07	1.18511913171915E-07	228474.578125	-3.08845500285315E-07
10	140.644353644907	-0.15960693359375		-7.07397460937501E-07	2.9022216796875E-07	9.9761962890625E-07	1.12797593487812E-07	225409.84375	-3.4453580610716E-07
11	140.694353644781	-0.154571533203125		-6.9549560546875E-07	3.11889648437499E-07	1.00738525390625E-06	1.0746137490969E-07	222158.84375	-3.7960813870086E-07
12	140.744353644655	-0.1495361328125		-6.854248046875E-07	3.3447265625E-07	1.0198974609375E-06	1.0243301318269E-07	218032.0625	-4.14131136494689E-07
13	140.794353644528	-0.144500732421875		-6.7596435546875E-07	3.59497070312501E-07	1.03546142578125E-06	9.75948211134892E-08	213589.171875	-4.48165877742213E-07
14	140.844353644402	-0.13946533203125		-6.683349609375E-07	3.875732421875E-07	1.055908203125E-06	9.31483725707949E-08	208538.8125	-4.81773383853579E-07
15	140.894353644276	-0.134429931640625		-6.62841796874999E-07	4.18701171874999E-07	1.08154296875E-06	8.90248657015036E-08	202624.3125	-5.15052761329571E-07
16	140.94435364415	-0.12939453125		-6.5765380859375E-07	4.5318603515625E-07	1.11083984375E-06	8.50165235988243E-08	196566.125	-5.48065145267174E-07
17	140.994353644023	-0.124359130859375		-6.561279296875E-07	4.93469238281249E-07	1.14959716796875E-06	8.15754717109485E-08	189488.375	-5.80909727432299E-07
18	141.044353643897	-0.11932373046875		-6.56738281249999E-07	5.389404296875E-07	1.1956787109375E-06	7.8304331907475E-08	181552.046875	-6.13731344856205E-07
19	141.094353643771	-0.114288330078125		-6.5948486328125E-07	5.9173583984375E-07	1.251220703125E-06	7.53110427353931E-08	173160.578125	-6.46636920009769E-07
20	141.144353643645	-0.1092529296875		-6.65893554687499E-07	6.53076171875E-07	1.3189697265625E-06	7.26898576886015E-08	163932.171875	-6.79771403611085E-07
21	141.194353643519	-0.104217529296875		-6.75048828124999E-07	7.244873046875E-07	1.3995361328125E-06	7.02901132854095E-08	154249.5625	-7.13294980414503E-07
22	141.244353643392	-0.09918212890625		-6.88781738281249E-07	8.0535888671875E-07	1.494140625E-06	6.82517793393345E-08	143863.546875	-7.47390743072174E-07
23	141.294353643266	-0.094146728515625		-7.08923339843751E-07	9.014892578125E-07	1.61041259765625E-06	6.67211779159516E-08	132759.359375	-7.82333358984033E-07
24	141.34435364314	-0.089111328125		-7.32421875E-07	1.01287841796875E-06	1.74530029296875E-06	6.52447340598883E-08	121625	-8.18366970634088E-07
25	141.394353643014	-0.084075927734375		-7.62023925781249E-07	1.143798828125E-06	1.90582275390625E-06	6.40678621266488E-08	110332.40625	-8.55728103488218E-07
26	141.444353642887	-0.07904052734375		-7.98645019531249E-07	1.29241943359375E-06	2.091064453125E-06	6.31009484663991E-08	98930.078125	-8.94744857760088E-07
27	141.494353642761	-0.074005126953125		-8.41064453125E-07	1.4617919921875E-06	2.3028564453125E-06	6.21660802835322E-08	87880.9921875	-9.35737602958397E-07
28	141.544353642635	-0.0689697265625		-8.91723632812499E-07	1.654052734375E-06	2.5457763671875E-06	6.1447508414858E-08	77275.8359375	-9.79057290351193E-07
29	141.594353642509	-0.063934326171875		-9.5062255859375E-07	1.87042236328125E-06	2.821044921875E-06	6.07193868518152E-08	67191.015625	-1.02511592103838E-06
30	141.644353642382	-0.05889892578125		-1.0174560546875E-06	2.10906982421875E-06	3.12652587890625E-06	5.98649663174911E-08	57828.43359375	-1.07431787910173E-06
31	141.694353642256	-0.053863525390625		-1.09161376953125E-06	2.37091064453125E-06	3.4625244140625E-06	5.8731536967116E-08	49287.11328125	-1.12704469756864E-06
32	141.74435364213	-0.048828125		-1.1700439453125E-06	2.6531982421875E-06	3.8232421875E-06	5.69525155924566E-08	41601.4609375	-1.18358605050162E-06
33	141.794353642004	-0.043792724609375		-1.26068115234375E-06	2.95318603515625E-06	4.2138671875E-06	5.50316840985943E-08	34626	-1.24435416637425E-06
34	141.844353641877	-0.03875732421875		-1.351318359375E-06	3.26629638671875E-06	4.61761474609375E-06	5.21837861811036E-08	28577.236328125	-1.30965418065898E-06
35	141.894353641751	-0.033721923828125		-1.4434814453125E-06	3.58673095703125E-06	5.03021240234375E-06	4.84523106081269E-08	23253.701171875	-1.37952417844645E-06
36	141.944353641625	-0.0286865234375		-1.53228759765625E-06	3.90869140625E-06	5.44097900390625E-06	4.37268710129501E-08	18623.779296875	-1.45391845762788E-06
37	141.994353641499	-0.023651123046875		-1.614990234375E-06	4.2205810546875E-06	5.8355712890625E-06	3.7969620336753E-08	14557.82421875	-1.53260032220714E-06
38	142.044353641372	-0.01861572265625		-1.68609619140625E-06	4.5196533203125E-06	6.20574951171875E-06	3.11872199176833E-08	10970.1357421875	-1.61512753038551E-06
39	142.094353641246	-0.013580322265625		-1.73980712890625E-06	4.7943115234375E-06	6.53411865234375E-06	2.3425382522646E-08	7738.99365234375	-1.70077510119881E-06
40	142.14435364112	-0.008544921875		-1.771240234375E-06	5.04150390625E-06	6.812744140625E-06	1.49783527803038E-08	4774.2939453125	-1.78855123067478E-06
41	142.194353640994	-0.003509521484375		-1.77764892578125E-06	5.2459716796875E-06	7.02362060546875E-06	6.05424865796067E-09	1915.8798828125	-1.87727346201427E-06
42	142.244353640868	0.00152587890625		-1.75384521484375E-06	5.4107666015625E-06	7.16461181640625E-06	-2.85278156653135E-09	-927.4404296875	-1.96556084119948E-06
43	142.294353640741	0.006561279296875		-1.69158935546875E-06	5.517578125E-06	7.20916748046875E-06	-1.13106457533263E-08	-3952.7333984375	-2.05169681066764E-06
44	142.344353640615	0.0115966796875		-1.6046142578125E-06	5.56640625E-06	7.1710205078125E-06	-1.87942781337824E-08	-7299.353515625	-2.13410180549545E-06
45	142.394353640489	0.016632080078125		-1.48651123046875E-06	5.5633544921875E-06	7.04986572265625E-06	-2.48689406845415E-08	-11254.36328125	-2.21137997868937E-06
46	142.444353640363	0.02166748046875		-1.34124755859375E-06	5.50537109375E-06	6.84661865234375E-06	-2.91760624548942E-08	-16218.4296875	-2.2820738649898E-06
47	142.494353640236	0.026702880859375		-1.1712646484375E-06	5.3985595703125E-06	6.56982421875E-06	-3.13940979879135E-08	-22884.314453125	-2.34488675232569E-06
48	142.54435364011	0.03173828125		-9.83581542968751E-07	5.2490234375E-06	6.23260498046875E-06	-3.1301237157777E-08	-32354.94921875	-2.39875794250111E-06
49	142.594353639984	0.036773681640625		-7.82470703125E-07	5.06591796875E-06	5.848388671875E-06	-2.88507404633265E-08	-47121.68359375	-2.442909135425E-06
50	142.644353639858	0.04180908203125		-5.718994140625E-07	4.8583984375E-06	5.4302978515625E-06	-2.3980401664403E-08	-73319.1015625	-2.47676848630363E-06
51	142.694353639731	0.046844482421875		-3.61022949218751E-07	4.638671875E-06	4.99969482421875E-06	-1.69471885413941E-08	-130025.359375	-2.50009156843589E-06
52	142.744353639605	0.0518798828125		-1.57470703125E-07	4.4097900390625E-06	4.5672607421875E-06	-8.18397793977965E-09	-330038.78125	-2.51305391429923E-06
53	142.794353639479	0.056915283203125		4.36401367187506E-08	4.18365478515625E-06	4.1400146484375E-06	2.48645415368287E-09	1305594.5	-2.51589949584741E-06
54	142.844353639353	0.06195068359375		2.3040771484375E-07	3.9599609375E-06	3.72955322265625E-06	1.42879779119198E-08	269139.09375	-2.50904849963263E-06
55	142.894353639226	0.066986083984375		4.0008544921875E-07	3.74664306640625E-06	3.3465576171875E-06	2.68367852385154E-08	167658.28125	-2.4932860469562E-06
56	142.9443536391	0.072021484375		5.5084228515625E-07	3.54583740234375E-06	2.9949951171875E-06	3.96724786355662E-08	130747.921875	-2.46951276494656E-06
57	142.994353638974	0.077056884765625		6.8328857421875E-07	3.3587646484375E-06	2.67547607421875E-06	5.26520871346747E-08	112773.5625	-2.43865952143096E-06
58	143.044353638848	0.08209228515625		7.9681396484375E-07	3.18603515625E-06	2.38922119140625E-06	6.54609095818159E-08	103102.265625	-2.40165695686301E-06
59	143.094353638721	0.087127685546875		8.9111328125E-07	3.028564453125E-06	2.137451171875E-06	7.7695027300706E-08	97842.46875	-2.35945890381117E-06
60	143.144353638595	0.0921630859375		9.68017578125E-07	2.88543701171875E-06	1.91741943359375E-06	8.92450202627515E-08	95239.6015625	-2.31298054131912E-06
61	143.194353638469	0.097198486328125		1.0284423828125E-06	2.75604248046875E-06	1.72760009765625E-06	1.000258151862E-07	94569.734375	-2.26306906370155E-06
62	143.244353638343	0.10223388671875		1.07666015625E-06	2.6397705078125E-06	1.5631103515625E-06	1.10136866737776E-07	95011.3359375	-2.21044160753081E-06
63	143.294353638217	0.107269287109375		1.1126708984375E-06	2.535400390625E-06	1.4227294921875E-06	1.19389355290878E-07	96434.453125	-2.15570821637812E-06
64	143.34435363809	0.1123046875		1.13800048828125E-06	2.442626953125E-06	1.30462646484375E-06	1.27872240796023E-07	98739.609375	-2.09944141715823E-06
65	143.394353637964	0.117340087890625		1.1553955078125E-06	2.3583984375E-06	1.2030029296875E-06	1.35503682940907E-07	101505.546875	-2.04210664378479E-06
66	143.444353637838	0.12237548828125		1.16546630859375E-06	2.2833251953125E-06	1.11785888671875E-06	1.42660070423517E-07	105027.4921875	-1.98408497453784E-06
67	143.494353637712	0.127410888671875		1.17095947265625E-06	2.21649169921875E-06	1.0455322265625E-06	1.49228711165961E-07	108835.03125	-1.92567449630587E-06
68	143.544353637585	0.1324462890625		1.1712646484375E-06	2.15576171875E-06	9.844970703125E-07	1.55201149709683E-07	113131.8359375	-1.86711883998214E-06
69	143.594353637459	0.137481689453125		1.16851806640625E-06	2.1014404296875E-06	9.32922363281249E-07	1.60756812306317E-07	117733.09375	-1.80862423349026E-06
70	143.644353637333	0.14251708984375		1.16302490234375E-06	2.05230712890625E-06	8.892822265625E-07	1.65821901987329E-07	122592.5	-1.75033562754834E-06
71	143.694353637207	0.147552490234375		1.15509033203125E-06	2.00836181640625E-06	8.53271484375E-07	1.70436450730449E-07	127741.0859375	-1.69238273883821E-06
72	143.74435363708	0.152587890625		1.1468505859375E-06	1.9683837890625E-06	8.21533203124999E-07	1.7503050742107E-07	133076.109375	-1.63483423420985E-06
73	143.794353636954	0.157623291015625		1.13616943359375E-06	1.9317626953125E-06	7.9559326171875E-07	1.7919077777151E-07	138812.78125	-1.57775878051325E-06
74	143.844353636828	0.16265869140625		1.1260986328125E-06	1.89849853515625E-06	7.7239990234375E-07	1.83204093673339E-07	144471.546875	-1.52120207985718E-06
75	143.894353636702	0.167694091796875		1.1151123046875E-06	1.8682861328125E-06	7.53173828124999E-07	1.87065793966212E-07	150437.890625	-1.46517174925975E-06
76	143.944353636575	0.1727294921875		1.103515625E-06	1.8402099609375E-06	7.366943359375E-07	1.90609696915089E-07	156526.546875	-1.40970610118529E-06
77	143.994353636449	0.177764892578125		1.0919189453125E-06	1.81427001953125E-06	7.22351074218749E-07	1.94171491330053E-07	162856.359375	-1.35482025598321E-06
78	144.044353636323	0.18280029296875		1.0809326171875E-06	1.79046630859375E-06	7.0953369140625E-07	1.97627784359611E-07	169141.71875	-1.30049897961726E-06
79	144.094353636197	0.187835693359375		1.06903076171875E-06	1.76849365234375E-06	6.99462890624999E-07	2.00867376065617E-07	175763.625	-1.24674988910556E-06
80	144.14435363607	0.19287109375		1.058349609375E-06	1.748046875E-06	6.89697265625E-07	2.04157331040733E-07	182266.453125	-1.19356536742998E-06
81	144.194353635944	0.197906494140625		1.04736328125E-06	1.728515625E-06	6.81152343750001E-07	2.07311956046397E-07	188986.015625	-1.14092256353615E-06
82	144.244353635818	0.20294189453125		1.03729248046875E-06	1.7108154296875E-06	6.73522949218749E-07	2.10541756473503E-07	195675.203125	-1.08880612970097E-06
83	144.294353635692	0.207977294921875		1.0272216796875E-06	1.69403076171875E-06	6.6680908203125E-07	2.13638770674152E-07	202465.84375	-1.0371933285569E-06
84	144.344353635566	0.2130126953125		1.01806640625E-06	1.67877197265625E-06	6.6070556640625E-07	2.16798937913154E-07	209172.65625	-9.86061081675871E-07
85	144.394353635439	0.218048095703125		1.0076904296875E-06	1.663818359375E-06	6.561279296875E-07	2.19755733610327E-07	216414.28125	-9.35417176606279E-07
86	144.444353635313	0.22308349609375		9.991455078125E-07	1.65008544921875E-06	6.50939941406249E-07	2.22892879264691E-07	223274.28125	-8.85246265625028E-07
87	144.494353635187	0.228118896484375		9.91210937500001E-07	1.6375732421875E-06	6.46362304687499E-07	2.26174421413816E-07	230203.21875	-8.3548735574368E-07
88	144.544353635061	0.233154296875		9.8236083984375E-07	1.6259765625E-06	6.4361572265625E-07	2.29041646093719E-07	237340.796875	-7.86148063980363E-07
89	144.594353634934	0.238189697265625		9.74426269531251E-07	1.6143798828125E-06	6.39953613281249E-07	2.3215777389396E-07	244503.609375	-7.37228390335076E-07
90	144.644353634808	0.24322509765625		9.66796875000001E-07	1.6033935546875E-06	6.365966796875E-07	2.3520826175627E-07	251641.421875	-6.88697809891892E-07
91	144.694353634682	0.248260498046875		9.5977783203125E-07	1.593017578125E-06	6.3323974609375E-07	2.38304210142815E-07	258696.34375	-6.40533414753008E-07
92	144.744353634556	0.2532958984375		9.5245361328125E-07	1.5838623046875E-06	6.3140869140625E-07	2.41339790818529E-07	266036.53125	-5.92727644743718E-07
93	144.794353634429	0.258331298828125		9.4512939453125E-07	1.57470703125E-06	6.2957763671875E-07	2.4415649590992E-07	273329.03125	-5.45288060038729E-07
94	144.844353634303	0.26336669921875		9.3841552734375E-07	1.56707763671875E-06	6.28662109375E-07	2.47118748575303E-07	280617.90625	-4.98199426601786E-07
95	144.894353634177	0.268402099609375		9.320068359375E-07	1.558837890625E-06	6.268310546875E-07	2.50124145395603E-07	287950.25	-4.51438893378509E-07
96	144.944353634051	0.2734375		9.2498779296875E-07	1.5521240234375E-06	6.2713623046875E-07	2.52954578172648E-07	295645	-4.05014020543604E-07
97	144.994353633924	0.278472900390625		9.197998046875E-07	1.54510498046875E-06	6.2530517578125E-07	2.56139315979453E-07	302753.8125	-3.58894340024563E-07
98	145.044353633798	0.28350830078125		9.136962890625E-07	1.539306640625E-06	6.256103515625E-07	2.5901260869432E-07	310253.84375	-3.13056943923584E-07
99	145.094353633672	0.288543701171875		9.0789794921875E-07	1.53350830078125E-06	6.256103515625E-07	2.61940527934712E-07	317781.53125	-2.67517066276923E-07
100	145.144353633546	0.2935791015625		9.02404785156249E-07	1.52801513671875E-06	6.256103515625E-07	2.64954707063225E-07	325363.5625	-2.22259515680889E-07
101	145.194353633419	0.298614501953125		8.97216796875E-07	1.52313232421875E-06	6.2591552734375E-07	2.67894563421578E-07	332789.125	-1.77268972834099E-07
102	145.244353633293	0.30364990234375		8.92028808593751E-07	1.5185546875E-06	6.26525878906249E-07	2.70864461526799E-07	340403.71875	-1.32537834929281E-07
103	145.294353633167	0.308685302734375		8.868408203125E-07	1.51458740234375E-06	6.27746582031251E-07	2.7370057864573E-07	348004.15625	-8.80660948610057E-08
104	145.344353633041	0.313720703125		8.819580078125E-07	1.51123046875E-06	6.292724609375E-07	2.76715383051851E-07	355743.9375	-4.38461285057201E-08
105	145.394353632915	0.318756103515625		8.76770019531251E-07	1.50726318359375E-06	6.304931640625E-07	2.79422266658003E-07	363487.65625	1.22070881181102E-10
106	145.444353632788	0.32379150390625		8.72192382812501E-07	1.5045166015625E-06	6.3232421875E-07	2.82461712686199E-07	371308.625	4.38461285057201E-08
107	145.494353632662	0.328826904296875		8.67309570312499E-07	1.50177001953125E-06	6.3446044921875E-07	2.85247665487987E-07	379204.78125	8.73336745144115E-08
108	145.544353632536	0.3338623046875		8.62731933593749E-07	1.4996337890625E-06	6.36901855468751E-07	2.88059993636125E-07	387018.0625	1.30584709268078E-07
109	145.59435363241	0.338897705078125		8.58459472656251E-07	1.49810791015625E-06	6.396484375E-07	2.90929932589279E-07	394774.28125	1.73614495224683E-07
110	145.644353632283	0.34393310546875		8.5418701171875E-07	1.49688720703125E-06	6.427001953125E-07	2.93783187998997E-07	402643.8125	2.16430649402355E-07
111	145.694353632157	0.348968505859375		8.4991455078125E-07	1.49566650390625E-06	6.45751953125E-07	2.96593412940638E-07	410592.46875	2.59033186011948E-07
112	145.744353632031	0.35400390625		8.45947265625E-07	1.49566650390625E-06	6.4971923828125E-07	2.99468609910036E-07	418470.4375	3.01429736282444E-07
113	145.794353631905	0.359039306640625		8.4197998046875E-07	1.4947509765625E-06	6.5277099609375E-07	3.0232959602472E-07	426458.875	3.43627931442825E-07
114	145.844353631778	0.36407470703125		8.3770751953125E-07	1.4947509765625E-06	6.57043457031251E-07	3.04988105881421E-07	434608.40625	3.85620097631545E-07
115	145.894353631652	0.369110107421875		8.33740234374999E-07	1.49505615234375E-06	6.61315917968751E-07	3.07792817011432E-07	442789.1875	4.27406291692023E-07
116	145.944353631526	0.3741455078125		8.3038330078125E-07	1.49505615234375E-06	6.64672851562501E-07	3.10684157511787E-07	450569.65625	4.6900939310035E-07
117	145.9943536314	0.379180908203125		8.2672119140625E-07	1.49566650390625E-06	6.68945312499999E-07	3.13502113158393E-07	458693.25	5.10437018874654E-07
118	146.044353631273	0.38421630859375		8.23059082031249E-07	1.49658203125E-06	6.73522949218751E-07	3.16257825261346E-07	466852.0625	5.51681523575098E-07
119	146.094353631147	0.389251708984375		8.1939697265625E-07	1.49810791015625E-06	6.787109375E-07	3.1892665219857E-07	475009.3125	5.92742878779973E-07
120	146.144353631021	0.394287109375		8.16650390625E-07	1.49871826171875E-06	6.8206787109375E-07	3.22019644727334E-07	482847.5625	6.33644106073916E-07
121	146.194353630895	0.399322509765625		8.135986328125E-07	1.49993896484375E-06	6.8634033203125E-07	3.24913060012477E-07	490847.71875	6.74400325806346E-07
122	146.244353630769	0.40435791015625		8.10546875E-07	1.50146484375E-06	6.9091796875E-07	3.27775779851436E-07	498908.15625	7.15003920959134E-07
123	146.294353630642	0.409393310546875		8.08105468750001E-07	1.5032958984375E-06	6.95190429687499E-07	3.30832961026317E-07	506608.78125	7.55470239255374E-07
124	146.344353630516	0.4144287109375		8.0535888671875E-07	1.50543212890625E-06	7.000732421875E-07	3.33813005681804E-07	514664.65625	7.95806840869773E-07
125	146.39435363039	0.419464111328125		8.03222656249999E-07	1.50787353515625E-06	7.0465087890625E-07	3.36947579171465E-07	522264.4375	8.36021399663878E-07
126	146.444353630264	0.42449951171875		8.00170898437499E-07	1.510009765625E-06	7.09838867187501E-07	3.39647726832482E-07	530472.9375	8.76106241776142E-07
127	146.494353630137	0.429534912109375		7.97424316406251E-07	1.51275634765625E-06	7.15332031249999E-07	3.42497258998264E-07	538614.625	9.16046133170312E-07
128	146.544353630011	0.4345703125		7.9498291015625E-07	1.5155029296875E-06	7.2052001953125E-07	3.45475967833409E-07	546641.0625	9.55856307882641E-07
129	146.594353629885	0.439605712890625		7.92541503906249E-07	1.51947021484375E-06	7.26928710937501E-07	3.48429949781348E-07	554717	9.95544382931257E-07
130	146.644353629759	0.44464111328125		7.89794921875001E-07	1.5234375E-06	7.33642578124999E-07	3.51175287960359E-07	562983	1.03510285498487E-06
131	146.694353629632	0.449676513671875		7.87353515625E-07	1.52740478515625E-06	7.4005126953125E-07	3.54030333937772E-07	571085.3125	1.07453149666981E-06
132	146.744353629506	0.4547119140625		7.843017578125E-07	1.5325927734375E-06	7.48291015625E-07	3.56631346676295E-07	579766.5625	1.11382291834161E-06
133	146.79435362938	0.459747314453125		7.82165527343751E-07	1.53839111328125E-06	7.56225585937499E-07	3.59622362111622E-07	587826.8125	1.15298462333158E-06
134	146.844353629254	0.46478271484375		7.79113769531251E-07	1.5447998046875E-06	7.65686035156249E-07	3.62142372978269E-07	596592.25	1.1920166116397E-06
135	146.894353629127	0.469818115234375		7.76062011718751E-07	1.5509033203125E-06	7.74841308593749E-07	3.64607984693066E-07	605387.375	1.23089591852477E-06
136	146.944353629001	0.474853515625		7.73010253906251E-07	1.55853271484375E-06	7.85522460937499E-07	3.67066633089053E-07	614291.375	1.26962277136045E-06
137	146.994353628875	0.479888916015625		7.69958496093751E-07	1.56646728515625E-06	7.965087890625E-07	3.69471052863446E-07	623226.3125	1.30819694277307E-06
138	147.044353628749	0.48492431640625		7.659912109375E-07	1.57623291015625E-06	8.1024169921875E-07	3.71424391687469E-07	633027.875	1.34659569539508E-06
139	147.094353628622	0.489959716796875		7.62023925781249E-07	1.58599853515625E-06	8.23974609375E-07	3.73337741166324E-07	642931.5625	1.38479606448527E-06
140	147.144353628496	0.4949951171875		7.5836181640625E-07	1.597900390625E-06	8.3953857421875E-07	3.75385383222238E-07	652716.3125	1.4228057807486E-06
141	147.19435362837	0.500030517578125		7.54394531249999E-07	1.611328125E-06	8.56933593750001E-07	3.77220288783064E-07	662823.625	1.4606246168114E-06
142	147.244353628244	0.50506591796875		7.4981689453125E-07	1.62628173828125E-06	8.76464843750001E-07	3.78661184186058E-07	673504.3125	1.49822994899296E-06
143	147.294353628118	0.510101318359375		7.4462890625E-07	1.64337158203125E-06	8.9874267578125E-07	3.7983616607562E-07	685041	1.53559108184709E-06
144	147.344353627991	0.51513671875		7.38525390625E-07	1.6632080078125E-06	9.246826171875E-07	3.80419010070909E-07	697479.3125	1.57266993028315E-06
145	147.394353627865	0.520172119140625		7.32421875E-07	1.68609619140625E-06	9.5367431640625E-07	3.80985454739857E-07	710208.3125	1.60944364324678E-06
146	147.444353627739	0.52520751953125		7.24182128906251E-07	1.712646484375E-06	9.88464355468749E-07	3.80323768922608E-07	725200.1875	1.64585867423739E-06
147	147.494353627613	0.530242919921875		7.1533203125E-07	1.7437744140625E-06	1.0284423828125E-06	3.79277906858988E-07	741211.625	1.68184658377868E-06
148	147.544353627486	0.5352783203125		7.0526123046875E-07	1.7803955078125E-06	1.07513427734375E-06	3.77489499214789E-07	758935.5625	1.71736144238821E-06
149	147.59435362736	0.540313720703125		6.927490234375E-07	1.82403564453125E-06	1.13128662109375E-06	3.74280631376678E-07	779911.9375	1.75231161847478E-06
150	147.644353627234	0.54534912109375		6.78100585937499E-07	1.87530517578125E-06	1.19720458984375E-06	3.69801540500703E-07	804230.4375	1.78658285676647E-06
151	147.694353627108	0.550384521484375		6.6070556640625E-07	1.93572998046875E-06	1.2750244140625E-06	3.63642101319783E-07	833025.4375	1.82005305759958E-06
152	147.744353626981	0.555419921875		6.3934326171875E-07	2.0074462890625E-06	1.36810302734375E-06	3.55103964011505E-07	868735.125	1.85255430551479E-06
153	147.794353626855	0.560455322265625		6.12792968750001E-07	2.09197998046875E-06	1.47918701171875E-06	3.43424375159884E-07	914541.8125	1.88385763522092E-06
154	147.844353626729	0.56549072265625		5.80749511718751E-07	2.191162109375E-06	1.61041259765625E-06	3.28408447103357E-07	973725.75	1.91369622370985E-06
155	147.894353626603	0.570526123046875		5.413818359375E-07	2.30712890625E-06	1.7657470703125E-06	3.08872472487565E-07	1053833.125	1.94174958778603E-06
156	147.944353626476	0.5755615234375		4.94384765625E-07	2.43988037109375E-06	1.94549560546875E-06	2.84548860918221E-07	1164197.5	1.96764358406654E-06
157	147.99435362635	0.580596923828125		4.40673828125E-07	2.59246826171875E-06	2.15179443359375E-06	2.55867320220204E-07	1317590	1.99102009901253E-06
158	148.044353626224	0.58563232421875		3.8299560546875E-07	2.76458740234375E-06	2.381591796875E-06	2.24294609552089E-07	1529083.625	2.01161196855537E-06
159	148.094353626098	0.590667724609375		3.2196044921875E-07	2.95562744140625E-06	2.6336669921875E-06	1.90181467019102E-07	1834692	2.02923570213898E-06
160	148.144353625971	0.595703125		2.56958007812499E-07	3.1671142578125E-06	2.91015625E-06	1.53078531184292E-07	2318408.5	2.04370871870196E-06
161	148.194353625845	0.600738525390625		1.87072753906251E-07	3.399658203125E-06	3.21258544921875E-06	1.12381805195128E-07	3211256.25	2.05480955628445E-06
162	148.244353625719	0.60577392578125		1.12304687500001E-07	3.651123046875E-06	3.538818359375E-06	6.80278233744502E-08	5393750	2.06229401555902E-06
163	148.294353625593	0.610809326171875		3.26538085937494E-08	3.9215087890625E-06	3.88885498046875E-06	1.99442542481165E-08	18704672	2.06591789719823E-06
164	148.344353625467	0.6158447265625		-5.09643554687494E-08	4.20867919921875E-06	4.2596435546875E-06	-3.13861292511319E-08	-12083833	2.06546019398957E-06
165	148.39435362534	0.620880126953125		-1.3702392578125E-07	4.50439453125E-06	4.64141845703125E-06	-8.50712424949052E-08	-4530958	2.06076038011815E-06
166	148.444353625214	0.62591552734375		-2.2308349609375E-07	4.8065185546875E-06	5.02960205078125E-06	-1.39604182436415E-07	-2805198.5	2.05175774681265E-06
167	148.494353625088	0.630950927734375		-3.03039550781251E-07	5.108642578125E-06	5.41168212890625E-06	-1.91184582831738E-07	-2081873.125	2.03860463443561E-06
168	148.544353624962	0.635986328125		-3.75976562499999E-07	5.401611328125E-06	5.777587890625E-06	-2.39070061525126E-07	-1691233.75	2.02162937057437E-06
169	148.594353624835	0.641021728515625		-4.3609619140625E-07	5.6793212890625E-06	6.11541748046875E-06	-2.79520492085794E-07	-1469769.125	2.00132740246772E-06
170	148.644353624709	0.64605712890625		-4.78515625000001E-07	5.9326171875E-06	6.4111328125E-06	-3.09090012251545E-07	-1349872.375	1.9784622509178E-06
171	148.694353624583	0.651092529296875		-5.0048828125E-07	6.1553955078125E-06	6.6558837890625E-06	-3.25787823385326E-07	-1300609.75	1.95398706637206E-06
172	148.744353624457	0.6561279296875		-4.98046875E-07	6.341552734375E-06	6.839599609375E-06	-3.26706469877536E-07	-1317095.625	1.92902371054515E-06
173	148.79435362433	0.661163330078125		-4.69055175781249E-07	6.4849853515625E-06	6.95404052734375E-06	-3.10036170958483E-07	-1409173.75	1.90484615814057E-06
174	148.844353624204	0.66619873046875		-4.09851074218751E-07	6.57958984375E-06	6.98944091796875E-06	-2.72979718829447E-07	-1625093.125	1.88287344826676E-06
175	148.894353624078	0.671234130859375		-3.2379150390625E-07	6.622314453125E-06	6.94610595703125E-06	-2.17290491377753E-07	-2072573.125	1.86453246442397E-06
176	148.944353623952	0.67626953125		-2.1087646484375E-07	6.6192626953125E-06	6.83013916015625E-06	-1.42590025120626E-07	-3206512.25	1.85116573447885E-06
177	148.994353623825	0.681304931640625		-7.44628906250003E-08	6.5673828125E-06	6.641845703125E-06	-5.0722842814821E-08	-9147951	1.84403222647234E-06
178	149.044353623699	0.68634033203125		8.23974609375E-08	6.4727783203125E-06	6.390380859375E-06	5.6545154336618E-08	8328519	1.84423061000416E-06
179	149.094353623573	0.691375732421875		2.55737304687501E-07	6.3446044921875E-06	6.0888671875E-06	1.76779337834887E-07	2702983.5	1.85268402219663E-06
180	149.144353623447	0.6964111328125		4.38537597656249E-07	6.1920166015625E-06	5.75347900390625E-06	3.05362306107781E-07	1587821.875	1.87004081908526E-06
181	149.19435362332	0.701446533203125		6.2591552734375E-07	6.0150146484375E-06	5.38909912109375E-06	4.38969863125749E-07	1120477.875	1.89665217931179E-06
182	149.244353623194	0.70648193359375		8.11157226562501E-07	5.828857421875E-06	5.0177001953125E-06	5.72968872347701E-07	870805.1875	1.93257892533438E-06
183	149.294353623068	0.711517333984375		9.9212646484375E-07	5.645751953125E-06	4.65362548828125E-06	7.05794036548468E-07	717040.9375	1.97766098608554E-06
184	149.344353622942	0.716552734375		1.1627197265625E-06	5.4656982421875E-06	4.302978515625E-06	8.33008073186647E-07	616168	2.03153217626095E-06
185	149.394353622816	0.721588134765625		1.319580078125E-06	5.2978515625E-06	3.978271484375E-06	9.51991978581646E-07	546716	2.09358972824703E-06
186	149.444353622689	0.72662353515625		1.45782470703125E-06	5.1422119140625E-06	3.68438720703125E-06	1.05906724456872E-06	498325.34375	2.1630248738802E-06
187	149.494353622563	0.731658935546875		1.57806396484375E-06	5.0048828125E-06	3.42681884765625E-06	1.15436375835998E-06	463546.71875	2.23892197936948E-06
188	149.544353622437	0.7366943359375		1.67724609375E-06	4.888916015625E-06	3.211669921875E-06	1.23536176488415E-06	439137.5625	2.3203047021525E-06
189	149.594353622311	0.741729736328125		1.756591796875E-06	4.791259765625E-06	3.03466796875E-06	1.30264822928439E-06	422168.1875	2.40615077018447E-06
190	149.644353622184	0.74676513671875		1.81671142578125E-06	4.718017578125E-06	2.90130615234375E-06	1.35637947096257E-06	410969.28125	2.49548338615568E-06
191	149.694353622058	0.751800537109375		1.85943603515625E-06	4.669189453125E-06	2.80975341796875E-06	1.39764119921892E-06	404234.375	2.58738691627514E-06
192	149.744353621932	0.7568359375		1.88018798828125E-06	4.6417236328125E-06	2.76153564453125E-06	1.42356759624818E-06	402694.375	2.68087751464918E-06
193	149.794353621806	0.761871337890625		1.88720703125E-06	4.638671875E-06	2.75146484375E-06	1.43809688779584E-06	403783.96875	2.77506251222803E-06
194	149.844353621679	0.76690673828125		1.8798828125E-06	4.656982421875E-06	2.777099609375E-06	1.44169473514921E-06	407954.5625	2.86923977910192E-06
195	149.894353621553	0.771942138671875		1.85943603515625E-06	4.6966552734375E-06	2.83721923828125E-06	1.43622821724421E-06	415394.71875	2.962722646771E-06
196	149.944353621427	0.7769775390625		1.82769775390625E-06	4.7576904296875E-06	2.92999267578125E-06	1.42063788644009E-06	425279.6875	3.05490107166406E-06
197	149.994353621301	0.782012939453125		1.78741455078125E-06	4.8309326171875E-06	3.04351806640625E-06	1.39805399612669E-06	437596.0625	3.14527892442129E-06
198	150.044353621174	0.78704833984375		1.7401123046875E-06	4.91943359375E-06	3.1793212890625E-06	1.36955247853621E-06	452297.46875	3.23346694131033E-06
199	150.094353621048	0.792083740234375		1.6876220703125E-06	5.01708984375E-06	3.3294677734375E-06	1.33699541038368E-06	469439.4375	3.31916044160607E-06
200	150.144353620922	0.797119140625		1.63330078125E-06	5.120849609375E-06	3.487548828125E-06	1.30243370222161E-06	488228.71875	3.40218343808374E-06
201	150.194353620796	0.802154541015625		1.57958984375E-06	5.2215576171875E-06	3.6419677734375E-06	1.26731617910991E-06	507921.1875	3.48250569004449E-06
202	150.244353620669	0.80718994140625		1.53045654296875E-06	5.322265625E-06	3.79180908203125E-06	1.2349020153124E-06	527218.375	3.56025680048333E-06
203	150.294353620543	0.812225341796875		1.488037109375E-06	5.4107666015625E-06	3.9227294921875E-06	1.20884851639858E-06	545939.3125	3.63571916750516E-06
204	150.344353620417	0.8172607421875		1.4569091796875E-06	5.487060546875E-06	4.0301513671875E-06	1.19111928142956E-06	561164.6875	3.70934276361368E-06
205	150.394353620291	0.822296142578125		1.4385986328125E-06	5.5450439453125E-06	4.1064453125E-06	1.18361265322164E-06	571913.4375	3.78173058379616E-06
206	150.444353620165	0.82733154296875		1.434326171875E-06	5.584716796875E-06	4.150390625E-06	1.18666321213823E-06	576808.5	3.85355360776884E-06
207	150.494353620038	0.832366943359375		1.44622802734375E-06	5.60302734375E-06	4.15679931640625E-06	1.2044544064338E-06	575859.875	3.92556739825523E-06
208	150.544353619912	0.83740234375		1.47369384765625E-06	5.5999755859375E-06	4.12628173828125E-06	1.23497409276752E-06	568647.75	3.99856571675627E-06
209	150.594353619786	0.842437744140625		1.51641845703125E-06	5.57861328125E-06	4.06219482421875E-06	1.27771943425614E-06	555645.0625	4.07331845053704E-06
210	150.64435361966	0.84747314453125		1.572265625E-06	5.535888671875E-06	3.963623046875E-06	1.33245282540884E-06	539014	4.15053546021227E-06
211	150.694353619533	0.852508544921875		1.63909912109375E-06	5.4840087890625E-06	3.84490966796875E-06	1.39809628763032E-06	520387.28125	4.23081974076922E-06
212	150.744353619407	0.8575439453125		1.71539306640625E-06	5.4168701171875E-06	3.70147705078125E-06	1.47154844398756E-06	500088.9375	4.31468197348295E-06
213	150.794353619281	0.862579345703125		1.7974853515625E-06	5.3466796875E-06	3.5491943359375E-06	1.55074792473897E-06	479966.0625	4.40250369138084E-06
214	150.844353619155	0.86761474609375		1.87896728515625E-06	5.2734375E-06	3.39447021484375E-06	1.6296463627441E-06	461588.4375	4.49441495220526E-06
215	150.894353619028	0.872650146484375		1.9586181640625E-06	5.2032470703125E-06	3.24462890625E-06	1.70948737832077E-06	445621.6875	4.59035481981118E-06
216	150.944353618902	0.877685546875		2.03369140625E-06	5.1422119140625E-06	3.1085205078125E-06	1.78494144620345E-06	431572.65625	4.69016231363639E-06
217	150.994353618776	0.882720947265625		2.09930419921875E-06	5.0933837890625E-06	2.99407958984375E-06	1.85342003078404E-06	420555.34375	4.79348727822071E-06
218	151.04435361865	0.88775634765625		2.15484619140625E-06	5.0628662109375E-06	2.90802001953125E-06	1.91363596968586E-06	412122.90625	4.89984131490928E-06
219	151.094353618523	0.892791748046875		2.19635009765625E-06	5.047607421875E-06	2.85125732421875E-06	1.96054816115065E-06	406419.34375	5.00862097396748E-06
220	151.144353618397	0.8978271484375		2.22442626953125E-06	5.0567626953125E-06	2.83233642578125E-06	1.99647138288128E-06	403484.71875	5.11914049639017E-06
221	151.194353618271	0.902862548828125		2.23785400390625E-06	5.09033203125E-06	2.85247802734375E-06	2.02081605493731E-06	403518.34375	5.23069729752024E-06
222	151.244353618145	0.90789794921875		2.2357177734375E-06	5.1544189453125E-06	2.918701171875E-06	2.02980368158023E-06	406087.90625	5.34253695150255E-06
223	151.294353618018	0.912933349609375		2.2174072265625E-06	5.2459716796875E-06	3.028564453125E-06	2.02468322640925E-06	411780.90625	5.45386501471512E-06
224	151.344353617892	0.91796875		2.1832275390625E-06	5.3680419921875E-06	3.184814453125E-06	2.00480076273379E-06	420603.875	5.56388067707303E-06
225	151.394353617766	0.923004150390625		2.1337890625E-06	5.5206298828125E-06	3.3868408203125E-06	1.97112399291655E-06	432923.375	5.67180632060627E-06
226	151.44435361764	0.92803955078125		2.06817626953125E-06	5.706787109375E-06	3.63861083984375E-06	1.91934918802872E-06	448723.65625	5.77685523239779E-06
227	151.494353617514	0.933074951171875		1.988525390625E-06	5.92041015625E-06	3.931884765625E-06	1.85574663191801E-06	469306.34375	5.87827298659249E-06
228	151.544353617387	0.9381103515625		1.89697265625E-06	6.158447265625E-06	4.261474609375E-06	1.7795697431211E-06	494530.25	5.9754102039733E-06
229	151.594353617261	0.943145751953125		1.79412841796875E-06	6.4178466796875E-06	4.62371826171875E-06	1.69185079812451E-06	525599.625	6.06768799116253E-06
230	151.644353617135	0.94818115234375		1.68609619140625E-06	6.695556640625E-06	5.00946044921875E-06	1.59923922637972E-06	562533.9375	6.15469343756558E-06
231	151.694353617009	0.953216552734375		1.57684326171875E-06	6.982421875E-06	5.40557861328125E-06	1.50331368331535E-06	604606.125	6.2362669268623E-06
232	151.744353616882	0.958251953125		1.47369384765625E-06	7.269287109375E-06	5.79559326171875E-06	1.41306941259245E-06	650652.3125	6.31253033134271E-06
233	151.794353616756	0.963287353515625		1.38031005859375E-06	7.5531005859375E-06	6.17279052734375E-06	1.32900333937869E-06	697545.9375	6.38388064544415E-06
234	151.84435361663	0.96832275390625		1.30035400390625E-06	7.8277587890625E-06	6.52740478515625E-06	1.25955909879849E-06	744895.625	6.45089721729164E-06
235	151.894353616504	0.973358154296875		1.23870849609375E-06	8.0780029296875E-06	6.83929443359375E-06	1.20551794680068E-06	785661.5	6.51437358101248E-06
236	151.944353616377	0.9783935546875		1.199951171875E-06	8.30078125E-06	7.100830078125E-06	1.17439071800618E-06	815615.5	6.57534019410377E-06
237	151.994353616251	0.983428955078125		1.18560791015625E-06	8.4869384765625E-06	7.30133056640625E-06	1.16578019060398E-06	829343.6875	6.63497894493048E-06
238	152.044353616125	0.98846435546875		1.19781494140625E-06	8.6334228515625E-06	7.43560791015625E-06	1.18399725579366E-06	825223	6.69456449031713E-06
239	152.094353615999	0.993499755859375		1.240234375E-06	8.72802734375E-06	7.48779296875E-06	1.23236179661035E-06	801181.125	6.75551609674585E-06
240	152.144353615872	0.99853515625		1.31256103515625E-06	8.7738037109375E-06	7.46124267578125E-06	1.31103888634243E-06	760985.8125	6.81933579471661E-06
241	152.194353615746	1.00357055664063		1.4141845703125E-06	8.7677001953125E-06	7.353515625E-06	1.41944974529906E-06	709754	6.88750424160389E-06
242	152.24435361562	1.00860595703125		1.54144287109375E-06	8.7066650390625E-06	7.16522216796875E-06	1.55517886923917E-06	654523.875	6.96139522915473E-06
243	152.294353615494	1.01364135742188		1.69281005859375E-06	8.5968017578125E-06	6.90399169921875E-06	1.7146106756627E-06	598341.5	7.0422515818791E-06
244	152.344353615367	1.0186767578125		1.866455078125E-06	8.441162109375E-06	6.57470703125E-06	1.9018839338969E-06	545945.0625	7.13123290552176E-06
245	152.394353615241	1.02371215820313		2.0538330078125E-06	8.2489013671875E-06	6.195068359375E-06	2.1022203782195E-06	498365.53125	7.22924005458481E-06
246	152.444353615115	1.02874755859375		2.2503662109375E-06	8.0291748046875E-06	5.77880859375E-06	2.31368517233932E-06	456875.53125	7.33684510123567E-06
247	152.494353614989	1.03378295898438		2.45025634765625E-06	7.7911376953125E-06	5.34088134765625E-06	2.53340704148286E-06	421970.375	7.45436091165175E-06
248	152.544353614863	1.038818359375		2.6507568359375E-06	7.5408935546875E-06	4.89013671875E-06	2.75284605777415E-06	391779.875	7.58188616600819E-06
249	152.594353614736	1.04385375976563		2.84393310546875E-06	7.28759765625E-06	4.44366455078125E-06	2.96908410746255E-06	367099.46875	7.71925351727987E-06
250	152.64435361461	1.04888916015625		3.02520751953125E-06	7.0404052734375E-06	4.01519775390625E-06	3.17310718855879E-06	346716.4375	7.86598229751689E-06
251	152.694353614484	1.05392456054688		3.193359375E-06	6.8023681640625E-06	3.6090087890625E-06	3.36507264364627E-06	329988.53125	8.02144586486975E-06
252	152.744353614358	1.0589599609375		3.34503173828125E-06	6.573486328125E-06	3.22845458984375E-06	3.54123380930105E-06	316485.71875	8.18490570964059E-06
253	152.794353614231	1.06399536132813		3.47625732421875E-06	6.35986328125E-06	2.88360595703125E-06	3.70031284546712E-06	306206.65625	8.35543778521242E-06
254	152.844353614105	1.06903076171875		3.5882568359375E-06	6.1614990234375E-06	2.5732421875E-06	3.83595670427894E-06	297924.8125	8.5320507423603E-06
255	152.894353613979	1.07406616210938		3.68133544921875E-06	5.9814453125E-06	2.30010986328125E-06	3.95455936086364E-06	291801.375	8.71379052114207E-06
256	152.944353613853	1.0791015625		3.7567138671875E-06	5.8135986328125E-06	2.056884765625E-06	4.05502214562148E-06	287327.375	8.89974216988776E-06
257	152.994353613726	1.08413696289063		3.814697265625E-06	5.6640625E-06	1.849365234375E-06	4.13623638451099E-06	284240	9.08902711671544E-06
258	153.0443536136	1.08917236328125		3.8580322265625E-06	5.5267333984375E-06	1.668701171875E-06	4.20323931393796E-06	282392.03125	9.28084500628756E-06
259	153.094353613474	1.09420776367188		3.887939453125E-06	5.4046630859375E-06	1.5167236328125E-06	4.25362031819532E-06	281397.1875	9.47449461818906E-06
260	153.144353613348	1.0992431640625		3.907470703125E-06	5.291748046875E-06	1.38427734375E-06	4.29526062362129E-06	281318.34375	9.66938023339026E-06
261	153.194353613221	1.10427856445313		3.9178466796875E-06	5.1910400390625E-06	1.273193359375E-06	4.32699198427144E-06	281897.5	9.86501254374161E-06
262	153.244353613095	1.10931396484375		3.9202880859375E-06	5.1025390625E-06	1.1822509765625E-06	4.34763342127553E-06	282889.625	1.00609659057227E-05
263	153.294353612969	1.11434936523438		3.91693115234375E-06	5.0201416015625E-06	1.10321044921875E-06	4.3666223064065E-06	284612.40625	1.02568965303362E-05
264	153.344353612843	1.119384765625		3.90869140625E-06	4.9468994140625E-06	1.0382080078125E-06	4.3765221562353E-06	286461.59375	1.04525370261399E-05
265	153.394353612716	1.12442016601563		3.89678955078125E-06	4.8797607421875E-06	9.82971191406251E-07	4.38103415945079E-06	288511.21875	1.06476745713735E-05
266	153.44435361259	1.12945556640625		3.8818359375E-06	4.8187255859375E-06	9.368896484375E-07	4.38199185737176E-06	290801.90625	1.08421400000225E-05
267	153.494353612464	1.13449096679688		3.86474609375E-06	4.76409912109375E-06	8.99353027343752E-07	4.38392953583389E-06	293509.1875	1.10358041638392E-05
268	153.544353612338	1.1395263671875		3.84613037109375E-06	4.71405029296875E-06	8.67919921874999E-07	4.38394044977031E-06	296358	1.12285761133535E-05
269	153.594353612212	1.14456176757813		3.8275146484375E-06	4.66888427734375E-06	8.41369628906249E-07	4.38024289906025E-06	298995.375	1.14204176497879E-05
270	153.644353612085	1.14959716796875		3.80706787109375E-06	4.6270751953125E-06	8.20007324218749E-07	4.3777563405456E-06	302044.09375	1.16112823889125E-05
271	153.694353611959	1.15463256835938		3.78692626953125E-06	4.58831787109375E-06	8.01391601562501E-07	4.37193011748604E-06	304859.40625	1.180113213195E-05
272	153.744353611833	1.15966796875		3.76617431640625E-06	4.55352783203125E-06	7.87353515625E-07	4.36636219092179E-06	307835.6875	1.19899596029427E-05
273	153.794353611707	1.16470336914063		3.746337890625E-06	4.521484375E-06	7.75146484375E-07	4.36394384450978E-06	310931.90625	1.21777720778482E-05
274	153.84435361158	1.16973876953125		3.7255859375E-06	4.490966796875E-06	7.65380859375001E-07	4.356825229479E-06	313892.53125	1.23645704661612E-05
275	153.894353611454	1.17477416992188		3.7066650390625E-06	4.4635009765625E-06	7.56835937500001E-07	4.35619085692451E-06	317059.125	1.25503765957546E-05
276	153.944353611328	1.1798095703125		3.687744140625E-06	4.43756103515625E-06	7.49816894531252E-07	4.35083575212047E-06	319927.1875	1.27352368508582E-05
277	153.994353611202	1.18484497070313		3.66851806640625E-06	4.4140625E-06	7.45544433593748E-07	4.34718504038756E-06	323018.0625	1.29191430460196E-05
278	154.044353611075	1.18988037109375		3.65081787109375E-06	4.39208984375E-06	7.41271972656249E-07	4.34403636973002E-06	325921.59375	1.31021270135534E-05
279	154.094353610949	1.19491577148438		3.63311767578125E-06	4.37164306640625E-06	7.38525390625E-07	4.34182402386796E-06	328937.4375	1.32842251332477E-05
280	154.144353610823	1.199951171875		3.61663818359375E-06	4.3524169921875E-06	7.35778808593749E-07	4.33868535765214E-06	331701.96875	1.3465469237417E-05
281	154.194353610697	1.20498657226563		3.60015869140625E-06	4.334716796875E-06	7.34558105468749E-07	4.3386921788624E-06	334746.125	1.36458893393865E-05
282	154.24435361057	1.21002197265625		3.5845947265625E-06	4.31854248046875E-06	7.3394775390625E-07	4.33634431828978E-06	337476.59375	1.38255081765237E-05
283	154.294353610444	1.21505737304688		3.56964111328125E-06	4.30267333984375E-06	7.330322265625E-07	4.33568447988364E-06	340258.1875	1.40043639476062E-05
284	154.344353610318	1.2200927734375		3.55499267578125E-06	4.288330078125E-06	7.3333740234375E-07	4.33850573244854E-06	343291.28125	1.41824793900014E-05
285	154.394353610192	1.22512817382813		3.5418701171875E-06	4.27490234375E-06	7.330322265625E-07	4.33870445704088E-06	345855.59375	1.43599008879391E-05
286	154.444353610065	1.23016357421875		3.52783203125E-06	4.26239013671875E-06	7.34558105468749E-07	4.34088678957778E-06	348788.9375	1.45366439028294E-05
287	154.494353609939	1.23519897460938		3.51654052734375E-06	4.25018310546875E-06	7.33642578124998E-07	4.34201729149208E-06	351123.84375	1.47127529999125E-05
288	154.544353609813	1.240234375		3.50341796875E-06	4.239501953125E-06	7.36083984375E-07	4.34612866229145E-06	354094.09375	1.48882518260507E-05
289	154.594353609687	1.24526977539063		3.492431640625E-06	4.22943115234375E-06	7.3699951171875E-07	4.3506179281394E-06	356693.46875	1.50631485666963E-05
290	154.644353609561	1.25030517578125		3.4820556640625E-06	4.2205810546875E-06	7.38525390625E-07	4.35575748269912E-06	359246.28125	1.52375105244573E-05
291	154.694353609434	1.25534057617188		3.4722900390625E-06	4.2120361328125E-06	7.39746093749999E-07	4.35943638876779E-06	361574.96875	1.54113695316482E-05
292	154.744353609308	1.2603759765625		3.4625244140625E-06	4.2041015625E-06	7.415771484375E-07	4.3640825424518E-06	364004.9375	1.55847392306896E-05
293	154.794353609182	1.26541137695313		3.4539794921875E-06	4.19769287109375E-06	7.4371337890625E-07	4.37017797594308E-06	366319.15625	1.57576523633907E-05
294	154.844353609056	1.27044677734375		3.446044921875E-06	4.19189453125E-06	7.45849609375001E-07	4.37801645603031E-06	368668.09375	1.59301525854971E-05
295	154.894353608929	1.27548217773438		3.4381103515625E-06	4.1864013671875E-06	7.48291015625E-07	4.38682218373287E-06	371116.625	1.61022562679136E-05
296	154.944353608803	1.280517578125		3.4307861328125E-06	4.18243408203125E-06	7.5164794921875E-07	4.39318182543502E-06	373243.1875	1.62739779625554E-05
297	154.994353608677	1.28555297851563		3.424072265625E-06	4.1790771484375E-06	7.55004882812499E-07	4.40130361312185E-06	375401.0625	1.64453504112316E-05
298	155.044353608551	1.29058837890625		3.4185791015625E-06	4.17694091796875E-06	7.5836181640625E-07	4.41093516201363E-06	377432.59375	1.66164172696881E-05
299	155.094353608424	1.29562377929688		3.41278076171875E-06	4.17572021484375E-06	7.62939453125E-07	4.42220061813714E-06	379683.46875	1.67872003657976E-05
300	155.144353608298	1.3006591796875		3.4075927734375E-06	4.1754150390625E-06	7.67822265624999E-07	4.43211683887057E-06	381694.4375	1.69577106134966E-05
301	155.194353608172	1.30569458007813		3.40240478515625E-06	4.17510986328125E-06	7.72705078125002E-07	4.44302031610277E-06	383801.25	1.71279589267215E-05
302	155.244353608046	1.31072998046875		3.3984375E-06	4.1766357421875E-06	7.781982421875E-07	4.45443401986267E-06	385686.0625	1.72979816852603E-05
303	155.294353607919	1.31576538085938		3.39447021484375E-06	4.17938232421875E-06	7.84912109375E-07	4.46788044428104E-06	387755.09375	1.74678043549648E-05
304	155.344353607793	1.32080078125		3.39141845703125E-06	4.183349609375E-06	7.9193115234375E-07	4.47938828074257E-06	389453.78125	1.76374505826971E-05
305	155.394353607667	1.32583618164063		3.388671875E-06	4.18731689453125E-06	7.98645019531253E-07	4.49334083896247E-06	391300.4375	1.78069531102665E-05
306	155.444353607541	1.33087158203125		3.38592529296875E-06	4.19158935546875E-06	8.056640625E-07	4.50829838882782E-06	393240.1875	1.79763173946412E-05
307	155.494353607414	1.33590698242188		3.38409423828125E-06	4.1973876953125E-06	8.1329345703125E-07	4.52031827080646E-06	394715.5	1.8145568901673E-05
308	155.544353607288	1.3409423828125		3.38226318359375E-06	4.20379638671875E-06	8.21533203125E-07	4.53541997558204E-06	396463.0625	1.83147276402451E-05
309	155.594353607162	1.34597778320313		3.3807373046875E-06	4.2108154296875E-06	8.30078125E-07	4.54988139608759E-06	398086.28125	1.84838027053047E-05
310	155.644353607036	1.35101318359375		3.37982177734375E-06	4.21966552734375E-06	8.39843749999999E-07	4.5651522668777E-06	399638.84375	1.86528159247246E-05
311	155.69435360691	1.35604858398438		3.3795166015625E-06	4.228515625E-06	8.48999023437502E-07	4.58433578387485E-06	401390.65625	1.8821800040314E-05
312	155.744353606783	1.361083984375		3.3795166015625E-06	4.23919677734375E-06	8.59680175781252E-07	4.59980583400466E-06	402745.1875	1.89907750609564E-05
313	155.794353606657	1.36611938476563		3.37982177734375E-06	4.25079345703125E-06	8.70971679687499E-07	4.61672425444704E-06	404153.5	1.91597591765458E-05
314	155.844353606531	1.37115478515625		3.38134765625E-06	4.26422119140625E-06	8.8287353515625E-07	4.6363511501113E-06	405505.4375	1.93287887668703E-05
315	155.894353606405	1.37619018554688		3.3819580078125E-06	4.2779541015625E-06	8.95996093750001E-07	4.65266930405051E-06	406785.78125	1.94978711078875E-05
316	155.944353606278	1.3812255859375		3.3831787109375E-06	4.29443359375E-06	9.11254882812498E-07	4.67396557723987E-06	408352.875	1.96669989236398E-05
317	155.994353606152	1.38626098632813		3.3856201171875E-06	4.31243896484375E-06	9.26818847656252E-07	4.69180304207839E-06	409320.375	1.98362195078516E-05
318	156.044353606026	1.39129638671875		3.3892822265625E-06	4.33319091796875E-06	9.43908691406248E-07	4.71549583380693E-06	410498.84375	2.0005591068184E-05
319	156.0943536059	1.39633178710938		3.39263916015625E-06	4.35638427734375E-06	9.63745117187501E-07	4.73673208034597E-06	411531.90625	2.01751390704885E-05
320	156.144353605773	1.4013671875		3.39752197265625E-06	4.38262939453125E-06	9.85107421875001E-07	4.76117565995082E-06	412467.46875	2.0344894437585E-05
321	156.194353605647	1.40640258789063		3.40301513671875E-06	4.41131591796875E-06	1.00830078125E-06	4.7844514483586E-06	413146.8125	2.05149081011768E-05
322	156.244353605521	1.41143798828125		3.409423828125E-06	4.44366455078125E-06	1.03424072265625E-06	4.81114966532914E-06	413891.875	2.06852182600414E-05
323	156.294353605395	1.41647338867188		3.41766357421875E-06	4.48028564453125E-06	1.0626220703125E-06	4.84155088997795E-06	414501.3125	2.08558958547655E-05
324	156.344353605268	1.4215087890625		3.42620849609375E-06	4.52056884765625E-06	1.0943603515625E-06	4.86933959109592E-06	414803.59375	2.10269918170525E-05
325	156.394353605142	1.42654418945313		3.43597412109375E-06	4.5654296875E-06	1.12945556640625E-06	4.90104457639973E-06	415134.5625	2.11985461646691E-05
326	156.444353605016	1.43157958984375		3.44818115234375E-06	4.61639404296875E-06	1.168212890625E-06	4.93634570375434E-06	415169.5	2.13706498470856E-05
327	156.49435360489	1.43661499023438		3.46160888671875E-06	4.6722412109375E-06	1.21063232421875E-06	4.97247083330876E-06	414969.59375	2.15433956327615E-05
328	156.544353604764	1.441650390625		3.477783203125E-06	4.735107421875E-06	1.25732421875E-06	5.01268596053706E-06	414443.6875	2.17168799281353E-05
329	156.594353604637	1.44668579101563		3.4967041015625E-06	4.803466796875E-06	1.3067626953125E-06	5.05916568727116E-06	413772.03125	2.1891242795391E-05
330	156.644353604511	1.45172119140625		3.51837158203125E-06	4.8797607421875E-06	1.36138916015625E-06	5.10769450556836E-06	412611.6875	2.20666188397445E-05
331	156.694353604385	1.45675659179688		3.54217529296875E-06	4.962158203125E-06	1.41998291015625E-06	5.15954661750584E-06	411217.375	2.22431335714646E-05
332	156.744353604259	1.4617919921875		3.57025146484375E-06	5.0506591796875E-06	1.48040771484375E-06	5.21896481586737E-06	409436.71875	2.242094342364E-05
333	156.794353604132	1.46682739257813		3.60107421875E-06	5.145263671875E-06	1.544189453125E-06	5.28270402355702E-06	407372.875	2.26002266572323E-05
334	156.844353604006	1.47186279296875		3.6346435546875E-06	5.242919921875E-06	1.6082763671875E-06	5.3485873650061E-06	404869.875	2.27811196964467E-05
335	156.89435360388	1.47689819335938		3.6712646484375E-06	5.3497314453125E-06	1.678466796875E-06	5.42488487553783E-06	402493.78125	2.29637680604355E-05
336	156.944353603754	1.48193359375		3.71002197265625E-06	5.4595947265625E-06	1.74957275390625E-06	5.49913829672732E-06	399522.90625	2.31482990784571E-05
337	156.994353603627	1.48696899414063		3.75274658203125E-06	5.5755615234375E-06	1.82281494140625E-06	5.57849989490933E-06	396112.875	2.33348691835999E-05
338	157.044353603501	1.49200439453125		3.79791259765625E-06	5.6915283203125E-06	1.89361572265625E-06	5.66302514926065E-06	392607.46875	2.35236348089529E-05
339	157.094353603375	1.49703979492188		3.84490966796875E-06	5.8135986328125E-06	1.96868896484375E-06	5.7565694078221E-06	389395.96875	2.37147050938802E-05
340	157.144353603249	1.5020751953125		3.89404296875E-06	5.9356689453125E-06	2.0416259765625E-06	5.84676854487043E-06	385579.9375	2.39081800827989E-05
