Potential - Start -0.205 V, Stop 1.505 V, Step 0.005 V; Modulation - Amplitude 0.05 V, Time 0.025 s, Interval time 0.05 s
Index	Base.Time (s)	Potential applied (V)	WE(1).Base.Potential (V)	WE(1).Base.Current (A)	WE(1).Pulse.Current (A)	WE(1).δ.Current (A)	WE(1).Base.Power (W)	WE(1).Base.Resistance (Ω)	WE(1).Base.Charge (C)
1	141.322375643195	-0.204925537109375		-7.26928710937499E-07	3.88183593749999E-07	1.1151123046875E-06	1.48833152024963E-07	281654.0625	0
2	141.372375643069	-0.19989013671875		-1.0650634765625E-06	3.44238281250001E-07	1.4093017578125E-06	2.1276565576045E-07	187564.484375	-4.47998047548026E-08
3	141.422375642943	-0.194854736328125		-1.0595703125E-06	3.5369873046875E-07	1.41326904296875E-06	2.0630061214888E-07	183755.765625	-9.79156453695396E-08
4	141.472375642817	-0.1898193359375		-1.0369873046875E-06	3.68652343750001E-07	1.4056396484375E-06	1.96618728409703E-07	182842.84375	-1.50329583448183E-07
5	141.52237564269	-0.184783935546875		-1.01226806640625E-06	3.85131835937499E-07	1.39739990234375E-06	1.86927309187013E-07	182423.875	-2.01560979462556E-07
6	141.572375642564	-0.17974853515625		-9.87854003906249E-07	4.010009765625E-07	1.38885498046875E-06	1.77414563040657E-07	181804.15625	-2.51564017617056E-07
7	141.622375642438	-0.174713134765625		-9.6435546875E-07	4.17175292968749E-07	1.38153076171875E-06	1.68367833452976E-07	181044.3125	-3.00369265460176E-07
8	141.672375642312	-0.169677734375		-9.4207763671875E-07	4.33349609375E-07	1.37542724609375E-06	1.59705848545855E-07	179948.171875	-3.48030084751372E-07
9	141.722375642185	-0.164642333984375		-9.20715332031249E-07	4.5013427734375E-07	1.370849609375E-06	1.5153251808897E-07	178753.734375	-3.94599908304372E-07
10	141.772375642059	-0.15960693359375		-9.0057373046875E-07	4.67834472656251E-07	1.368408203125E-06	1.43627872262186E-07	177092.515625	-4.40132140511196E-07
11	141.822375641933	-0.154571533203125		-8.8165283203125E-07	4.864501953125E-07	1.36810302734375E-06	1.36170797304658E-07	175181.734375	-4.84687802781991E-07
12	141.872375641807	-0.1495361328125		-8.648681640625E-07	5.07507324218751E-07	1.37237548828125E-06	1.2924985526297E-07	172794.640625	-5.28350824424706E-07
13	141.92237564168	-0.144500732421875		-8.4991455078125E-07	5.3131103515625E-07	1.3812255859375E-06	1.22683587733263E-07	169838.421875	-5.71220368783543E-07
14	141.972375641554	-0.13946533203125		-8.36791992187499E-07	5.5816650390625E-07	1.39495849609375E-06	1.16626857504798E-07	166557.265625	-6.13388067449705E-07
15	142.022375641428	-0.134429931640625		-8.26110839843749E-07	5.902099609375E-07	1.41632080078125E-06	1.10953173759754E-07	162578.5	-6.54960615520395E-07
16	142.072375641302	-0.12939453125		-8.17260742187501E-07	6.2744140625E-07	1.4447021484375E-06	1.05699186292441E-07	158252.421875	-6.9604487862307E-07
17	142.122375641175	-0.124359130859375		-8.11767578125E-07	6.719970703125E-07	1.4837646484375E-06	1.00851615059128E-07	153045.109375	-7.3677063028299E-07
18	142.172375641049	-0.11932373046875		-8.0902099609375E-07	7.24182128906251E-07	1.533203125E-06	9.65354018944709E-08	147491.515625	-7.7729032454954E-07
19	142.222375640923	-0.114288330078125		-8.09631347656251E-07	7.85217285156251E-07	1.5948486328125E-06	9.24078733532951E-08	140972.484375	-8.17756642845779E-07
20	142.272375640797	-0.1092529296875		-8.14208984375001E-07	8.56933593750001E-07	1.671142578125E-06	8.89050184582629E-08	134107.953125	-8.5835262098044E-07
21	142.322375640671	-0.104217529296875		-8.2427978515625E-07	9.41162109375E-07	1.76544189453125E-06	8.58037836337644E-08	126286.5625	-8.99314841262822E-07
22	142.372375640544	-0.09918212890625		-8.380126953125E-07	1.0357666015625E-06	1.873779296875E-06	8.30391613249049E-08	118244.71875	-9.40872155297257E-07
23	142.422375640418	-0.094146728515625		-8.59985351562501E-07	1.1474609375E-06	2.0074462890625E-06	8.09123150702362E-08	109403.8359375	-9.83322138381482E-07
24	142.472375640292	-0.089111328125		-8.85009765625E-07	1.2750244140625E-06	2.1600341796875E-06	7.8810373338456E-08	100620.6953125	-1.02694696124672E-06
25	142.522375640166	-0.084075927734375		-9.173583984375E-07	1.41998291015625E-06	2.33734130859375E-06	7.71277584021846E-08	91650.0390625	-1.0720061709435E-06
26	142.572375640039	-0.07904052734375		-9.54589843750001E-07	1.58111572265625E-06	2.53570556640625E-06	7.54221503029839E-08	82768.5390625	-1.11880490294425E-06
27	142.622375639913	-0.074005126953125		-9.97314453125001E-07	1.75933837890625E-06	2.75665283203125E-06	7.37455039256929E-08	74143.2109375	-1.16760247692582E-06
28	142.672375639787	-0.0689697265625		-1.0455322265625E-06	1.953125E-06	2.9986572265625E-06	7.19824342354514E-08	65849.390625	-1.21867367397499E-06
29	142.722375639661	-0.063934326171875		-1.09893798828125E-06	2.1612548828125E-06	3.26019287109375E-06	7.01927902468924E-08	58122.7421875	-1.27228543078672E-06
30	142.772375639534	-0.05889892578125		-1.15478515625E-06	2.38037109375E-06	3.53515625E-06	6.79451162000078E-08	50951.37890625	-1.32862851387472E-06
31	142.822375639408	-0.053863525390625		-1.212158203125E-06	2.60894775390625E-06	3.82110595703125E-06	6.5217129474604E-08	44385.703125	-1.38780205816147E-06
32	142.872375639282	-0.048828125		-1.2646484375E-06	2.84271240234375E-06	4.10736083984375E-06	6.15844513163211E-08	38506.2734375	-1.44972227644757E-06
33	142.922375639156	-0.043792724609375		-1.31988525390625E-06	3.07647705078125E-06	4.3963623046875E-06	5.7632195904489E-08	33082.08203125	-1.51433562223247E-06
34	142.972375639029	-0.03875732421875		-1.3653564453125E-06	3.304443359375E-06	4.6697998046875E-06	5.27300585417834E-08	28285.650390625	-1.58146667672554E-06
35	143.022375638903	-0.033721923828125		-1.39984130859375E-06	3.52294921875E-06	4.92279052734375E-06	4.70344616587681E-08	24002.6171875	-1.65059657319944E-06
36	143.072375638777	-0.0286865234375		-1.4202880859375E-06	3.7261962890625E-06	5.146484375E-06	4.05524147595315E-08	20103.13671875	-1.72109980667301E-06
37	143.122375638651	-0.023651123046875		-1.42425537109375E-06	3.9068603515625E-06	5.33111572265625E-06	3.35331087342183E-08	16530.962890625	-1.79221342477831E-06
38	143.172375638524	-0.01861572265625		-1.40838623046875E-06	4.06036376953125E-06	5.46875E-06	2.60290118347939E-08	13122.4267578125	-1.86302941074246E-06
39	143.222375638398	-0.013580322265625		-1.3720703125E-06	4.180908203125E-06	5.552978515625E-06	1.84866042474141E-08	9819.83984375	-1.93254095393058E-06
40	143.272375638272	-0.008544921875		-1.31591796875E-06	4.266357421875E-06	5.582275390625E-06	1.10877982351099E-08	6403.0615234375	-1.9997405615868E-06
41	143.322375638146	-0.003509521484375		-1.23870849609375E-06	4.315185546875E-06	5.55389404296875E-06	4.24520774089387E-09	2766.69140625	-2.06360618904E-06
42	143.37237563802	0.00152587890625		-1.141357421875E-06	4.327392578125E-06	5.46875E-06	-1.82516879387862E-09	-1401.06958007813	-2.12310783354042E-06
43	143.422375637893	0.006561279296875		-1.0223388671875E-06	4.296875E-06	5.3192138671875E-06	-6.82952805419745E-09	-6534.328125	-2.17720025830204E-06
44	143.472375637767	0.0115966796875		-8.92028808593751E-07	4.2266845703125E-06	5.11871337890625E-06	-1.03990167588108E-08	-13068.765625	-2.22505946112506E-06
45	143.522375637641	0.016632080078125		-7.51953125E-07	4.12689208984375E-06	4.87884521484375E-06	-1.25937456019187E-08	-22272.7265625	-2.26615907195082E-06
46	143.572375637515	0.02166748046875		-6.02111816406251E-07	3.99749755859375E-06	4.599609375E-06	-1.31032082961724E-08	-36142.9296875	-2.30001069212449E-06
47	143.622375637388	0.026702880859375		-4.47998046875001E-07	3.84613037109375E-06	4.29412841796875E-06	-1.20065886122234E-08	-59822.890625	-2.32626348406484E-06
48	143.672375637262	0.03173828125		-2.94189453125E-07	3.6810302734375E-06	3.9752197265625E-06	-9.36848998378537E-09	-108246.890625	-2.34481808547571E-06
49	143.722375637136	0.036773681640625		-1.4312744140625E-07	3.50830078125E-06	3.65142822265625E-06	-5.27031129848865E-09	-257270.796875	-2.35575089391205E-06
50	143.77237563701	0.04180908203125		3.66210937499945E-09	3.33251953125E-06	3.328857421875E-06	1.53556459214776E-10	11450000	-2.35923766922497E-06
51	143.822375636883	0.046844482421875		1.40991210937499E-07	3.15948486328125E-06	3.01849365234375E-06	6.61928911682708E-09	332987.03125	-2.35562129091704E-06
52	143.872375636757	0.0518798828125		2.642822265625E-07	2.99285888671875E-06	2.72857666015625E-06	1.37189957172268E-08	196420.328125	-2.34548951993929E-06
53	143.922375636631	0.056915283203125		3.7994384765625E-07	2.835693359375E-06	2.45574951171875E-06	2.16477999970266E-08	149959.84375	-2.32938373301295E-06
54	143.972375636505	0.06195068359375		4.7943115234375E-07	2.68890380859375E-06	2.20947265625E-06	2.97449815889195E-08	129408.0234375	-2.30789942179399E-06
55	144.022375636378	0.066986083984375		5.6640625E-07	2.55340576171875E-06	1.98699951171875E-06	3.79931925920118E-08	118426.7265625	-2.2817534954811E-06
56	144.072375636252	0.072021484375		6.3934326171875E-07	2.43011474609375E-06	1.790771484375E-06	4.6065959935504E-08	112696.90625	-2.25160965783289E-06
57	144.122375636126	0.077056884765625		6.9915771484375E-07	2.3175048828125E-06	1.61834716796875E-06	5.38535758209946E-08	110170.234375	-2.21814730139158E-06
58	144.172375636	0.08209228515625		7.476806640625E-07	2.21527099609375E-06	1.46759033203125E-06	6.14472668303279E-08	109918.3671875	-2.18197624235472E-06
59	144.222375635874	0.087127685546875		7.8582763671875E-07	2.122802734375E-06	1.33697509765625E-06	6.84913246118413E-08	110912.625	-2.14363853956456E-06
60	144.272375635747	0.0921630859375		8.14208984375001E-07	2.041015625E-06	1.226806640625E-06	7.50151656347953E-08	113155.921875	-2.10363759833854E-06
61	144.322375635621	0.097198486328125		8.3587646484375E-07	1.9671630859375E-06	1.13128662109375E-06	8.13734715165992E-08	116465.8671875	-2.06238541977655E-06
62	144.372375635495	0.10223388671875		8.50524902343749E-07	1.90093994140625E-06	1.0504150390625E-06	8.69784173573862E-08	120236.8125	-2.02022556550219E-06
63	144.422375635369	0.107269287109375		8.59680175781249E-07	1.8414306640625E-06	9.81750488281251E-07	9.22697438454634E-08	124849.1328125	-1.97747044694552E-06
64	144.472375635242	0.1123046875		8.64562988281251E-07	1.788330078125E-06	9.2376708984375E-07	9.7094478235249E-08	129897.6328125	-1.93436426343396E-06
65	144.522375635116	0.117340087890625		8.66088867187501E-07	1.74072265625E-06	8.746337890625E-07	1.01653370165877E-07	135517.96875	-1.8910980088549E-06
66	144.57237563499	0.12237548828125		8.6517333984375E-07	1.6973876953125E-06	8.32214355468749E-07	1.05928812388356E-07	141516.765625	-1.84781640655274E-06
67	144.622375634864	0.127410888671875		8.624267578125E-07	1.658935546875E-06	7.965087890625E-07	1.0988255638722E-07	147735.3125	-1.80462643584178E-06
68	144.672375634737	0.1324462890625		8.575439453125E-07	1.62384033203125E-06	7.6629638671875E-07	1.13683192637382E-07	154590.75	-1.76162711795769E-06
69	144.722375634611	0.137481689453125		8.5174560546875E-07	1.591796875E-06	7.4005126953125E-07	1.17125416920771E-07	161447.515625	-1.71889496414224E-06
70	144.772375634485	0.14251708984375		8.44726562500001E-07	1.56341552734375E-06	7.1868896484375E-07	1.20413744753023E-07	168750.015625	-1.67648306614865E-06
71	144.822375634359	0.147552490234375		8.3740234375E-07	1.536865234375E-06	6.99462890625E-07	1.23586346489901E-07	176239.078125	-1.63442985012807E-06
72	144.872375634232	0.152587890625		8.2977294921875E-07	1.51214599609375E-06	6.82373046875E-07	1.26613301176803E-07	183891.140625	-1.59275055011676E-06
73	144.922375634106	0.157623291015625		8.221435546875E-07	1.490478515625E-06	6.683349609375E-07	1.29639147417038E-07	191796.59375	-1.55145255575917E-06
74	144.97237563398	0.16265869140625		8.14208984375001E-07	1.47003173828125E-06	6.55822753906249E-07	1.32463014779205E-07	199812.59375	-1.51054382513394E-06
75	145.022375633854	0.167694091796875		8.06274414062499E-07	1.45111083984375E-06	6.44836425781251E-07	1.35182844474002E-07	207948.53125	-1.47003174788551E-06
76	145.072375633727	0.1727294921875		7.9803466796875E-07	1.43310546875E-06	6.3507080078125E-07	1.378684686415E-07	216481.84375	-1.42992394103203E-06
77	145.122375633601	0.177764892578125		7.9010009765625E-07	1.417236328125E-06	6.2713623046875E-07	1.40476174692594E-07	225028.96875	-1.39022063194716E-06
78	145.172375633475	0.18280029296875		7.8277587890625E-07	1.40228271484375E-06	6.195068359375E-07	1.4313943097477E-07	233606.234375	-1.35089874220284E-06
79	145.222375633349	0.187835693359375		7.7545166015625E-07	1.38824462890625E-06	6.12792968750001E-07	1.45657494954321E-07	242227.46875	-1.31194303776283E-06
80	145.272375633223	0.19287109375		7.68432617187501E-07	1.3751220703125E-06	6.06689453124999E-07	1.48208428640828E-07	250992.859375	-1.27334590160899E-06
81	145.322375633096	0.197906494140625		7.62329101562501E-07	1.3629150390625E-06	6.00585937499999E-07	1.50893143313624E-07	259647.71875	-1.23507686566882E-06
82	145.37237563297	0.20294189453125		7.550048828125E-07	1.35101318359375E-06	5.96008300781249E-07	1.53222117660334E-07	268795.46875	-1.19714354696043E-06
83	145.422375632844	0.207977294921875		7.4920654296875E-07	1.3409423828125E-06	5.9173583984375E-07	1.55840808702123E-07	277637.46875	-1.15953821477888E-06
84	145.472375632718	0.2130126953125		7.42492675781251E-07	1.33026123046875E-06	5.877685546875E-07	1.58160361252158E-07	286888.625	-1.12224574877473E-06
85	145.522375632591	0.218048095703125		7.366943359375E-07	1.32049560546875E-06	5.83801269531249E-07	1.60612302124719E-07	295940.375	-1.08526603526116E-06
86	145.572375632465	0.22308349609375		7.3089599609375E-07	1.31195068359375E-06	5.810546875E-07	1.63073138992331E-07	305260.96875	-1.04857633687061E-06
87	145.622375632339	0.228118896484375		7.25708007812501E-07	1.3037109375E-06	5.78002929687499E-07	1.65547703545599E-07	314339.78125	-1.01216119219316E-06
88	145.672375632213	0.233154296875		7.19604492187501E-07	1.2957763671875E-06	5.76171874999999E-07	1.67800834560694E-07	324045.8125	-9.76028445620614E-07
89	145.722375632086	0.238189697265625		7.1563720703125E-07	1.2884521484375E-06	5.7281494140625E-07	1.70435569657457E-07	332793.1875	-9.40147401706781E-07
90	145.77237563196	0.24322509765625		7.10449218750001E-07	1.28204345703125E-06	5.71594238281249E-07	1.72799076381125E-07	342353.9375	-9.04495209397282E-07
91	145.822375631834	0.248260498046875		7.0526123046875E-07	1.27532958984375E-06	5.70068359375E-07	1.75088487708308E-07	352012.125	-8.69102450451464E-07
92	145.872375631708	0.2532958984375		7.0068359375E-07	1.26953125E-06	5.6884765625E-07	1.77437513571022E-07	361411.15625	-8.33953833989654E-07
93	145.922375631581	0.258331298828125		6.96411132812499E-07	1.2640380859375E-06	5.67626953125E-07	1.7990478795582E-07	370946.53125	-7.99026452114049E-07
94	145.972375631455	0.26336669921875		6.92138671875001E-07	1.2591552734375E-06	5.67016601562499E-07	1.82286271410703E-07	380511.46875	-7.64312744649942E-07
95	146.022375631329	0.268402099609375		6.87255859375E-07	1.2542724609375E-06	5.67016601562501E-07	1.84460915875206E-07	390541.75	-7.2982783194675E-07
96	146.072375631203	0.2734375		6.8328857421875E-07	1.25E-06	5.66711425781249E-07	1.86878409635938E-07	400268	-6.95564267516602E-07
97	146.122375631076	0.278472900390625		6.79931640625001E-07	1.246337890625E-06	5.6640625E-07	1.89280285667337E-07	409425.5	-6.61483738895186E-07
98	146.17237563095	0.28350830078125		6.756591796875E-07	1.24267578125E-06	5.67016601562499E-07	1.9155498875989E-07	419602.53125	-6.27593976787466E-07
99	146.222375630824	0.288543701171875		6.7169189453125E-07	1.2396240234375E-06	5.6793212890625E-07	1.93791947822319E-07	429532.0625	-5.93910215229698E-07
100	146.272375630698	0.2935791015625		6.6802978515625E-07	1.236572265625E-06	5.68542480468749E-07	1.96180735656526E-07	439607.125	-5.60417163342208E-07
101	146.322375630572	0.298614501953125		6.6436767578125E-07	1.2347412109375E-06	5.7037353515625E-07	1.98389813022004E-07	449471.78125	-5.27107204106869E-07
102	146.372375630445	0.30364990234375		6.6070556640625E-07	1.2322998046875E-06	5.71594238281251E-07	2.00582846332509E-07	459491.9375	-4.939803943671E-07
103	146.422375630319	0.308685302734375		6.573486328125E-07	1.2310791015625E-06	5.7373046875E-07	2.02853669861724E-07	469452.1875	-4.61029031839644E-07
104	146.472375630193	0.313720703125		6.54296875E-07	1.22894287109375E-06	5.74645996093749E-07	2.05306406542149E-07	479570.90625	-4.28237910909957E-07
105	146.522375630067	0.318756103515625		6.50634765624999E-07	1.22772216796875E-06	5.77087402343751E-07	2.07393810569556E-07	489915.5625	-3.95614620174456E-07
106	146.57237562994	0.32379150390625		6.4666748046875E-07	1.226806640625E-06	5.8013916015625E-07	2.09405158102527E-07	500755.09375	-3.63182067530943E-07
107	146.622375629814	0.328826904296875		6.4361572265625E-07	1.22650146484375E-06	5.828857421875E-07	2.11638152336491E-07	510905.65625	-3.30924990521453E-07
108	146.672375629688	0.3338623046875		6.4056396484375E-07	1.22650146484375E-06	5.859375E-07	2.13840607443672E-07	521152.9375	-2.98820481248185E-07
109	146.722375629562	0.338897705078125		6.3751220703125E-07	1.2261962890625E-06	5.8868408203125E-07	2.1603196387332E-07	531546.1875	-2.66868596554559E-07
110	146.772375629435	0.34393310546875		6.33850097656249E-07	1.226806640625E-06	5.92956542968751E-07	2.17982687900076E-07	542561.375	-2.35084527844265E-07
111	146.822375629309	0.348968505859375		6.30798339843749E-07	1.22772216796875E-06	5.96923828125001E-07	2.20147995833031E-07	553265.625	-2.03468317749866E-07
112	146.872375629183	0.35400390625		6.28051757812501E-07	1.22802734375E-06	5.999755859375E-07	2.22294431750925E-07	563556.875	-1.71997058373563E-07
113	146.922375629057	0.359039306640625		6.25000000000001E-07	1.229248046875E-06	6.04248046875E-07	2.24418627681189E-07	574511.75	-1.40670778137064E-07
114	146.97237562893	0.36407470703125		6.2286376953125E-07	1.2298583984375E-06	6.0699462890625E-07	2.26787946644436E-07	584566.375	-1.09474179055269E-07
115	147.022375628804	0.369110107421875		6.195068359375E-07	1.23138427734375E-06	6.1187744140625E-07	2.28685124170624E-07	595862.125	-7.84149136734413E-08
116	147.072375628678	0.3741455078125		6.1676025390625E-07	1.2322998046875E-06	6.15539550781251E-07	2.30758075758786E-07	606630.375	-4.75082373441182E-08
117	147.122375628552	0.379180908203125		6.1492919921875E-07	1.2335205078125E-06	6.18591308593749E-07	2.33150643680347E-07	616575.6875	-1.67160028041735E-08
118	147.172375628425	0.38421630859375		6.1248779296875E-07	1.23504638671875E-06	6.2255859375E-07	2.3532778925528E-07	627304.4375	1.39694220635533E-08
119	147.222375628299	0.389251708984375		6.103515625E-07	1.23626708984375E-06	6.2591552734375E-07	2.37580380257896E-07	637750	4.45404069182587E-08
120	147.272375628173	0.394287109375		6.085205078125E-07	1.2384033203125E-06	6.298828125E-07	2.39950367131314E-07	647994	7.50122097770145E-08
121	147.322375628047	0.399322509765625		6.06689453125001E-07	1.23931884765625E-06	6.32629394531249E-07	2.42246215975683E-07	658148.9375	1.0539245209884E-07
122	147.372375627921	0.40435791015625		6.0455322265625E-07	1.241455078125E-06	6.36901855468751E-07	2.4445586177535E-07	668854.1875	1.35673516865609E-07
123	147.422375627794	0.409393310546875		6.024169921875E-07	1.2432861328125E-06	6.40869140625E-07	2.46625489808139E-07	679584.5625	1.65847779953765E-07
124	147.472375627668	0.4144287109375		6.011962890625E-07	1.24603271484375E-06	6.44836425781251E-07	2.49134643581783E-07	689289.3125	1.95938113733973E-07
125	147.522375627542	0.419464111328125		5.9967041015625E-07	1.24847412109375E-06	6.488037109375E-07	2.51521896643681E-07	699440.25	2.25959780664198E-07
126	147.572375627416	0.42449951171875		5.97229003906249E-07	1.25152587890625E-06	6.54296875E-07	2.53486945211989E-07	710679.6875	2.55882270039365E-07
127	147.622375627289	0.429534912109375		5.963134765625E-07	1.2548828125E-06	6.58569335937499E-07	2.56137440146631E-07	720317.3125	2.85720830106584E-07
128	147.672375627163	0.4345703125		5.950927734375E-07	1.25823974609375E-06	6.63146972656251E-07	2.58609645698016E-07	730256.375	3.15505985781783E-07
129	147.722375627037	0.439605712890625		5.9234619140625E-07	1.26190185546875E-06	6.695556640625E-07	2.60416840092148E-07	742194.75	3.4519194969107E-07
130	147.772375626911	0.44464111328125		5.902099609375E-07	1.26617431640625E-06	6.7596435546875E-07	2.62431598230251E-07	753360.9375	3.74755842358354E-07
131	147.822375626784	0.449676513671875		5.88378906250001E-07	1.27105712890625E-06	6.82678222656249E-07	2.64616090817071E-07	764367.25	4.04220571681435E-07
132	147.872375626658	0.4547119140625		5.859375E-07	1.27655029296875E-06	6.90612792968751E-07	2.66432749640444E-07	776041.6875	4.33578492220477E-07
133	147.922375626532	0.459747314453125		5.8319091796875E-07	1.282958984375E-06	6.9976806640625E-07	2.68102667178027E-07	788278.375	4.62806696077678E-07
134	147.972375626406	0.46478271484375		5.80749511718751E-07	1.2896728515625E-06	7.08923339843749E-07	2.6992231028089E-07	800315.3125	4.91905211674748E-07
135	148.022375626279	0.469818115234375		5.7830810546875E-07	1.2969970703125E-06	7.1868896484375E-07	2.71699633458411E-07	812401.0625	5.20881656029815E-07
136	148.072375626153	0.474853515625		5.74951171875E-07	1.30584716796875E-06	7.3089599609375E-07	2.73017576546408E-07	825902.3125	5.49713149666786E-07
137	148.122375626027	0.479888916015625		5.718994140625E-07	1.3153076171875E-06	7.43408203125E-07	2.74448183290588E-07	839114.1875	5.78384401705989E-07
138	148.172375625901	0.48492431640625		5.68542480468751E-07	1.32598876953125E-06	7.574462890625E-07	2.75717411568621E-07	852979.0625	6.06895412147423E-07
139	148.222375625774	0.489959716796875		5.6427001953125E-07	1.3385009765625E-06	7.7423095703125E-07	2.76486787242902E-07	868361.3125	6.35215769761999E-07
140	148.272375625648	0.4949951171875		5.5999755859375E-07	1.35284423828125E-06	7.92846679687501E-07	2.7717896955437E-07	883869.25	6.63322452965076E-07
141	148.322375625522	0.500030517578125		5.5511474609375E-07	1.36962890625E-06	8.1451416015625E-07	2.77557376193727E-07	900714.6875	6.91200227720401E-07
142	148.372375625396	0.50506591796875		5.4931640625E-07	1.38885498046875E-06	8.3953857421875E-07	2.77440989293609E-07	919444.5	7.18811008937337E-07
143	148.42237562527	0.510101318359375		5.43212890625E-07	1.41143798828125E-06	8.6822509765625E-07	2.77077020882643E-07	938988.8125	7.46124271699955E-07
144	148.472375625143	0.51513671875		5.3558349609375E-07	1.4373779296875E-06	9.0179443359375E-07	2.75898713653078E-07	961823.4375	7.73094143369235E-07
145	148.522375625017	0.520172119140625		5.27038574218749E-07	1.46759033203125E-06	9.40551757812501E-07	2.74134663413861E-07	986913.8125	7.99659687800158E-07
146	148.572375624891	0.52520751953125		5.157470703125E-07	1.50360107421875E-06	9.87854003906249E-07	2.70842747340794E-07	1018224.875	8.2572933024494E-07
147	148.622375624765	0.530242919921875		5.035400390625E-07	1.5460205078125E-06	1.04248046875E-06	2.66998540610075E-07	1053030.25	8.51211552799214E-07
148	148.672375624638	0.5352783203125		4.89196777343751E-07	1.595458984375E-06	1.10626220703125E-06	2.61871377915668E-07	1094260.75	8.76029957908031E-07
149	148.722375624512	0.540313720703125		4.7149658203125E-07	1.6552734375E-06	1.18377685546875E-06	2.54727297033241E-07	1145825.25	9.00047268714843E-07
150	148.772375624386	0.54534912109375		4.50439453125E-07	1.72393798828125E-06	1.27349853515625E-06	2.45633003714829E-07	1210636.875	9.23095683447173E-07
151	148.82237562426	0.550384521484375		4.24804687499999E-07	1.80328369140625E-06	1.37847900390625E-06	2.33792960102619E-07	1295546	9.44976761729777E-07
152	148.872375624133	0.555419921875		3.948974609375E-07	1.895751953125E-06	1.5008544921875E-06	2.19321862005017E-07	1406414.25	9.65469325819868E-07
153	148.922375624007	0.560455322265625		3.6041259765625E-07	2.00164794921875E-06	1.6412353515625E-06	2.0198416450512E-07	1554953.375	9.84352141131239E-07
154	148.972375623881	0.56549072265625		3.2196044921875E-07	2.12127685546875E-06	1.79931640625E-06	1.82075467591858E-07	1756492.875	1.00141141956556E-06
155	149.022375623755	0.570526123046875		2.80151367187501E-07	2.25555419921875E-06	1.97540283203125E-06	1.59825120249479E-07	2036383.375	1.01646423900092E-06
156	149.072375623628	0.5755615234375		2.35595703124999E-07	2.40386962890625E-06	2.16827392578125E-06	1.3559262868057E-07	2442875.75	1.02935791801428E-06
157	149.122375623502	0.580596923828125		1.8768310546875E-07	2.56805419921875E-06	2.38037109375E-06	1.08956776045943E-07	3093170.75	1.03993988886941E-06
158	149.172375623376	0.58563232421875		1.3580322265625E-07	2.74658203125E-06	2.61077880859375E-06	7.95307570911064E-08	4312359.5	1.04802700207074E-06
159	149.22237562325	0.590667724609375		8.14819335937494E-08	2.93853759765625E-06	2.8570556640625E-06	4.8126260310255E-08	7248689.5	1.05345918655075E-06
160	149.272375623123	0.595703125		2.31933593749997E-08	3.1439208984375E-06	3.1207275390625E-06	1.38135245464355E-08	25678948	1.05607603018143E-06
161	149.322375622997	0.600738525390625		-3.54003906249997E-08	3.3587646484375E-06	3.3941650390625E-06	-2.12652970787985E-08	-16968966	1.05577089470898E-06
162	149.372375622871	0.60577392578125		-9.46044921875E-08	3.5797119140625E-06	3.67431640625E-06	-5.73060461306341E-08	-6402903.5	1.05252070170536E-06
163	149.422375622745	0.610809326171875		-1.50451660156251E-07	3.8037109375E-06	3.95416259765625E-06	-9.18926801318776E-08	-4059635	1.04639434539422E-06
164	149.472375622619	0.6158447265625		-2.01416015625E-07	4.02740478515625E-06	4.22882080078125E-06	-1.24028701975476E-07	-3057272.75	1.03759759895183E-06
165	149.522375622492	0.620880126953125		-2.44750976562499E-07	4.2437744140625E-06	4.488525390625E-06	-1.51946068172037E-07	-2536533.75	1.02644344224245E-06
166	149.572375622366	0.62591552734375		-2.75268554687499E-07	4.4464111328125E-06	4.7216796875E-06	-1.72294861044975E-07	-2273836	1.01344301128847E-06
167	149.62237562224	0.630950927734375		-2.93579101562499E-07	4.638671875E-06	4.9322509765625E-06	-1.85207127856302E-07	-2148856.5	9.99221811071038E-07
168	149.672375622114	0.635986328125		-2.95410156250001E-07	4.8065185546875E-06	5.1019287109375E-06	-1.87822735142618E-07	-2152272.75	9.84497091849335E-07
169	149.722375621987	0.641021728515625		-2.7923583984375E-07	4.9530029296875E-06	5.23223876953125E-06	-1.78962139329997E-07	-2295191.5	9.70130940913805E-07
170	149.772375621861	0.64605712890625		-2.45361328125E-07	5.0689697265625E-06	5.3143310546875E-06	-1.58479991796412E-07	-2632462.75	9.57016027314239E-07
171	149.822375621735	0.651092529296875		-1.92871093749999E-07	5.1544189453125E-06	5.3472900390625E-06	-1.25559267871722E-07	-3375316.5	9.46060140449845E-07
172	149.872375621609	0.6561279296875		-1.23291015625E-07	5.21240234375E-06	5.335693359375E-06	-8.08796301043913E-08	-5320792	9.38156119900668E-07
173	149.922375621482	0.661163330078125		-3.72314453124994E-08	5.2337646484375E-06	5.27099609375E-06	-2.46149305382914E-08	-17757378	9.34143031372514E-07
174	149.972375621356	0.66619873046875		6.28662109374997E-08	5.2276611328125E-06	5.164794921875E-06	4.18737116092416E-08	10595146	9.3478394092017E-07
175	150.02237562123	0.671234130859375		1.7364501953125E-07	5.194091796875E-06	5.02044677734375E-06	1.16535268546158E-07	3864850.5	9.40696679663233E-07
176	150.072375621104	0.67626953125		2.92053222656249E-07	5.1422119140625E-06	4.85015869140625E-06	1.97479948838009E-07	2315256	9.52339178184047E-07
177	150.122375620977	0.681304931640625		4.14428710937501E-07	5.0689697265625E-06	4.654541015625E-06	2.82289079223119E-07	1643593.5	9.70001224231964E-07
178	150.172375620851	0.68634033203125		5.38024902343751E-07	4.986572265625E-06	4.44854736328125E-06	3.69218923879089E-07	1275496.375	9.93812591332244E-07
179	150.222375620725	0.691375732421875		6.591796875E-07	4.901123046875E-06	4.241943359375E-06	4.55680464028774E-07	1048703.75	1.02374269772554E-06
180	150.272375620599	0.6964111328125		7.74536132812501E-07	4.8187255859375E-06	4.044189453125E-06	5.39277380084968E-07	898936.25	1.0595855428619E-06
181	150.322375620472	0.701446533203125		8.795166015625E-07	4.7393798828125E-06	3.85986328125E-06	6.16745978732069E-07	797293.5625	1.10093685634638E-06
182	150.372375620346	0.70648193359375		9.716796875E-07	4.6722412109375E-06	3.7005615234375E-06	6.86385192238959E-07	726978.625	1.14721672161977E-06
183	150.42237562022	0.711517333984375		1.05224609375E-06	4.620361328125E-06	3.568115234375E-06	7.4859497090074E-07	676102.125	1.19781486773718E-06
184	150.472375620094	0.716552734375		1.1181640625E-06	4.58984375E-06	3.4716796875E-06	8.00984651050385E-07	640638.625	1.25207520795811E-06
185	150.522375619968	0.721588134765625		1.16851806640625E-06	4.57763671875E-06	3.40911865234375E-06	8.42974770876026E-07	617367.5	1.30924217955908E-06
186	150.572375619841	0.72662353515625		1.2030029296875E-06	4.58984375E-06	3.3868408203125E-06	8.73909925758198E-07	603855.9375	1.36853020649141E-06
187	150.622375619715	0.731658935546875		1.22222900390625E-06	4.62646484375E-06	3.40423583984375E-06	8.94105596671579E-07	598526.8125	1.42916098866408E-06
188	150.672375619589	0.7366943359375		1.22528076171875E-06	4.6905517578125E-06	3.46527099609375E-06	9.02395584034821E-07	601071	1.49034872265474E-06
189	150.722375619463	0.741729736328125		1.2139892578125E-06	4.779052734375E-06	3.5650634765625E-06	9.00303689377324E-07	610884.875	1.55133056978229E-06
190	150.772375619336	0.74676513671875		1.18988037109375E-06	4.8919677734375E-06	3.70208740234375E-06	8.8830694267017E-07	627417.3125	1.61142725119134E-06
191	150.82237561921	0.751800537109375		1.15509033203125E-06	5.0323486328125E-06	3.87725830078125E-06	8.68573806656059E-07	650990.75	1.67005157436506E-06
192	150.872375619084	0.7568359375		1.10443115234375E-06	5.1971435546875E-06	4.09271240234375E-06	8.35873152027489E-07	685272.1875	1.72653960817115E-06
193	150.922375618958	0.761871337890625		1.04766845703125E-06	5.3802490234375E-06	4.33258056640625E-06	7.9866811120155E-07	727643.5	1.78034201780974E-06
194	150.972375618831	0.76690673828125		9.86328124999999E-07	5.57861328125E-06	4.59228515625E-06	7.56421684400266E-07	777537.125	1.83119198027271E-06
195	151.022375618705	0.771942138671875		9.22546386718751E-07	5.7952880859375E-06	4.87274169921875E-06	7.12011626546882E-07	836586.1875	1.87891384939576E-06
196	151.072375618579	0.7769775390625		8.60595703125E-07	6.0211181640625E-06	5.1605224609375E-06	6.68663517444656E-07	902836.9375	1.92349239114264E-06
197	151.122375618453	0.782012939453125		8.03527832031251E-07	6.25E-06	5.44647216796875E-06	6.28736984253919E-07	973794.1875	1.96509540728584E-06
198	151.172375618326	0.78704833984375		7.568359375E-07	6.4788818359375E-06	5.7220458984375E-06	5.95897404309653E-07	1040322.625	2.00410454453959E-06
199	151.2223756182	0.792083740234375		7.232666015625E-07	6.7047119140625E-06	5.9814453125E-06	5.72556587030704E-07	1094514.875	2.04110710910754E-06
200	151.272375618074	0.797119140625		7.049560546875E-07	6.915283203125E-06	6.2103271484375E-06	5.62149068628059E-07	1131168.875	2.07681273423077E-06
201	151.322375617948	0.802154541015625		7.0556640625E-07	7.1075439453125E-06	6.4019775390625E-06	5.65650282169372E-07	1136245.75	2.11207566280791E-06
202	151.372375617821	0.80718994140625		7.26318359375E-07	7.2784423828125E-06	6.5521240234375E-06	5.86498515531275E-07	1111764.75	2.14787291952234E-06
203	151.422375617695	0.812225341796875		7.67822265625E-07	7.4249267578125E-06	6.6571044921875E-06	6.23996186277509E-07	1058426.125	2.18522632167151E-06
204	151.472375617569	0.8172607421875		8.30078125E-07	7.5347900390625E-06	6.7047119140625E-06	6.78390222219605E-07	984558.875	2.2251738300838E-06
205	151.522375617443	0.822296142578125		9.13391113281251E-07	7.611083984375E-06	6.69769287109375E-06	7.51496088469139E-07	900768.5	2.26876068154525E-06
206	151.572375617317	0.82733154296875		1.01531982421875E-06	7.6507568359375E-06	6.63543701171875E-06	8.40315919958812E-07	815148.8125	2.31697845265444E-06
207	151.62237561719	0.832366943359375		1.1322021484375E-06	7.6507568359375E-06	6.5185546875E-06	9.42925908020698E-07	735579.5625	2.37066637964745E-06
208	151.672375617064	0.83740234375		1.26220703125E-06	7.6171875E-06	6.35498046875E-06	1.05736023670033E-06	663684.75	2.43052659243403E-06
209	151.722375616938	0.842437744140625		1.402587890625E-06	7.5469970703125E-06	6.1444091796875E-06	1.18223499612213E-06	600957.375	2.49714662459155E-06
210	151.772375616812	0.84747314453125		1.5496826171875E-06	7.452392578125E-06	5.9027099609375E-06	1.31426020288927E-06	547262.75	2.5709532565088E-06
211	151.822375616685	0.852508544921875		1.69921875E-06	7.33642578125E-06	5.63720703125E-06	1.44885780173354E-06	501795.96875	2.65217590822431E-06
212	151.872375616559	0.8575439453125		1.8475341796875E-06	7.208251953125E-06	5.3607177734375E-06	1.58490547619294E-06	464321.125	2.74084459306323E-06
213	151.922375616433	0.862579345703125		1.99310302734375E-06	7.0770263671875E-06	5.08392333984375E-06	1.72012187249493E-06	433011.78125	2.83686063085042E-06
214	151.972375616307	0.86761474609375		2.12677001953125E-06	6.9549560546875E-06	4.82818603515625E-06	1.84521695700823E-06	407949.5	2.93985749522108E-06
215	152.02237561618	0.872650146484375		2.24884033203125E-06	6.84814453125E-06	4.59930419921875E-06	1.96279393094301E-06	388112.375	3.04924765259784E-06
216	152.072375616054	0.877685546875		2.35443115234375E-06	6.7657470703125E-06	4.41131591796875E-06	2.06716867978685E-06	372909.9375	3.1643294278183E-06
217	152.122375615928	0.882720947265625		2.4407958984375E-06	6.7108154296875E-06	4.27001953125E-06	2.15416935134272E-06	361590.40625	3.28421015183267E-06
218	152.172375615802	0.88775634765625		2.506103515625E-06	6.695556640625E-06	4.189453125E-06	2.22480935008207E-06	354237.6875	3.40788255925872E-06
219	152.222375615675	0.892791748046875		2.54547119140625E-06	6.7169189453125E-06	4.17144775390625E-06	2.27374084715848E-06	350917.1875	3.53417203768913E-06
220	152.272375615549	0.8978271484375		2.56195068359375E-06	6.7779541015625E-06	4.21600341796875E-06	2.30018872571236E-06	350446.6875	3.66185759048676E-06
221	152.322375615423	0.902862548828125		2.5555419921875E-06	6.884765625E-06	4.3292236328125E-06	2.30691307478992E-06	353236.21875	3.78979484594311E-06
222	152.372375615297	0.90789794921875		2.5238037109375E-06	7.0343017578125E-06	4.510498046875E-06	2.29212628255482E-06	359854.90625	3.91677849620464E-06
223	152.42237561517	0.912933349609375		2.46978759765625E-06	7.2235107421875E-06	4.75372314453125E-06	2.25663552555488E-06	369949.375	4.04161801270675E-06
224	152.472375615044	0.91796875		2.39715576171875E-06	7.4493408203125E-06	5.05218505859375E-06	2.20051401811361E-06	382940.8125	4.16329203289934E-06
225	152.522375614918	0.923004150390625		2.30987548828125E-06	7.708740234375E-06	5.39886474609375E-06	2.13096723200579E-06	399392.25	4.28096745963558E-06
226	152.572375614792	0.92803955078125		2.2137451171875E-06	7.9986572265625E-06	5.784912109375E-06	2.05511855710938E-06	419354.84375	4.39405812358018E-06
227	152.622375614666	0.933074951171875		2.11639404296875E-06	8.306884765625E-06	6.19049072265625E-06	1.97443114302587E-06	440807.53125	4.5023116399534E-06
228	152.672375614539	0.9381103515625		2.02972412109375E-06	8.6273193359375E-06	6.59759521484375E-06	1.9041051473323E-06	462186.15625	4.60596447737771E-06
229	152.722375614413	0.943145751953125		1.95526123046875E-06	8.9599609375E-06	7.00469970703125E-06	1.84439466011099E-06	482441.0625	4.70558916276786E-06
230	152.772375614287	0.94818115234375		1.89910888671875E-06	9.295654296875E-06	7.39654541015625E-06	1.80127881321823E-06	499437.59375	4.8019483074313E-06
231	152.822375614161	0.953216552734375		1.86676025390625E-06	9.6282958984375E-06	7.76153564453125E-06	1.77971151060774E-06	510707.875	4.89609510623268E-06
232	152.872375614034	0.958251953125		1.86065673828125E-06	9.954833984375E-06	8.09417724609375E-06	1.78354571289674E-06	515171.40625	4.98928056913428E-06
233	152.922375613908	0.963287353515625		1.88385009765625E-06	1.02691650390625E-05	8.38531494140625E-06	1.81440145752276E-06	511258.71875	5.08289303979836E-06
234	152.972375613782	0.96832275390625		1.9329833984375E-06	1.05682373046875E-05	8.63525390625E-06	1.87175180599297E-06	500947.25	5.17831404067692E-06
235	153.022375613656	0.973358154296875		2.0086669921875E-06	1.08367919921875E-05	8.828125E-06	1.9560718556022E-06	484807.03125	5.27685551787727E-06
236	153.072375613529	0.9783935546875		2.113037109375E-06	1.1077880859375E-05	8.96484375E-06	2.06738172892074E-06	463027.1875	5.37989808435668E-06
237	153.122375613403	0.983428955078125		2.23968505859375E-06	1.12823486328125E-05	9.04266357421875E-06	2.20359629565792E-06	439296.90625	5.48871594219236E-06
238	153.172375613277	0.98846435546875		2.386474609375E-06	1.14471435546875E-05	9.0606689453125E-06	2.35894503930467E-06	414194.375	5.60437001695391E-06
239	153.222375613151	0.993499755859375		2.5506591796875E-06	1.15631103515625E-05	9.012451171875E-06	2.53524672189087E-06	389686.5625	5.72779845242621E-06
240	153.272375613024	0.99853515625		2.72918701171875E-06	1.16241455078125E-05	8.89495849609375E-06	2.72435613624111E-06	365760.9375	5.85979432798922E-06
241	153.322375612898	1.00357055664063		2.919921875E-06	1.16302490234375E-05	8.7103271484375E-06	2.92990193884179E-06	343645.5	6.00102202952257E-06
242	153.372375612772	1.00860595703125		3.1158447265625E-06	1.1578369140625E-05	8.4625244140625E-06	3.14361045639089E-06	323800.1875	6.15191629549372E-06
243	153.422375612646	1.01364135742188		3.3172607421875E-06	1.146240234375E-05	8.1451416015625E-06	3.36301877723599E-06	305611.78125	6.31274406259763E-06
244	153.472375612519	1.0186767578125		3.52203369140625E-06	1.129150390625E-05	7.76947021484375E-06	3.58888860318984E-06	289316.34375	6.48372633804684E-06
245	153.522375612393	1.02371215820313		3.7261962890625E-06	1.1065673828125E-05	7.3394775390625E-06	3.81398376703146E-06	274692.875	6.66493224343867E-06
246	153.572375612267	1.02874755859375		3.92730712890625E-06	1.07940673828125E-05	6.86676025390625E-06	4.0402073864243E-06	261947.34375	6.8562694650609E-06
247	153.622375612141	1.03378295898438		4.1241455078125E-06	1.048583984375E-05	6.3616943359375E-06	4.2641008803912E-06	250702.96875	7.05755610397318E-06
248	153.672375612015	1.038818359375		4.3145751953125E-06	1.0150146484375E-05	5.8355712890625E-06	4.48205992142903E-06	240769.5625	7.26852385923848E-06
249	153.722375611888	1.04385375976563		4.495849609375E-06	9.8052978515625E-06	5.3094482421875E-06	4.68957932753256E-06	232011.9375	7.48878437661915E-06
250	153.772375611762	1.04888916015625		4.66461181640625E-06	9.454345703125E-06	4.78973388671875E-06	4.89266085423878E-06	224860.96875	7.71779650676763E-06
251	153.822375611636	1.05392456054688		4.82177734375E-06	9.1156005859375E-06	4.2938232421875E-06	5.0825251491915E-06	218607.609375	7.95495543570723E-06
252	153.87237561151	1.0589599609375		4.9652099609375E-06	8.7890625E-06	3.8238525390625E-06	5.25644327353803E-06	213214.515625	8.19963042886229E-06
253	153.922375611383	1.06399536132813		5.09033203125E-06	8.48388671875E-06	3.3935546875E-06	5.41531289854902E-06	208992.8125	8.45101931190584E-06
254	153.972375611257	1.06903076171875		5.1971435546875E-06	8.2000732421875E-06	3.0029296875E-06	5.55432006876799E-06	205637.125	8.70820622367319E-06
255	154.022375611131	1.07406616210938		5.28564453125E-06	7.9376220703125E-06	2.6519775390625E-06	5.67793813388562E-06	203233.265625	8.97027530299965E-06
256	154.072375611005	1.0791015625		5.352783203125E-06	7.696533203125E-06	2.34375E-06	5.77782975597074E-06	201653.375	9.23623611015501E-06
257	154.122375610878	1.08413696289063		5.4046630859375E-06	7.4798583984375E-06	2.0751953125E-06	5.86186934015132E-06	200677.578125	9.50517278397456E-06
258	154.172375610752	1.08917236328125		5.4412841796875E-06	7.2845458984375E-06	1.84326171875E-06	5.92483547734446E-06	200112.171875	9.77632134890882E-06
259	154.222375610626	1.09420776367188		5.462646484375E-06	7.1075439453125E-06	1.6448974609375E-06	5.97810321778525E-06	200335.203125	1.00489196483977E-05
260	154.2723756105	1.0992431640625		5.4718017578125E-06	6.94580078125E-06	1.4739990234375E-06	6.01317060500151E-06	200836.59375	1.03222810139414E-05
261	154.322375610373	1.10427856445313		5.4718017578125E-06	6.8023681640625E-06	1.33056640625E-06	6.03988837610814E-06	201728.953125	1.05958706626552E-05
262	154.372375610247	1.10931396484375		5.462646484375E-06	6.6741943359375E-06	1.2115478515625E-06	6.06145658821333E-06	203128.5	1.08692320281989E-05
263	154.422375610121	1.11434936523438		5.4473876953125E-06	6.55517578125E-06	1.1077880859375E-06	6.06946150583099E-06	204537.8125	1.11419831227977E-05
264	154.472375609995	1.119384765625		5.426025390625E-06	6.4483642578125E-06	1.0223388671875E-06	6.07215406489559E-06	206242.96875	1.14138183562318E-05
265	154.522375609869	1.12442016601563		5.3985595703125E-06	6.3507080078125E-06	9.521484375E-07	6.07107313044253E-06	208309.78125	1.16844330477761E-05
266	154.572375609742	1.12945556640625		5.37109375E-06	6.26220703125E-06	8.9111328125E-07	6.06313324169605E-06	210170.453125	1.19536744023208E-05
267	154.622375609616	1.13449096679688		5.340576171875E-06	6.182861328125E-06	8.4228515625E-07	6.05965033173561E-06	212457.140625	1.22214660223108E-05
268	154.67237560949	1.1395263671875		5.3070068359375E-06	6.109619140625E-06	8.02612304687501E-07	6.04585420660442E-06	214663.609375	1.24876551126363E-05
269	154.722375609364	1.14456176757813		5.2764892578125E-06	6.0394287109375E-06	7.62939453125001E-07	6.04168280915474E-06	217004.0625	1.2752242582792E-05
270	154.772375609237	1.14959716796875		5.242919921875E-06	5.9783935546875E-06	7.354736328125E-07	6.02564614382572E-06	219208.375	1.30152275232831E-05
271	154.822375609111	1.15463256835938		5.2093505859375E-06	5.92041015625E-06	7.110595703125E-07	6.0140910136397E-06	221616.875	1.32765344460495E-05
272	154.872375608985	1.15966796875		5.17578125E-06	5.865478515625E-06	6.89697265625E-07	6.0021875469829E-06	224056.609375	1.35361633510911E-05
273	154.922375608859	1.16470336914063		5.145263671875E-06	5.816650390625E-06	6.71386718750001E-07	5.99349095864454E-06	226393.84375	1.37941888169735E-05
274	154.972375608732	1.16973876953125		5.1116943359375E-06	5.7708740234375E-06	6.591796875E-07	5.97778671362903E-06	228776.140625	1.4050612662686E-05
275	155.022375608606	1.17477416992188		5.0811767578125E-06	5.72509765625E-06	6.439208984375E-07	5.96845984546235E-06	231171.171875	1.43054348882288E-05
276	155.07237560848	1.1798095703125		5.0506591796875E-06	5.6854248046875E-06	6.34765625E-07	5.9588160183921E-06	233595.171875	1.45587309816619E-05
277	155.122375608354	1.18484497070313		5.023193359375E-06	5.645751953125E-06	6.2255859375E-07	5.95247183809988E-06	235905.21875	1.48105773405405E-05
278	155.172375608227	1.18988037109375		4.99267578125E-06	5.6121826171875E-06	6.195068359375E-07	5.93916320212884E-06	238264.0625	1.50609739648644E-05
279	155.222375608101	1.19491577148438		4.9652099609375E-06	5.5755615234375E-06	6.103515625E-07	5.93528056924697E-06	240749.84375	1.53099208546337E-05
280	155.272375607975	1.199951171875		4.9407958984375E-06	5.5450439453125E-06	6.04248046875E-07	5.92720607528463E-06	242804.203125	1.55575708049582E-05
281	155.322375607849	1.20498657226563		4.915771484375E-06	5.5145263671875E-06	5.98754882812499E-07	5.9241888266115E-06	245157.6875	1.58039856614778E-05
282	155.372375607722	1.21002197265625		4.89227294921875E-06	5.487060546875E-06	5.94787597656249E-07	5.9182648328715E-06	247270.90625	1.60491854330758E-05
283	155.422375607596	1.21505737304688		4.869384765625E-06	5.4595947265625E-06	5.90209960937499E-07	5.91881052969256E-06	249623.96875	1.62932283274131E-05
284	155.47237560747	1.2200927734375		4.84710693359375E-06	5.4351806640625E-06	5.88073730468749E-07	5.9124408835487E-06	251652.703125	1.65361398103414E-05
285	155.522375607344	1.22512817382813		4.82635498046875E-06	5.4107666015625E-06	5.8441162109375E-07	5.91364005231299E-06	253872.90625	1.67779762705322E-05
286	155.572375607218	1.23016357421875		4.80621337890625E-06	5.3863525390625E-06	5.80139160156252E-07	5.90949503020965E-06	255825.765625	1.70187904586783E-05
287	155.622375607091	1.23519897460938		4.786376953125E-06	5.364990234375E-06	5.78613281250001E-07	5.91285834161681E-06	258097.4375	1.72586060216418E-05
288	155.672375606965	1.240234375		4.76776123046875E-06	5.3466796875E-06	5.78918457031249E-07	5.91314164921641E-06	260129.296875	1.74974593392108E-05
289	155.722375606839	1.24526977539063		4.75067138671875E-06	5.3253173828125E-06	5.7464599609375E-07	5.91514253756031E-06	262092.890625	1.77354195329826E-05
290	155.772375606713	1.25030517578125		4.73388671875E-06	5.31005859375E-06	5.76171875000001E-07	5.92024753132137E-06	264182.5625	1.79725338966819E-05
291	155.822375606586	1.25534057617188		4.71771240234375E-06	5.291748046875E-06	5.74035644531251E-07	5.924495326326E-06	266188	1.82088242581813E-05
292	155.87237560646	1.2603759765625		4.7021484375E-06	5.2734375E-06	5.712890625E-07	5.92504011365236E-06	267977.65625	1.84443197213113E-05
293	155.922375606334	1.26541137695313		4.68780517578125E-06	5.26123046875E-06	5.73425292968748E-07	5.92985588809825E-06	269839.21875	1.86790693987859E-05
294	155.972375606208	1.27044677734375		4.674072265625E-06	5.2459716796875E-06	5.71899414062499E-07	5.93673348703305E-06	271742	1.89131169463508E-05
295	156.022375606081	1.27548217773438		4.66094970703125E-06	5.2337646484375E-06	5.72814941406249E-07	5.94424727751175E-06	273620.09375	1.91464914678363E-05
296	156.072375605955	1.280517578125		4.6478271484375E-06	5.218505859375E-06	5.706787109375E-07	5.95162418903783E-06	275508.875	1.93792111531366E-05
297	156.122375605829	1.28555297851563		4.63592529296875E-06	5.2093505859375E-06	5.73425292968749E-07	5.9604344642139E-06	277335.28125	1.9611305106082E-05
298	156.172375605703	1.29058837890625		4.6246337890625E-06	5.1971435546875E-06	5.72509765625001E-07	5.96849849898717E-06	279068.25	1.98428188014077E-05
299	156.222375605576	1.29562377929688		4.6136474609375E-06	5.18798828125E-06	5.74340820312499E-07	5.97825510340044E-06	280857.25	2.00737758859759E-05
300	156.27237560545	1.3006591796875		4.603271484375E-06	5.17578125E-06	5.72509765625001E-07	5.98869200985064E-06	282617.34375	2.03041981876595E-05
301	156.322375605324	1.30569458007813		4.59381103515625E-06	5.1666259765625E-06	5.72814941406249E-07	5.99601116846316E-06	284129.40625	2.05341257242253E-05
302	156.372375605198	1.31072998046875		4.5843505859375E-06	5.1605224609375E-06	5.76171875E-07	6.00884550294722E-06	285914	2.07635803235462E-05
303	156.422375605071	1.31576538085938		4.57550048828125E-06	5.1513671875E-06	5.75866699218749E-07	6.01958709012251E-06	287534.1875	2.09925765375374E-05
304	156.472375604945	1.32080078125		4.56634521484375E-06	5.145263671875E-06	5.7891845703125E-07	6.02983845965355E-06	289180	2.12211216421565E-05
305	156.522375604819	1.32583618164063		4.55810546875E-06	5.1361083984375E-06	5.78002929687499E-07	6.04399656367605E-06	290907.875	2.14492338272976E-05
306	156.572375604693	1.33087158203125		4.55078125E-06	5.1300048828125E-06	5.792236328125E-07	6.05650575380423E-06	292449.03125	2.16769549297169E-05
307	156.622375604567	1.33590698242188		4.54315185546875E-06	5.126953125E-06	5.8380126953125E-07	6.06714820605703E-06	293947.75	2.19043049582979E-05
308	156.67237560444	1.3409423828125		4.5361328125E-06	5.120849609375E-06	5.84716796875001E-07	6.08269238000503E-06	295613.59375	2.21312857320299E-05
309	156.722375604314	1.34597778320313		4.52972412109375E-06	5.11474609375E-06	5.85021972656249E-07	6.0948341342737E-06	297042.40625	2.23579318117118E-05
310	156.772375604188	1.35101318359375		4.5233154296875E-06	5.1116943359375E-06	5.88378906250001E-07	6.11105906500597E-06	298677.625	2.25842577492585E-05
311	156.822375604062	1.35604858398438		4.5172119140625E-06	5.108642578125E-06	5.91430664062501E-07	6.1248697420524E-06	300162.15625	2.28102726396173E-05
312	156.872375603935	1.361083984375		4.51141357421875E-06	5.1025390625E-06	5.9112548828125E-07	6.14041255175835E-06	301697.90625	2.30359873967245E-05
313	156.922375603809	1.36611938476563		4.50592041015625E-06	5.0994873046875E-06	5.9356689453125E-07	6.15493763689301E-06	303149.34375	2.32614202104742E-05
314	156.972375603683	1.37115478515625		4.5013427734375E-06	5.0994873046875E-06	5.98144531249999E-07	6.17066370978137E-06	304542.375	2.34866020036861E-05
315	157.022375603557	1.37619018554688		4.49615478515625E-06	5.096435546875E-06	6.0028076171875E-07	6.1882501540822E-06	306115.53125	2.3711540052318E-05
316	157.07237560343	1.3812255859375		4.49188232421875E-06	5.0933837890625E-06	6.01501464843752E-07	6.20293167230557E-06	307425.8125	2.3936239813338E-05
317	157.122375603304	1.38626098632813		4.48760986328125E-06	5.09033203125E-06	6.0272216796875E-07	6.22168272457202E-06	308942.5625	2.41607285715872E-05
318	157.172375603178	1.39129638671875		4.4830322265625E-06	5.09033203125E-06	6.072998046875E-07	6.23722644377267E-06	310347.1875	2.43849935941398E-05
319	157.222375603052	1.39633178710938		4.4793701171875E-06	5.0872802734375E-06	6.0791015625E-07	6.25400343778892E-06	311690.96875	2.46090548898792E-05
320	157.272375602925	1.4013671875		4.47509765625E-06	5.0872802734375E-06	6.12182617187502E-07	6.26852397545008E-06	313011.4375	2.48329160967842E-05
321	157.322375602799	1.40640258789063		4.47113037109375E-06	5.084228515625E-06	6.13098144531248E-07	6.28752650300157E-06	314517.8125	2.50565717578866E-05
322	157.372375602673	1.41143798828125		4.4677734375E-06	5.084228515625E-06	6.16455078125E-07	6.30598469797405E-06	315915.3125	2.52800437010592E-05
323	157.422375602547	1.41647338867188		4.4635009765625E-06	5.0811767578125E-06	6.17675781249999E-07	6.32174896963988E-06	317311.65625	2.55033264693338E-05
324	157.47237560242	1.4215087890625		4.4598388671875E-06	5.0811767578125E-06	6.21337890625001E-07	6.34106072538998E-06	318803.90625	2.57264091487741E-05
325	157.522375602294	1.42654418945313		4.45648193359375E-06	5.078125E-06	6.2164306640625E-07	6.35940796200885E-06	320208.1875	2.59493172052316E-05
326	157.572375602168	1.43157958984375		4.453125E-06	5.078125E-06	6.25000000000001E-07	6.37636139799724E-06	321546.0625	2.6172057914664E-05
327	157.622375602042	1.43661499023438		4.44976806640625E-06	5.0750732421875E-06	6.25305175781249E-07	6.39192421658663E-06	322817.375	2.63946294580819E-05
328	157.672375601916	1.441650390625		4.44580078125E-06	5.0750732421875E-06	6.29272460937499E-07	6.41064707451733E-06	324341.03125	2.66170191025594E-05
329	157.722375601789	1.44668579101563		4.4427490234375E-06	5.0750732421875E-06	6.3232421875E-07	6.42658369542914E-06	325594.1875	2.68392323050648E-05
330	157.772375601663	1.45172119140625		4.44000244140625E-06	5.0750732421875E-06	6.35070800781251E-07	6.44835517960018E-06	327101.53125	2.70613018074073E-05
331	157.822375601537	1.45675659179688		4.43695068359375E-06	5.072021484375E-06	6.35070800781252E-07	6.4628798099875E-06	328289.46875	2.72832257905975E-05
332	157.872375601411	1.4617919921875		4.4342041015625E-06	5.0750732421875E-06	6.40869140625E-07	6.48053082841216E-06	329593.9375	2.75050042546354E-05
333	157.922375601284	1.46682739257813		4.43145751953125E-06	5.0750732421875E-06	6.43615722656249E-07	6.49815456199576E-06	330900.09375	2.77266462944681E-05
334	157.972375601158	1.47186279296875		4.4293212890625E-06	5.0750732421875E-06	6.45751953125001E-07	6.52070457363152E-06	332368.75	2.79481646430213E-05
335	158.022375601032	1.47689819335938		4.4268798828125E-06	5.078125E-06	6.51245117187499E-07	6.53737561151502E-06	333586.09375	2.81695702142315E-05
336	158.072375600906	1.48193359375		4.42535400390625E-06	5.0811767578125E-06	6.55822753906249E-07	6.55808071314823E-06	334873.46875	2.83908757410245E-05
337	158.122375600779	1.48696899414063		4.42413330078125E-06	5.0872802734375E-06	6.63146972656251E-07	6.57922419122769E-06	336138.5	2.86121139652096E-05
338	158.172375600653	1.49200439453125		4.42352294921875E-06	5.09033203125E-06	6.6680908203125E-07	6.59991565044038E-06	337288.71875	2.88333048956702E-05
339	158.222375600527	1.49703979492188		4.4232177734375E-06	5.0994873046875E-06	6.76269531250001E-07	6.62240790916258E-06	338484.875	2.90544739982579E-05
340	158.272375600401	1.5020751953125		4.42352294921875E-06	5.1055908203125E-06	6.8206787109375E-07	6.64176423015306E-06	339427.375	2.92756412818562E-05
