Potential - Start 1.505 V, Stop -0.205 V, Step -0.005 V; Modulation - Amplitude -0.05 V, Time 0.025 s, Interval time 0.05 s
Index	Base.Time (s)	Potential applied (V)	WE(1).Base.Potential (V)	WE(1).Base.Current (A)	WE(1).Pulse.Current (A)	WE(1).δ.Current (A)	WE(1).Base.Power (W)	WE(1).Base.Resistance (Ω)	WE(1).Base.Charge (C)
1	162.072599590806	1.50497436523438	1.50482177734375	2.94403076171875E-06	2.3681640625E-06	-5.7586669921875E-07	4.43024146079551E-06	511143.375	0
2	162.12259959068	1.49993896484375	1.500244140625	3.028564453125E-06	2.38983154296875E-06	-6.38732910156249E-07	4.54358587376191E-06	495364.78125	1.49314871578099E-07
3	162.172599590554	1.49490356445313	1.4947509765625	3.0157470703125E-06	2.38616943359375E-06	-6.29577636718749E-07	4.50779089078424E-06	495648.65625	3.00422669852196E-07
4	162.222599590427	1.4898681640625	1.49017333984375	2.9949951171875E-06	2.37823486328125E-06	-6.16760253906248E-07	4.46306148660369E-06	497554.53125	4.50691203468523E-07
5	162.272599590301	1.48483276367188	1.48468017578125	2.97271728515625E-06	2.36846923828125E-06	-6.04248046875001E-07	4.4135344978713E-06	499435.375	5.99884003804618E-07
6	162.322599590175	1.47979736328125	1.4801025390625	2.9522705078125E-06	2.3590087890625E-06	-5.93261718749999E-07	4.36966320194188E-06	501343.8125	7.4800868787861E-07
7	162.372599590049	1.47476196289063	1.474609375	2.93365478515625E-06	2.3492431640625E-06	-5.8441162109375E-07	4.32599472333095E-06	502652.65625	8.95156858859991E-07
8	162.422599589922	1.4697265625	1.47003173828125	2.91595458984375E-06	2.34039306640625E-06	-5.755615234375E-07	4.2865458453889E-06	504133.96875	1.04139712675533E-06
9	162.472599589796	1.46469116210938	1.46453857421875	2.90008544921875E-06	2.33123779296875E-06	-5.6884765625E-07	4.24728659709217E-06	504998.4375	1.18679804472777E-06
10	162.52259958967	1.45965576171875	1.4599609375	2.8857421875E-06	2.32330322265625E-06	-5.62438964843751E-07	4.21307095166412E-06	505922.1875	1.33144374103722E-06
11	162.572599589544	1.45462036132813	1.455078125	2.87322998046875E-06	2.314453125E-06	-5.58776855468749E-07	4.18077388530946E-06	506425.90625	1.47541811656993E-06
12	162.622599589417	1.4495849609375	1.44927978515625	2.8607177734375E-06	2.3065185546875E-06	-5.54199218749998E-07	4.14598071074579E-06	506614.03125	1.61876675974781E-06
13	162.672599589291	1.44454956054688	1.44439697265625	2.8497314453125E-06	2.2991943359375E-06	-5.50537109375E-07	4.11614337281208E-06	506853.71875	1.76152798303519E-06
14	162.722599589165	1.43951416015625	1.4398193359375	2.8399658203125E-06	2.2918701171875E-06	-5.48095703125001E-07	4.08903724746779E-06	506984.78125	1.90377045328205E-06
15	162.772599589039	1.43447875976563	1.43402099609375	2.830810546875E-06	2.28363037109375E-06	-5.4718017578125E-07	4.05944183512474E-06	506576.125	2.04553975891031E-06
16	162.822599588912	1.429443359375	1.42913818359375	2.82196044921875E-06	2.27630615234375E-06	-5.45654296874999E-07	4.03297144657699E-06	506434.53125	2.18685909203487E-06
17	162.872599588786	1.42440795898438	1.4239501953125	2.8143310546875E-06	2.26898193359375E-06	-5.45349121093749E-07	4.00746739614988E-06	505964	2.32776642405952E-06
18	162.92259958866	1.41937255859375	1.4190673828125	2.80731201171875E-06	2.26165771484375E-06	-5.45654296874999E-07	3.98376459997962E-06	505489.75	2.46830745709303E-06
19	162.972599588534	1.41433715820313	1.41448974609375	2.79998779296875E-06	2.254638671875E-06	-5.45349121093749E-07	3.96055384044303E-06	505177.125	2.60848992184037E-06
20	163.022599588408	1.4093017578125	1.4093017578125	2.7935791015625E-06	2.2467041015625E-06	-5.46874999999999E-07	3.9369961086777E-06	504478.90625	2.74832905233779E-06
21	163.072599588281	1.40426635742188	1.40380859375	2.78717041015625E-06	2.2393798828125E-06	-5.4779052734375E-07	3.9126539377321E-06	503668.03125	2.88784781332652E-06
22	163.122599588155	1.39923095703125	1.3995361328125	2.7813720703125E-06	2.23175048828125E-06	-5.49621582031248E-07	3.89263050237787E-06	503181.9375	3.02706143884279E-06
23	163.172599588029	1.39419555664063	1.39434814453125	2.77587890625E-06	2.2247314453125E-06	-5.51147460937501E-07	3.87054160455591E-06	502308.71875	3.16599266625417E-06
24	163.222599587903	1.38916015625	1.3897705078125	2.77099609375E-06	2.21710205078125E-06	-5.5389404296875E-07	3.85104840461281E-06	501541.875	3.30466446030186E-06
25	163.272599587776	1.38412475585938	1.38427734375	2.76580810546875E-06	2.20977783203125E-06	-5.56030273437501E-07	3.82864527637139E-06	500496.5625	3.44308455169084E-06
26	163.32259958765	1.37908935546875	1.37908935546875	2.76123046875E-06	2.20184326171875E-06	-5.5938720703125E-07	3.80798360311019E-06	499447.40625	3.58126067112607E-06
27	163.372599587524	1.37405395507813	1.37420654296875	2.75634765625E-06	2.19390869140625E-06	-5.62438964843749E-07	3.78779100174143E-06	498560.6875	3.71920009456517E-06
28	163.422599587398	1.3690185546875	1.36871337890625	2.75146484375E-06	2.186279296875E-06	-5.65185546875001E-07	3.76596653950401E-06	497449	3.85689554605051E-06
29	163.472599587271	1.36398315429688	1.36383056640625	2.7471923828125E-06	2.17864990234375E-06	-5.68542480468749E-07	3.74670503333618E-06	496445.21875	3.99436157749733E-06
30	163.522599587145	1.35894775390625	1.35894775390625	2.74383544921875E-06	2.1710205078125E-06	-5.72814941406251E-07	3.72872909792932E-06	495273.0625	4.13163752455148E-06
31	163.572599587019	1.35391235351563	1.35345458984375	2.73956298828125E-06	2.16339111328125E-06	-5.76171874999999E-07	3.70787392967031E-06	494040.34375	4.26872247771826E-06
32	163.622599586893	1.348876953125	1.34918212890625	2.735595703125E-06	2.15576171875E-06	-5.79833984374999E-07	3.69081681128591E-06	493195	4.40560143033508E-06
33	163.672599586766	1.34384155273438	1.34368896484375	2.73162841796875E-06	2.14752197265625E-06	-5.84106445312501E-07	3.6704589092551E-06	491900.34375	4.54228211310692E-06
34	163.72259958664	1.33880615234375	1.33880615234375	2.7276611328125E-06	2.13958740234375E-06	-5.88073730468751E-07	3.6518092656479E-06	490825.71875	4.67876407128642E-06
35	163.772599586514	1.33377075195313	1.3336181640625	2.72369384765625E-06	2.1319580078125E-06	-5.91735839843751E-07	3.63236745215545E-06	489635.875	4.81504821436829E-06
36	163.822599586388	1.3287353515625	1.3287353515625	2.7203369140625E-06	2.1240234375E-06	-5.96313476562499E-07	3.61460774911393E-06	488445.15625	4.95114909426775E-06
37	163.872599586261	1.32369995117188	1.3238525390625	2.71636962890625E-06	2.1160888671875E-06	-6.00280761718751E-07	3.59607292921282E-06	487360.96875	5.0870667109848E-06
38	163.922599586135	1.31866455078125	1.318359375	2.7130126953125E-06	2.1087646484375E-06	-6.04248046875E-07	3.57672570316936E-06	485939.25	5.22280106451944E-06
39	163.972599586009	1.31362915039063	1.3134765625	2.70904541015625E-06	2.10174560546875E-06	-6.072998046875E-07	3.55826750819688E-06	484848.5	5.35835260961903E-06
40	164.022599585883	1.30859375	1.30889892578125	2.70599365234375E-06	2.093505859375E-06	-6.12487792968749E-07	3.54187227458169E-06	483703.625	5.49372862224118E-06
41	164.072599585757	1.30355834960938	1.3031005859375	2.7020263671875E-06	2.08648681640625E-06	-6.15539550781249E-07	3.52101187672815E-06	482267.9375	5.62892910238588E-06
42	164.12259958563	1.29852294921875	1.29852294921875	2.698974609375E-06	2.078857421875E-06	-6.20117187499999E-07	3.50468053511577E-06	481117.125	5.76395405005314E-06
43	164.172599585504	1.29348754882813	1.29364013671875	2.69500732421875E-06	2.07061767578125E-06	-6.24389648437501E-07	3.4863694509113E-06	480013.625	5.89880346524296E-06
44	164.222599585378	1.2884521484375	1.28814697265625	2.69134521484375E-06	2.0635986328125E-06	-6.27746582031249E-07	3.46684805663244E-06	478625.71875	6.03346234129276E-06
45	164.272599585252	1.28341674804688	1.2835693359375	2.68768310546875E-06	2.05596923828125E-06	-6.317138671875E-07	3.44982754540979E-06	477574.65625	6.16793795416015E-06
46	164.322599585125	1.27838134765625	1.2786865234375	2.68463134765625E-06	2.0477294921875E-06	-6.3690185546875E-07	3.4328018045926E-06	476298.75	6.30224576525507E-06
47	164.372599584999	1.27334594726563	1.27349853515625	2.6812744140625E-06	2.039794921875E-06	-6.41479492187501E-07	3.41459895025764E-06	474960.1875	6.43639350528247E-06
48	164.422599584873	1.268310546875	1.268310546875	2.6788330078125E-06	2.0318603515625E-06	-6.4697265625E-07	3.39759208145551E-06	473456.375	6.57039618090494E-06
49	164.472599584747	1.26327514648438	1.26312255859375	2.67578125E-06	2.022705078125E-06	-6.53076171875E-07	3.37983965437161E-06	472057.5	6.70426152282744E-06
50	164.52259958462	1.25823974609375	1.25762939453125	2.67333984375E-06	2.01324462890625E-06	-6.6009521484375E-07	3.36207085638307E-06	470433.78125	6.83798953104997E-06
51	164.572599584494	1.25320434570313	1.25335693359375	2.67059326171875E-06	2.003173828125E-06	-6.67419433593751E-07	3.34720652972464E-06	469317.8125	6.9715879362775E-06
52	164.622599584368	1.2481689453125	1.24786376953125	2.66876220703125E-06	1.99310302734375E-06	-6.756591796875E-07	3.33025150212052E-06	467581.5	7.10507174517261E-06
53	164.672599584242	1.24313354492188	1.24298095703125	2.667236328125E-06	1.98150634765625E-06	-6.8572998046875E-07	3.31532373820664E-06	466018.3125	7.23847188055515E-06
54	164.722599584115	1.23809814453125	1.2384033203125	2.666015625E-06	1.9696044921875E-06	-6.96411132812501E-07	3.30160241901467E-06	464514.6875	7.37180289434036E-06
55	164.772599583989	1.23306274414063	1.23291015625	2.664794921875E-06	1.95587158203125E-06	-7.08923339843749E-07	3.28545274896896E-06	462666.0625	7.5050734267279E-06
56	164.822599583863	1.22802734375	1.22772216796875	2.66448974609375E-06	1.94122314453125E-06	-7.23266601562501E-07	3.27125326293753E-06	460771.96875	7.63830576033797E-06
57	164.872599583737	1.22299194335938	1.22314453125	2.664794921875E-06	1.925048828125E-06	-7.39746093749999E-07	3.25942937706714E-06	459001.375	7.77153763920069E-06
58	164.92259958361	1.21795654296875	1.21795654296875	2.66571044921875E-06	1.90643310546875E-06	-7.59277343750001E-07	3.24671941598353E-06	456897.5625	7.90480044088326E-06
59	164.972599583484	1.21292114257813	1.21337890625	2.667236328125E-06	1.885986328125E-06	-7.8125E-07	3.23636822940898E-06	454919.9375	8.03812417871086E-06
60	165.022599583358	1.2078857421875	1.2078857421875	2.66937255859375E-06	1.86248779296875E-06	-8.06884765624999E-07	3.2242969609797E-06	452498.03125	8.17153886600863E-06
61	165.072599583232	1.20285034179688	1.20330810546875	2.67333984375E-06	1.83624267578125E-06	-8.3709716796875E-07	3.21685160997731E-06	450114.15625	8.305107257911E-06
62	165.122599583106	1.19781494140625	1.197509765625	2.6776123046875E-06	1.805419921875E-06	-8.72192382812499E-07	3.20646677209879E-06	447230.46875	8.43888028612128E-06
63	165.172599582979	1.19277954101563	1.19293212890625	2.68463134765625E-06	1.77032470703125E-06	-9.14306640625E-07	3.20258277497487E-06	444356.0625	8.5729370766785E-06
64	165.222599582853	1.187744140625	1.18804931640625	2.69317626953125E-06	1.7291259765625E-06	-9.6405029296875E-07	3.19962600769941E-06	441133.15625	8.70738222147338E-06
65	165.272599582727	1.18270874023438	1.1822509765625	2.70355224609375E-06	1.6815185546875E-06	-1.02203369140625E-06	3.19627724820748E-06	437295.4375	8.84230030351318E-06
66	165.322599582601	1.17767333984375	1.177978515625	2.71636962890625E-06	1.6259765625E-06	-1.09039306640625E-06	3.19982495966542E-06	433659.125	8.97779864317272E-06
67	165.372599582474	1.17263793945313	1.17218017578125	2.73162841796875E-06	1.56219482421875E-06	-1.16943359375E-06	3.20196068059886E-06	429114.0625	9.11399820324732E-06
68	165.422599582348	1.1676025390625	1.1676025390625	2.75054931640625E-06	1.48773193359375E-06	-1.2628173828125E-06	3.21154834637127E-06	424497.9375	9.25105268834159E-06
69	165.472599582222	1.16256713867188	1.16302490234375	2.7734375E-06	1.40106201171875E-06	-1.37237548828125E-06	3.22557684739877E-06	419344.1875	9.38915218284819E-06
70	165.522599582096	1.15753173828125	1.1578369140625	2.80029296875E-06	1.3006591796875E-06	-1.4996337890625E-06	3.24228244608094E-06	413469.9375	9.52849586610682E-06
71	165.572599581969	1.15249633789063	1.15264892578125	2.83203125E-06	1.18560791015625E-06	-1.64642333984375E-06	3.26433769259893E-06	407004.3125	9.66930383583531E-06
72	165.622599581843	1.1474609375	1.1474609375	2.8692626953125E-06	1.05438232421875E-06	-1.81488037109375E-06	3.29236672769184E-06	399914.9375	9.81183620751835E-06
73	165.672599581717	1.14242553710938	1.142578125	2.9119873046875E-06	9.051513671875E-07	-2.0068359375E-06	3.32717286255502E-06	392370.59375	9.9563676485559E-06
74	165.722599581591	1.13739013671875	1.1376953125	2.96112060546875E-06	7.38525390625E-07	-2.22259521484375E-06	3.36885295837419E-06	384211.0625	1.01031946542207E-05
75	165.772599581464	1.13235473632813	1.1322021484375	3.01666259765625E-06	5.52978515624999E-07	-2.46368408203125E-06	3.41547183779767E-06	375316.15625	1.02526391856372E-05
76	165.822599581338	1.1273193359375	1.12762451171875	3.07861328125E-06	3.48815917968751E-07	-2.72979736328125E-06	3.4715196761681E-06	366276.78125	1.04050213849405E-05
77	165.872599581212	1.12228393554688	1.1224365234375	3.145751953125E-06	1.27563476562501E-07	-3.0181884765625E-06	3.53090672433609E-06	356810.25	1.05606304714456E-05
78	165.922599581086	1.11724853515625	1.1175537109375	3.21868896484375E-06	-1.07727050781251E-07	-3.326416015625E-06	3.59705768460117E-06	347207.75	1.07197411125526E-05
79	165.972599580959	1.11221313476563	1.11236572265625	3.29559326171875E-06	-3.54614257812499E-07	-3.65020751953125E-06	3.66590484190965E-06	337531.25	1.08825988718309E-05
80	166.022599580833	1.107177734375	1.107177734375	3.37432861328125E-06	-6.085205078125E-07	-3.98284912109375E-06	3.73598140868125E-06	328117.9375	1.10493465399486E-05
81	166.072599580707	1.10214233398438	1.102294921875	3.45306396484375E-06	-8.65783691406249E-07	-4.31884765625E-06	3.80629489882267E-06	319222.28125	1.12200314106303E-05
82	166.122599580581	1.09710693359375	1.09710693359375	3.52783203125E-06	-1.116943359375E-06	-4.644775390625E-06	3.87040881832945E-06	310986.15625	1.13945534394588E-05
83	166.172599580455	1.09207153320313	1.0919189453125	3.59588623046875E-06	-1.35650634765625E-06	-4.952392578125E-06	3.92641595681198E-06	303657.84375	1.15726470539812E-05
84	166.222599580328	1.0870361328125	1.0870361328125	3.6529541015625E-06	-1.57989501953125E-06	-5.23284912109375E-06	3.97089297621278E-06	297577.28125	1.17538675112883E-05
85	166.272599580202	1.08200073242188	1.08245849609375	3.6944580078125E-06	-1.7791748046875E-06	-5.4736328125E-06	3.99909731640946E-06	292995.21875	1.19375526992371E-05
86	166.322599580076	1.07696533203125	1.0772705078125	3.717041015625E-06	-1.94732666015625E-06	-5.66436767578125E-06	4.00425869884202E-06	289819.375	1.21228404168505E-05
87	166.37259957995	1.07192993164063	1.07208251953125	3.717041015625E-06	-2.08099365234375E-06	-5.79803466796875E-06	3.98497468268033E-06	288423.65625	1.23086929306737E-05
88	166.422599579823	1.06689453125	1.06719970703125	3.6932373046875E-06	-2.1759033203125E-06	-5.869140625E-06	3.94142170989653E-06	288960.5	1.24939497254672E-05
89	166.472599579697	1.06185913085938	1.06170654296875	3.6444091796875E-06	-2.22900390625E-06	-5.8734130859375E-06	3.86929286833038E-06	291324.75	1.2677391168836E-05
90	166.522599579571	1.05682373046875	1.0565185546875	3.57147216796875E-06	-2.24029541015625E-06	-5.811767578125E-06	3.77332639800443E-06	295821.59375	1.28577876239433E-05
91	166.572599579445	1.05178833007813	1.05133056640625	3.4735107421875E-06	-2.2113037109375E-06	-5.684814453125E-06	3.65180790140585E-06	302670.90625	1.30339121824363E-05
92	166.622599579318	1.0467529296875	1.0467529296875	3.35723876953125E-06	-2.14630126953125E-06	-5.5035400390625E-06	3.5141995340382E-06	311789.84375	1.32046807266306E-05
93	166.672599579192	1.04171752929688	1.0418701171875	3.22601318359375E-06	-2.05108642578125E-06	-5.277099609375E-06	3.36108678311575E-06	322959.03125	1.33692619783687E-05
94	166.722599579066	1.03668212890625	1.03668212890625	3.0816650390625E-06	-1.929931640625E-06	-5.0115966796875E-06	3.19470700560487E-06	336403.25	1.35269547172356E-05
95	166.77259957894	1.03164672851563	1.03179931640625	2.93060302734375E-06	-1.790771484375E-06	-4.72137451171875E-06	3.02379407912667E-06	352077.5	1.36772614496294E-05
96	166.822599578813	1.026611328125	1.0260009765625	2.77862548828125E-06	-1.64215087890625E-06	-4.4207763671875E-06	2.85087253359961E-06	369247.65625	1.38199920911575E-05
97	166.872599578687	1.02157592773438	1.02142333984375	2.62969970703125E-06	-1.4892578125E-06	-4.11895751953125E-06	2.68603662334499E-06	388418.25	1.39552003020071E-05
98	166.922599578561	1.01654052734375	1.01654052734375	2.4871826171875E-06	-1.33575439453125E-06	-3.82293701171875E-06	2.52832205660525E-06	408711.65625	1.40831216413062E-05
99	166.972599578435	1.01150512695313	1.0113525390625	2.35595703125E-06	-1.190185546875E-06	-3.546142578125E-06	2.38270308727806E-06	429274.625	1.42042008519638E-05
100	167.022599578308	1.0064697265625	1.00677490234375	2.23968505859375E-06	-1.0565185546875E-06	-3.29620361328125E-06	2.2548586002813E-06	449516.28125	1.43190918606706E-05
101	167.072599578182	1.00143432617188	1.00128173828125	2.1368408203125E-06	-9.3902587890625E-07	-3.07586669921875E-06	2.13957969208423E-06	468580.40625	1.44285049827886E-05
102	167.122599578056	0.99639892578125	0.99639892578125	2.05078125E-06	-8.41064453125E-07	-2.891845703125E-06	2.04339607989823E-06	485863.125	1.45331950989203E-05
103	167.17259957793	0.991363525390625	0.99151611328125	1.98028564453125E-06	-7.66601562499999E-07	-2.74688720703125E-06	1.96348514691636E-06	500693.5	1.46339716593502E-05
104	167.222599577804	0.986328125	0.986328125	1.927490234375E-06	-7.183837890625E-07	-2.6458740234375E-06	1.90113769349409E-06	511716.3125	1.47316659422358E-05
105	167.272599577677	0.981292724609375	0.98175048828125	1.89178466796875E-06	-6.94580078125E-07	-2.58636474609375E-06	1.85726037216227E-06	518954.6875	1.48271483340068E-05
106	167.322599577551	0.97625732421875	0.9765625	1.87103271484375E-06	-6.96716308593751E-07	-2.5677490234375E-06	1.82718031283002E-06	521937.71875	1.49212182805059E-05
107	167.372599577425	0.971221923828125	0.97137451171875	1.866455078125E-06	-7.2357177734375E-07	-2.59002685546875E-06	1.81302686996787E-06	520438.21875	1.50146561281872E-05
108	167.422599577299	0.9661865234375	0.965576171875	1.8768310546875E-06	-7.75146484375E-07	-2.6519775390625E-06	1.81222333139885E-06	514471.5625	1.51082376760314E-05
109	167.472599577172	0.961151123046875	0.9613037109375	1.89849853515625E-06	-8.4991455078125E-07	-2.7484130859375E-06	1.82503356427333E-06	506349.46875	1.52026213982026E-05
110	167.522599577046	0.95611572265625	0.95611572265625	1.9317626953125E-06	-9.43603515624999E-07	-2.8753662109375E-06	1.84698865268729E-06	494944.71875	1.52983775478788E-05
111	167.57259957692	0.951080322265625	0.9515380859375	1.973876953125E-06	-1.0546875E-06	-3.028564453125E-06	1.8782189954436E-06	482065.59375	1.53960190800717E-05
112	167.622599576794	0.946044921875	0.94573974609375	2.02423095703125E-06	-1.1810302734375E-06	-3.20526123046875E-06	1.91439562513551E-06	467209.40625	1.54959707288072E-05
113	167.672599576667	0.941009521484375	0.94146728515625	2.07855224609375E-06	-1.31683349609375E-06	-3.3953857421875E-06	1.95688880921807E-06	452943.78125	1.55985417222837E-05
114	167.722599576541	0.93597412109375	0.93597412109375	2.1343994140625E-06	-1.45599365234375E-06	-3.59039306640625E-06	1.99774262910069E-06	438518.71875	1.57038648467278E-05
115	167.772599576415	0.930938720703125	0.931396484375	2.19024658203125E-06	-1.597900390625E-06	-3.78814697265625E-06	2.03998797587701E-06	425247.34375	1.58119801199064E-05
116	167.822599576289	0.9259033203125	0.92620849609375	2.24365234375E-06	-1.73370361328125E-06	-3.97735595703125E-06	2.07808989216574E-06	412812.84375	1.5922827515169E-05
117	167.872599576162	0.920867919921875	0.9210205078125	2.2900390625E-06	-1.85882568359375E-06	-4.14886474609375E-06	2.10917278309353E-06	402185.5	1.60361705638934E-05
118	167.922599576036	0.91583251953125	0.9161376953125	2.32635498046875E-06	-1.96929931640625E-06	-4.295654296875E-06	2.13126145354181E-06	393808.21875	1.61515799845802E-05
119	167.97259957591	0.910797119140625	0.91094970703125	2.3504638671875E-06	-2.05963134765625E-06	-4.41009521484375E-06	2.14115425478667E-06	387561.6875	1.62685009854613E-05
120	168.022599575784	0.90576171875	0.90545654296875	2.35992431640625E-06	-2.12860107421875E-06	-4.488525390625E-06	2.13680891647527E-06	383680.3125	1.63862605404574E-05
121	168.072599575657	0.900726318359375	0.90087890625	2.353515625E-06	-2.1710205078125E-06	-4.5245361328125E-06	2.12023246604076E-06	382780.09375	1.65040964930085E-05
122	168.122599575531	0.89569091796875	0.89569091796875	2.33001708984375E-06	-2.1868896484375E-06	-4.51690673828125E-06	2.08697497328103E-06	384413.90625	1.66211848409148E-05
123	168.172599575405	0.890655517578125	0.89111328125	2.2906494140625E-06	-2.1795654296875E-06	-4.47021484375E-06	2.04122807190288E-06	389022.15625	1.67367015819764E-05
124	168.222599575279	0.8856201171875	0.8856201171875	2.23602294921875E-06	-2.1502685546875E-06	-4.38629150390625E-06	1.98026691577979E-06	396069.34375	1.68498681887286E-05
125	168.272599575153	0.880584716796875	0.88104248046875	2.16888427734375E-06	-2.10235595703125E-06	-4.271240234375E-06	1.91087929124478E-06	406219.21875	1.69599916262086E-05
126	168.322599575026	0.87554931640625	0.875244140625	2.09259033203125E-06	-2.0404052734375E-06	-4.13299560546875E-06	1.83152735644398E-06	418258.75	1.70665280165849E-05
127	168.3725995749	0.870513916015625	0.87005615234375	2.01080322265625E-06	-1.9708251953125E-06	-3.98162841796875E-06	1.74951173903537E-06	432690.84375	1.71691135619767E-05
128	168.422599574774	0.865478515625	0.865478515625	1.927490234375E-06	-1.89697265625E-06	-3.824462890625E-06	1.6682012073943E-06	449018.40625	1.72675700014224E-05
129	168.472599574648	0.860443115234375	0.860595703125	1.8450927734375E-06	-1.8255615234375E-06	-3.670654296875E-06	1.58787884174671E-06	466424.09375	1.73618846019963E-05
130	168.522599574521	0.85540771484375	0.85540771484375	1.7681884765625E-06	-1.7608642578125E-06	-3.529052734375E-06	1.51252208979713E-06	483776.34375	1.74522174347658E-05
131	168.572599574395	0.850372314453125	0.85052490234375	1.70013427734375E-06	-1.70928955078125E-06	-3.409423828125E-06	1.44600653584348E-06	500269.25	1.7538925021654E-05
132	168.622599574269	0.8453369140625	0.84564208984375	1.644287109375E-06	-1.676025390625E-06	-3.3203125E-06	1.39047836000827E-06	514291.03125	1.7622534869588E-05
133	168.672599574143	0.840301513671875	0.8404541015625	1.6009521484375E-06	-1.6650390625E-06	-3.2659912109375E-06	1.34552681174682E-06	524971.4375	1.77036654349649E-05
134	168.722599574016	0.83526611328125	0.83526611328125	1.57257080078125E-06	-1.68121337890625E-06	-3.2537841796875E-06	1.31351509935485E-06	531146.9375	1.77830042957794E-05
135	168.77259957389	0.830230712890625	0.8306884765625	1.56036376953125E-06	-1.728515625E-06	-3.28887939453125E-06	1.29617626498657E-06	532368.4375	1.78613281605067E-05
136	168.822599573764	0.8251953125	0.82550048828125	1.5655517578125E-06	-1.80938720703125E-06	-3.37493896484375E-06	1.29236377688358E-06	527290.4375	1.79394755832618E-05
137	168.872599573638	0.820159912109375	0.8203125	1.58721923828125E-06	-1.92718505859375E-06	-3.514404296875E-06	1.30201578940614E-06	516823.6875	1.80182942131069E-05
138	168.922599573511	0.81512451171875	0.8154296875	1.62689208984375E-06	-2.0849609375E-06	-3.71185302734375E-06	1.32661614316021E-06	501219.28125	1.80986480700085E-05
139	168.972599573385	0.810089111328125	0.81024169921875	1.68365478515625E-06	-2.2821044921875E-06	-3.96575927734375E-06	1.36416736040701E-06	481239.8125	1.81814120878698E-05
140	169.022599573259	0.8050537109375	0.80474853515625	1.75750732421875E-06	-2.51922607421875E-06	-4.2767333984375E-06	1.41435145906144E-06	457892	1.82674411917105E-05
141	169.072599573133	0.800018310546875	0.80047607421875	1.845703125E-06	-2.799072265625E-06	-4.644775390625E-06	1.47744117384718E-06	433697.09375	1.83575211849529E-05
142	169.122599573006	0.79498291015625	0.794677734375	1.9439697265625E-06	-3.111572265625E-06	-5.0555419921875E-06	1.54482938796718E-06	408791.21875	1.84522632480366E-05
143	169.17259957288	0.789947509765625	0.7904052734375	2.05780029296875E-06	-3.45733642578125E-06	-5.51513671875E-06	1.62649610047083E-06	384102.0625	1.85523058462422E-05
144	169.222599572754	0.784912109375	0.784912109375	2.178955078125E-06	-3.826904296875E-06	-6.005859375E-06	1.71028830209252E-06	360224.09375	1.86582255992107E-05
145	169.272599572628	0.779876708984375	0.78033447265625	2.30621337890625E-06	-4.217529296875E-06	-6.52374267578125E-06	1.79961762114544E-06	338361.8125	1.87703553820029E-05
146	169.322599572502	0.77484130859375	0.775146484375	2.432861328125E-06	-4.6234130859375E-06	-7.0562744140625E-06	1.88582384907932E-06	318615.15625	1.8888831618824E-05
147	169.372599572375	0.769805908203125	0.76995849609375	2.5531005859375E-06	-5.0323486328125E-06	-7.58544921875E-06	1.96578139366466E-06	301577.8125	1.90134815056808E-05
148	169.422599572249	0.7647705078125	0.76507568359375	2.65960693359375E-06	-5.4351806640625E-06	-8.09478759765625E-06	2.03480067284545E-06	287664.9375	1.91437975445297E-05
149	169.472599572123	0.759735107421875	0.75958251953125	2.745361328125E-06	-5.8258056640625E-06	-8.5711669921875E-06	2.08532856049715E-06	276678.53125	1.92789229913615E-05
150	169.522599571997	0.75469970703125	0.75469970703125	2.806396484375E-06	-6.1920166015625E-06	-8.9984130859375E-06	2.11798646887473E-06	268921.28125	1.94177173398202E-05
151	169.57259957187	0.749664306640625	0.749542236328125	2.8424072265625E-06	-6.5216064453125E-06	-9.364013671875E-06	2.13050429920258E-06	263699.8125	1.95589364011539E-05
152	169.622599571744	0.74462890625	0.744476318359375	2.83111572265625E-06	-6.8084716796875E-06	-9.63958740234375E-06	2.10769849218195E-06	262962.1875	1.97007739188848E-05
153	169.672599571618	0.739593505859375	0.739410400390625	2.78564453125E-06	-7.0404052734375E-06	-9.8260498046875E-06	2.05973447009455E-06	265436.03125	1.98411944438703E-05
154	169.722599571492	0.73455810546875	0.734344482421875	2.70599365234375E-06	-7.21435546875E-06	-9.92034912109375E-06	1.9871315544151E-06	271377	1.99784844880924E-05
155	169.772599571365	0.729522705078125	0.72930908203125	2.58941650390625E-06	-7.318115234375E-06	-9.90753173828125E-06	1.88848491688987E-06	281649.96875	2.01108705368824E-05
156	169.822599571239	0.7244873046875	0.724334716796875	2.43804931640625E-06	-7.354736328125E-06	-9.79278564453125E-06	1.76596370238258E-06	297096	2.02365572476992E-05
157	169.872599571113	0.719451904296875	0.719268798828125	2.25616455078125E-06	-7.3211669921875E-06	-9.57733154296875E-06	1.62278865900589E-06	318801.59375	2.03539111680584E-05
158	169.922599570987	0.71441650390625	0.714202880859375	2.04742431640625E-06	-7.21435546875E-06	-9.26177978515625E-06	1.46227625918982E-06	348829.9375	2.04615007532993E-05
159	169.97259957086	0.709381103515625	0.709259033203125	1.82037353515625E-06	-7.0465087890625E-06	-8.86688232421875E-06	1.29111640490009E-06	389622.8125	2.05581964110024E-05
160	170.022599570734	0.704345703125	0.7042236328125	1.575927734375E-06	-6.82373046875E-06	-8.399658203125E-06	1.10980556655704E-06	446862.90625	2.06431031983811E-05
161	170.072599570608	0.699310302734375	0.69915771484375	1.32110595703125E-06	-6.5521240234375E-06	-7.87322998046875E-06	9.23661445995094E-07	529221.5	2.07155298994621E-05
162	170.122599570482	0.69427490234375	0.694183349609375	1.06475830078125E-06	-6.2469482421875E-06	-7.31170654296875E-06	7.39137476557516E-07	651963.3125	2.07751763809938E-05
163	170.172599570355	0.689239501953125	0.689117431640625	8.10852050781249E-07	-5.92041015625E-06	-6.73126220703125E-06	5.58772285330633E-07	849868.25	2.08220662898384E-05
164	170.222599570229	0.6842041015625	0.684051513671875	5.62744140625E-07	-5.5816650390625E-06	-6.1444091796875E-06	3.84945963105565E-07	1215564.125	2.08564069907879E-05
165	170.272599570103	0.679168701171875	0.679046630859375	3.27453613281251E-07	-5.242919921875E-06	-5.57037353515625E-06	2.2235626317979E-07	2073718.625	2.08786623261403E-05
166	170.322599569977	0.67413330078125	0.67401123046875	1.08947753906249E-07	-4.913330078125E-06	-5.02227783203125E-06	7.34320053652482E-08	6186554.5	2.08895708055934E-05
167	170.372599569851	0.669097900390625	0.6689453125	-8.91113281249995E-08	-4.595947265625E-06	-4.5068359375E-06	-5.96106062289437E-08	-7506849.5	2.08900673897006E-05
168	170.422599569724	0.6640625	0.66387939453125	-2.66113281249999E-07	-4.296875E-06	-4.03076171875E-06	-1.76667114715201E-07	-2494725	2.08811870834325E-05
169	170.472599569598	0.659027099609375	0.658905029296875	-4.2083740234375E-07	-4.01885986328125E-06	-3.5980224609375E-06	-2.77291860584228E-07	-1565699.875	2.08640140044736E-05
170	170.522599569472	0.65399169921875	0.653900146484375	-5.50537109375E-07	-3.7603759765625E-06	-3.2098388671875E-06	-3.59996278120889E-07	-1187749.5	2.08397286769468E-05
171	170.572599569346	0.648956298828125	0.64886474609375	-6.5643310546875E-07	-3.5235595703125E-06	-2.86712646484375E-06	-4.25936292458573E-07	-988470.5	2.08095552807208E-05
172	170.622599569219	0.6439208984375	0.643890380859375	-7.4188232421875E-07	-3.3074951171875E-06	-2.56561279296875E-06	-4.77690889510995E-07	-867914.4375	2.07745961233741E-05
173	170.672599569093	0.638885498046875	0.638824462890625	-8.074951171875E-07	-3.111572265625E-06	-2.3040771484375E-06	-5.15847602855501E-07	-791118.6875	2.0735862563015E-05
174	170.722599568967	0.63385009765625	0.633758544921875	-8.55712890625E-07	-2.93426513671875E-06	-2.07855224609375E-06	-5.42315319762565E-07	-740620.5625	2.06942822842393E-05
175	170.772599568841	0.628814697265625	0.628814697265625	-8.88977050781251E-07	-2.77313232421875E-06	-1.8841552734375E-06	-5.59001819055993E-07	-707346.4375	2.06506647373317E-05
176	170.822599568714	0.623779296875	0.62371826171875	-9.0972900390625E-07	-2.626953125E-06	-1.71722412109375E-06	-5.67414588203974E-07	-685608.875	2.06056975002866E-05
177	170.872599568588	0.618743896484375	0.618743896484375	-9.19189453124999E-07	-2.4951171875E-06	-1.575927734375E-06	-5.68742848372494E-07	-673140.8125	2.05599735636497E-05
178	170.922599568462	0.61370849609375	0.61370849609375	-9.2041015625E-07	-2.3760986328125E-06	-1.4556884765625E-06	-5.6486351240892E-07	-666777.1875	2.05139840545598E-05
179	170.972599568336	0.608673095703125	0.608642578125	-9.1552734375E-07	-2.2686767578125E-06	-1.3531494140625E-06	-5.57228929665143E-07	-664800	2.04680854949402E-05
180	171.022599568209	0.6036376953125	0.60357666015625	-9.051513671875E-07	-2.17071533203125E-06	-1.26556396484375E-06	-5.46328237760463E-07	-666824	2.04225689230952E-05
181	171.072599568083	0.598602294921875	0.5986328125	-8.8958740234375E-07	-2.08099365234375E-06	-1.19140625E-06	-5.32536205355427E-07	-672933.125	2.0377699911478E-05
182	171.122599567957	0.59356689453125	0.593505859375	-8.709716796875E-07	-1.99981689453125E-06	-1.12884521484375E-06	-5.16926775162574E-07	-681429.625	2.03336858248804E-05
183	171.172599567831	0.588531494140625	0.58856201171875	-8.514404296875E-07	-1.92474365234375E-06	-1.07330322265625E-06	-5.01125498431065E-07	-691254.5	2.02906267077196E-05
184	171.222599567704	0.58349609375	0.583526611328125	-8.28857421875E-07	-1.8560791015625E-06	-1.0272216796875E-06	-4.83660357986082E-07	-704013.25	2.02486189664342E-05
185	171.272599567578	0.578460693359375	0.57843017578125	-8.0535888671875E-07	-1.79290771484375E-06	-9.87548828125E-07	-4.6584386836912E-07	-718226.625	2.02077626454411E-05
186	171.322599567452	0.57342529296875	0.573455810546875	-7.8155517578125E-07	-1.73492431640625E-06	-9.53369140625E-07	-4.48187364554542E-07	-733736.8125	2.01680904865498E-05
187	171.372599567326	0.568389892578125	0.568359375	-7.568359375E-07	-1.68060302734375E-06	-9.2376708984375E-07	-4.30154784680781E-07	-750967.75	2.01296297746012E-05
188	171.4225995672	0.5633544921875	0.56329345703125	-7.31811523437501E-07	-1.63055419921875E-06	-8.9874267578125E-07	-4.12224636647807E-07	-769724.8125	2.00924150703941E-05
189	171.472599567073	0.558319091796875	0.558319091796875	-7.07397460937501E-07	-1.58355712890625E-06	-8.7615966796875E-07	-3.94953474369686E-07	-789258	2.00564336410025E-05
190	171.522599566947	0.55328369140625	0.553314208984375	-6.82373046875E-07	-1.54022216796875E-06	-8.5784912109375E-07	-3.77566692577602E-07	-810867.6875	2.00216891244054E-05
191	171.572599566821	0.548248291015625	0.5482177734375	-6.58569335937501E-07	-1.4996337890625E-06	-8.41064453125E-07	-3.61039411700403E-07	-832437.4375	1.99881669686874E-05
192	171.622599566695	0.543212890625	0.543212890625	-6.3507080078125E-07	-1.461181640625E-06	-8.26110839843751E-07	-3.44978616340086E-07	-855358.0625	1.99558253370924E-05
193	171.672599566568	0.538177490234375	0.538238525390625	-6.121826171875E-07	-1.42547607421875E-06	-8.1329345703125E-07	-3.29500267071126E-07	-879212.375	1.99246442207368E-05
194	171.722599566442	0.53314208984375	0.533111572265625	-5.889892578125E-07	-1.39190673828125E-06	-8.0291748046875E-07	-3.13996963541285E-07	-905129.5625	1.98946145246737E-05
195	171.772599566316	0.528106689453125	0.528076171875	-5.6640625E-07	-1.3592529296875E-06	-7.92846679687501E-07	-2.99105636258901E-07	-932327.625	1.98657289729454E-05
196	171.82259956619	0.5230712890625	0.5230712890625	-5.4473876953125E-07	-1.329345703125E-06	-7.8460693359375E-07	-2.84937215155878E-07	-960224.0625	1.98379511857638E-05
197	171.872599566063	0.518035888671875	0.51800537109375	-5.2337646484375E-07	-1.3006591796875E-06	-7.77282714843749E-07	-2.71111815663971E-07	-989737.625	1.98112484213198E-05
198	171.922599565937	0.51300048828125	0.512969970703125	-5.02624511718749E-07	-1.2738037109375E-06	-7.71179199218751E-07	-2.57831288763555E-07	-1020582.875	1.97855988517404E-05
199	171.972599565811	0.507965087890625	0.50799560546875	-4.8187255859375E-07	-1.24725341796875E-06	-7.65380859374999E-07	-2.44789134740131E-07	-1054211.625	1.9760986106121E-05
200	172.022599565685	0.5029296875	0.5029296875	-4.61730957031251E-07	-1.22283935546875E-06	-7.61108398437499E-07	-2.32218198448209E-07	-1089226.75	1.97373956325464E-05
201	172.072599565558	0.497894287109375	0.497894287109375	-4.425048828125E-07	-1.19964599609375E-06	-7.5714111328125E-07	-2.20320643506966E-07	-1125172.5	1.97147892322391E-05
202	172.122599565432	0.49285888671875	0.49285888671875	-4.229736328125E-07	-1.17706298828125E-06	-7.5408935546875E-07	-2.08466303774912E-07	-1165223.75	1.96931523532839E-05
203	172.172599565306	0.487823486328125	0.48773193359375	-4.046630859375E-07	-1.15631103515625E-06	-7.51647949218751E-07	-1.97367100440715E-07	-1205279.125	1.96724613488186E-05
204	172.22259956518	0.4827880859375	0.4827880859375	-3.86657714843749E-07	-1.1346435546875E-06	-7.47985839843751E-07	-1.86673744906329E-07	-1248618.75	1.96526798390551E-05
205	172.272599565053	0.477752685546875	0.477752685546875	-3.68347167968749E-07	-1.1151123046875E-06	-7.46765136718751E-07	-1.7597884038878E-07	-1297017.5	1.96338041860145E-05
206	172.322599564927	0.47271728515625	0.472686767578125	-3.5125732421875E-07	-1.09588623046875E-06	-7.4462890625E-07	-1.66034681114979E-07	-1345699.375	1.96158143808134E-05
207	172.372599564801	0.467681884765625	0.4676513671875	-3.338623046875E-07	-1.07666015625E-06	-7.427978515625E-07	-1.5613115067481E-07	-1400731.375	1.95986849576002E-05
208	172.422599564675	0.462646484375	0.462615966796875	-3.173828125E-07	-1.058349609375E-06	-7.40966796875001E-07	-1.46826351965501E-07	-1457596.125	1.95824050024385E-05
209	172.472599564549	0.457611083984375	0.457611083984375	-3.0029296875E-07	-1.0400390625E-06	-7.3974609375E-07	-1.3741738769113E-07	-1523882.25	1.95669636013918E-05
210	172.522599564422	0.45257568359375	0.45257568359375	-2.84729003906251E-07	-1.0223388671875E-06	-7.37609863281249E-07	-1.28861415760184E-07	-1589496.25	1.95523371075979E-05
211	172.572599564296	0.447540283203125	0.447509765625	-2.6885986328125E-07	-1.0052490234375E-06	-7.36389160156251E-07	-1.20317409368909E-07	-1664472.25	1.95384982362157E-05
212	172.62259956417	0.4425048828125	0.442535400390625	-2.532958984375E-07	-9.87854003906249E-07	-7.34558105468749E-07	-1.12092401138852E-07	-1747108.5	1.95254433492664E-05
213	172.672599564044	0.437469482421875	0.4375	-2.38037109375E-07	-9.71069335937499E-07	-7.33032226562499E-07	-1.04141236079158E-07	-1837948.75	1.95131597138243E-05
214	172.722599563917	0.43243408203125	0.432464599609375	-2.23388671874999E-07	-9.54589843750001E-07	-7.31201171875001E-07	-9.66076925124071E-08	-1935929	1.95016255020164E-05
215	172.772599563791	0.427398681640625	0.42742919921875	-2.08740234375E-07	-9.37805175781251E-07	-7.2906494140625E-07	-8.92216718284544E-08	-2047660.875	1.94908207049593E-05
216	172.822599563665	0.42236328125	0.422332763671875	-1.94702148437501E-07	-9.228515625E-07	-7.281494140625E-07	-8.22290928681468E-08	-2169122.25	1.94807362277061E-05
217	172.872599563539	0.417327880859375	0.417327880859375	-1.8035888671875E-07	-9.07287597656251E-07	-7.26928710937501E-07	-7.52687867588975E-08	-2313874.75	1.94713593373308E-05
218	172.922599563412	0.41229248046875	0.412353515625	-1.666259765625E-07	-8.92028808593751E-07	-7.25402832031251E-07	-6.87088004269754E-08	-2474725.5	1.94626845768653E-05
219	172.972599563286	0.407257080078125	0.407257080078125	-1.52587890625E-07	-8.77990722656249E-07	-7.25402832031249E-07	-6.21424973701323E-08	-2669000	1.94547046703519E-05
220	173.02259956316	0.4022216796875	0.4022216796875	-1.39465332031249E-07	-8.6395263671875E-07	-7.244873046875E-07	-5.60959776407799E-08	-2884026.25	1.94474032468861E-05
221	173.072599563034	0.397186279296875	0.397247314453125	-1.25732421874999E-07	-8.50524902343749E-07	-7.2479248046875E-07	-4.99468626458111E-08	-3159466.25	1.94407730305102E-05
222	173.122599562907	0.39215087890625	0.392181396484375	-1.1260986328125E-07	-8.3831787109375E-07	-7.25708007812499E-07	-4.41634924186474E-08	-3482656	1.94348140212242E-05
223	173.172599562781	0.387115478515625	0.387115478515625	-9.97924804687495E-08	-8.2550048828125E-07	-7.25708007812501E-07	-3.86312137834466E-08	-3879205	1.94295043911552E-05
224	173.222599562655	0.382080078125	0.38214111328125	-8.697509765625E-08	-8.1329345703125E-07	-7.26318359375E-07	-3.32367591227012E-08	-4393684.5	1.94248350453563E-05
225	173.272599562529	0.377044677734375	0.3770751953125	-7.41577148437506E-08	-8.02001953125001E-07	-7.2784423828125E-07	-2.79630327781888E-08	-5084774	1.94208059838274E-05
226	173.322599562403	0.37200927734375	0.3720703125	-6.13403320312497E-08	-7.9071044921875E-07	-7.293701171875E-07	-2.28229151133519E-08	-6065672	1.9417419025558E-05
227	173.372599562276	0.366973876953125	0.367095947265625	-4.91333007812497E-08	-7.80334472656249E-07	-7.31201171875E-07	-1.80366352964256E-08	-7471429	1.94146577996435E-05
228	173.42259956215	0.3619384765625	0.3619384765625	-3.69262695312497E-08	-7.7056884765625E-07	-7.33642578125E-07	-1.33650379652295E-08	-9801653	1.94125059351791E-05
229	173.472599562024	0.356903076171875	0.356903076171875	-2.47192382812497E-08	-7.611083984375E-07	-7.36389160156251E-07	-8.82237216615067E-09	-14438272	1.94109652511543E-05
230	173.522599561898	0.35186767578125	0.351806640625	-1.28173828124994E-08	-7.51647949218751E-07	-7.38830566406251E-07	-4.50924053652102E-09	-27447620	1.9410026652622E-05
231	173.572599561771	0.346832275390625	0.346893310546875	-1.22070312500028E-09	-7.42492675781251E-07	-7.4127197265625E-07	-4.23453744291535E-10	-284175008	1.94096755876672E-05
232	173.622599561645	0.341796875	0.341766357421875	1.068115234375E-08	-7.3455810546875E-07	-7.45239257812499E-07	3.65045838002231E-09	31997144	1.94099120562896E-05
233	173.672599561519	0.336761474609375	0.33673095703125	2.16674804687497E-08	-7.26928710937499E-07	-7.48596191406249E-07	7.29611127070484E-09	15540845	1.94107196875848E-05
234	173.722599561393	0.33172607421875	0.331817626953125	3.32641601562503E-08	-7.18994140625E-07	-7.5225830078125E-07	1.10376339179652E-08	9975230	1.94120930245845E-05
235	173.772599561266	0.326690673828125	0.326751708984375	4.36401367187506E-08	-7.122802734375E-07	-7.55920410156251E-07	1.42594887009295E-08	7487413	1.9414015696384E-05
236	173.82259956114	0.3216552734375	0.3216552734375	5.55419921874995E-08	-7.05871582031251E-07	-7.6141357421875E-07	1.78653749571822E-08	5791209	1.9416494978941E-05
237	173.872599561014	0.316619873046875	0.316680908203125	6.561279296875E-08	-7.000732421875E-07	-7.6568603515625E-07	2.07783177330612E-08	4826512	1.94195254152874E-05
238	173.922599560888	0.31158447265625	0.311492919921875	7.59887695312503E-08	-6.9427490234375E-07	-7.70263671875E-07	2.36699619904357E-08	4099197	1.94230651686667E-05
239	173.972599560761	0.306549072265625	0.3065185546875	8.63647460937506E-08	-6.89697265625E-07	-7.76062011718751E-07	2.64723958309787E-08	3549116.75	1.9427123334026E-05
240	174.022599560635	0.301513671875	0.301513671875	9.613037109375E-08	-6.854248046875E-07	-7.8155517578125E-07	2.89846209255984E-08	3136508	1.94316853594501E-05
241	174.072599560509	0.296478271484375	0.29644775390625	1.05895996093749E-07	-6.82373046875E-07	-7.88269042968749E-07	3.13926307171641E-08	2799423.75	1.94367366930237E-05
242	174.122599560383	0.29144287109375	0.291412353515625	1.1566162109375E-07	-6.7901611328125E-07	-7.94677734375E-07	3.37052235011015E-08	2519525	1.94422755157575E-05
243	174.172599560256	0.286407470703125	0.286407470703125	1.251220703125E-07	-6.7626953125E-07	-8.013916015625E-07	3.58358960284022E-08	2289024.5	1.94482945516938E-05
244	174.22259956013	0.2813720703125	0.281341552734375	1.3458251953125E-07	-6.7474365234375E-07	-8.09326171874999E-07	3.78636570985691E-08	2090476.125	1.94547883438645E-05
245	174.272599560004	0.276336669921875	0.27630615234375	1.4373779296875E-07	-6.7413330078125E-07	-8.1787109375E-07	3.97156370013363E-08	1922293	1.94617459783331E-05
246	174.322599559878	0.27130126953125	0.271270751953125	1.52587890625E-07	-6.7413330078125E-07	-8.2672119140625E-07	4.13926315445678E-08	1777800	1.94691547221737E-05
247	174.372599559752	0.266265869140625	0.26629638671875	1.62353515624999E-07	-6.7474365234375E-07	-8.37097167968749E-07	4.32341558109783E-08	1640225.625	1.94770273083122E-05
248	174.422599559625	0.26123046875	0.261199951171875	1.7120361328125E-07	-6.76879882812501E-07	-8.4808349609375E-07	4.47183730045708E-08	1525668.5	1.94853655557381E-05
249	174.472599559499	0.256195068359375	0.2562255859375	1.80969238281251E-07	-6.8023681640625E-07	-8.61206054687501E-07	4.63689495688868E-08	1415851.625	1.94941712834407E-05
250	174.522599559373	0.25115966796875	0.251190185546875	1.89819335937499E-07	-6.8511962890625E-07	-8.7493896484375E-07	4.76807535676471E-08	1323311.875	1.95034408534411E-05
251	174.572599559247	0.246124267578125	0.246185302734375	1.9989013671875E-07	-6.915283203125E-07	-8.9141845703125E-07	4.92100156179731E-08	1231603	1.95131833606865E-05
252	174.62259955912	0.2410888671875	0.241119384765625	2.09655761718749E-07	-7.0037841796875E-07	-9.100341796875E-07	5.05520674209947E-08	1150072.875	1.95234224520391E-05
253	174.672599558994	0.236053466796875	0.2359619140625	2.20642089843751E-07	-7.110595703125E-07	-9.31701660156251E-07	5.20631289191442E-08	1069433	1.95341799553717E-05
254	174.722599558868	0.23101806640625	0.23101806640625	2.3193359375E-07	-7.24182128906251E-07	-9.56115722656251E-07	5.35808482027278E-08	996052.6875	1.95454940694617E-05
255	174.772599558742	0.225982666015625	0.22601318359375	2.43225097656249E-07	-7.40966796875001E-07	-9.8419189453125E-07	5.49720766684914E-08	929234.6875	1.95573720702669E-05
256	174.822599558615	0.220947265625	0.220947265625	2.56958007812499E-07	-7.6171875E-07	-1.0186767578125E-06	5.67741693657808E-08	859857.5	1.95698776224162E-05
257	174.872599558489	0.215911865234375	0.215972900390625	2.70690917968749E-07	-7.8765869140625E-07	-1.058349609375E-06	5.84619037624634E-08	797857.9375	1.95830689335708E-05
258	174.922599558363	0.21087646484375	0.2109375	2.8564453125E-07	-8.1817626953125E-07	-1.10382080078125E-06	6.02531429194642E-08	738461.5625	1.95969769265503E-05
259	174.972599558237	0.205841064453125	0.205841064453125	3.02734374999999E-07	-8.55407714843751E-07	-1.15814208984375E-06	6.23151663603494E-08	679939.5	1.96116870938567E-05
260	175.02259955811	0.2008056640625	0.2008056640625	3.2196044921875E-07	-9.002685546875E-07	-1.22222900390625E-06	6.46514806135201E-08	623696.6875	1.96273031178862E-05
261	175.072599557984	0.195770263671875	0.19580078125	3.4332275390625E-07	-9.54589843750001E-07	-1.29791259765625E-06	6.72228637199623E-08	570311.125	1.96439359569922E-05
262	175.122599557858	0.19073486328125	0.1907958984375	3.67431640625E-07	-1.01837158203125E-06	-1.38580322265625E-06	7.01044484685553E-08	519269.125	1.9661703845486E-05
263	175.172599557732	0.185699462890625	0.1856689453125	3.955078125E-07	-1.0955810546875E-06	-1.4910888671875E-06	7.34335188212754E-08	469444.4375	1.96807777683716E-05
264	175.222599557605	0.1806640625	0.180633544921875	4.28466796875E-07	-1.18621826171875E-06	-1.61468505859375E-06	7.73954766941642E-08	421581.1875	1.97013778233668E-05
265	175.272599557479	0.175628662109375	0.1756591796875	4.6417236328125E-07	-1.29302978515625E-06	-1.7572021484375E-06	8.15361360650968E-08	378435.25	1.97236931853695E-05
266	175.322599557353	0.17059326171875	0.170562744140625	5.06591796875E-07	-1.41845703125E-06	-1.925048828125E-06	8.64056843852268E-08	336686.75	1.97479621419916E-05
267	175.372599557227	0.165557861328125	0.165618896484375	5.5511474609375E-07	-1.56524658203125E-06	-2.120361328125E-06	9.1937494062222E-08	298350.75	1.97745048353681E-05
268	175.422599557101	0.1605224609375	0.160552978515625	6.1004638671875E-07	-1.73309326171875E-06	-2.3431396484375E-06	9.79447563054237E-08	263181.59375	1.98036341316765E-05
269	175.472599556974	0.155487060546875	0.15545654296875	6.719970703125E-07	-1.9256591796875E-06	-2.59765625E-06	1.04466337802478E-07	231335.15625	1.9835684724967E-05
270	175.522599556848	0.15045166015625	0.1505126953125	7.421875E-07	-2.14385986328125E-06	-2.88604736328125E-06	1.11708637007268E-07	202796.0625	1.98710404220037E-05
271	175.572599556722	0.145416259765625	0.14544677734375	8.2061767578125E-07	-2.3876953125E-06	-3.20831298828125E-06	1.19356187155972E-07	177240.625	1.99101104954025E-05
272	175.622599556596	0.140380859375	0.140380859375	9.0667724609375E-07	-2.657470703125E-06	-3.56414794921875E-06	1.27280131323459E-07	154830.03125	1.99532914848533E-05
273	175.672599556469	0.135345458984375	0.135406494140625	1.0003662109375E-06	-2.9510498046875E-06	-3.951416015625E-06	1.35456076577611E-07	135356.921875	2.00009690161096E-05
274	175.722599556343	0.13031005859375	0.13037109375	1.10015869140625E-06	-3.26629638671875E-06	-4.366455078125E-06	1.43428891874464E-07	118502.0859375	2.00534814212006E-05
275	175.772599556217	0.125274658203125	0.12530517578125	1.2060546875E-06	-3.60076904296875E-06	-4.80682373046875E-06	1.5112489393232E-07	103896.765625	2.01111361093353E-05
276	175.822599556091	0.1202392578125	0.12030029296875	1.31378173828125E-06	-3.94622802734375E-06	-5.260009765625E-06	1.58048322873583E-07	91567.9453125	2.01741331693484E-05
277	175.872599555964	0.115203857421875	0.115203857421875	1.4190673828125E-06	-4.296875E-06	-5.7159423828125E-06	1.63482027915052E-07	81182.796875	2.02424544113455E-05
278	175.922599555838	0.11016845703125	0.11016845703125	1.52130126953125E-06	-4.6478271484375E-06	-6.16912841796875E-06	1.67599409905961E-07	72417.2578125	2.03159634111216E-05
279	175.972599555712	0.105133056640625	0.105194091796875	1.612548828125E-06	-4.9896240234375E-06	-6.6021728515625E-06	1.69630610002969E-07	65234.671875	2.03943091037218E-05
280	176.022599555586	0.10009765625	0.100067138671875	1.6888427734375E-06	-5.3131103515625E-06	-7.001953125E-06	1.68997658533954E-07	59251.8984375	2.04768439289182E-05
281	176.072599555459	0.095062255859375	0.095062255859375	1.74285888671875E-06	-5.5999755859375E-06	-7.34283447265625E-06	1.65680091868126E-07	54543.86328125	2.05626365641365E-05
282	176.122599555333	0.09002685546875	0.090057373046875	1.77886962890625E-06	-5.859375E-06	-7.63824462890625E-06	1.6020031523567E-07	50626.18359375	2.06506792892469E-05
283	176.172599555207	0.084991455078125	0.084930419921875	1.7791748046875E-06	-6.072998046875E-06	-7.8521728515625E-06	1.51106064549822E-07	47735.84765625	2.07396315090591E-05
284	176.222599555081	0.0799560546875	0.080047607421875	1.746826171875E-06	-6.23779296875E-06	-7.984619140625E-06	1.39829253953394E-07	45824.6015625	2.08277815545443E-05
285	176.272599554954	0.074920654296875	0.074920654296875	1.6790771484375E-06	-6.341552734375E-06	-8.0206298828125E-06	1.25797555483587E-07	44620.140625	2.09134286706103E-05
286	176.322599554828	0.06988525390625	0.0699462890625	1.57958984375E-06	-6.3873291015625E-06	-7.9669189453125E-06	1.10486446658342E-07	44281.30078125	2.09948957490269E-05
287	176.372599554702	0.064849853515625	0.064910888671875	1.44989013671875E-06	-6.3720703125E-06	-7.82196044921875E-06	9.41136519827523E-08	44769.5234375	2.10706330108223E-05
288	176.422599554576	0.059814453125	0.059844970703125	1.2908935546875E-06	-6.2957763671875E-06	-7.586669921875E-06	7.72534889392773E-08	46359.3359375	2.11391525226645E-05
289	176.47259955445	0.054779052734375	0.0548095703125	1.10809326171875E-06	-6.170654296875E-06	-7.27874755859375E-06	6.07341164027275E-08	49462.9609375	2.11991264222888E-05
290	176.522599554323	0.04974365234375	0.04976806640625	9.02099609375E-07	-5.999755859375E-06	-6.90185546875E-06	4.4895752893126E-08	55169.1484375	2.124938146153E-05
291	176.572599554197	0.044708251953125	0.0447784423828125	6.93359374999999E-07	-5.7891845703125E-06	-6.4825439453125E-06	3.10475520848286E-08	64581.8671875	2.12892682611709E-05
292	176.622599554071	0.0396728515625	0.0397308349609375	4.7149658203125E-07	-5.55419921875E-06	-6.02569580078125E-06	1.87329529666158E-08	84265.375	2.13183902815217E-05
293	176.672599553945	0.034637451171875	0.0346923828125	2.4871826171875E-07	-5.3009033203125E-06	-5.54962158203125E-06	8.62862936656938E-09	139484.671875	2.1336394638638E-05
294	176.722599553818	0.02960205078125	0.02967529296875	3.17382812500003E-08	-5.0445556640625E-06	-5.0762939453125E-06	9.41842825952222E-10	935000	2.13434068427887E-05
295	176.772599553692	0.024566650390625	0.0246307373046875	-1.7364501953125E-07	-4.791259765625E-06	-4.61761474609375E-06	-4.27700452831914E-09	-141845.34375	2.13398579944624E-05
296	176.822599553566	0.01953125	0.019622802734375	-3.67126464843751E-07	-4.541015625E-06	-4.17388916015625E-06	-7.20405024523529E-09	-53449.7109375	2.13263392652152E-05
297	176.87259955344	0.014495849609375	0.01455078125	-5.413818359375E-07	-4.3060302734375E-06	-3.7646484375E-06	-7.8775288514521E-09	-26877.11328125	2.13036273635225E-05
298	176.922599553313	0.00946044921875	0.00952758789062499	-6.9580078125E-07	-4.08447265625E-06	-3.388671875E-06	-6.62930288441999E-09	-13692.9833984375	2.12726972677046E-05
299	176.972599553187	0.004425048828125	0.00452880859375	-8.30078125E-07	-3.8800048828125E-06	-3.0499267578125E-06	-3.75926445528307E-09	-5455.88232421875	2.12345494219335E-05
300	177.022599553061	-0.0006103515625	-0.000537109374999997	-9.4451904296875E-07	-3.6962890625E-06	-2.75177001953125E-06	5.07310027320074E-10	568.6591796875	2.1190184270381E-05
301	177.072599552935	-0.005645751953125	-0.00556640625	-1.04095458984375E-06	-3.52691650390625E-06	-2.4859619140625E-06	5.79437564596219E-09	5347.4052734375	2.1140547687537E-05
302	177.122599552808	-0.01068115234375	-0.0105682373046875	-1.11541748046875E-06	-3.37432861328125E-06	-2.2589111328125E-06	1.17879963568157E-08	9474.69140625	2.10866382985841E-05
303	177.172599552682	-0.015716552734375	-0.01561279296875	-1.17431640625E-06	-3.2373046875E-06	-2.06298828125E-06	1.83343580317796E-08	13295.21875	2.10293947020546E-05
304	177.222599552556	-0.020751953125	-0.02064208984375	-1.2176513671875E-06	-3.11431884765625E-06	-1.89666748046875E-06	2.51348684088271E-08	16952.3828125	2.09695972444024E-05
305	177.27259955243	-0.025787353515625	-0.0256561279296875	-1.24908447265625E-06	-3.00628662109375E-06	-1.7572021484375E-06	3.20466710945766E-08	20539.947265625	2.0907928046654E-05
306	177.322599552303	-0.03082275390625	-0.030718994140625	-1.26983642578125E-06	-2.90985107421875E-06	-1.6400146484375E-06	3.90080963086348E-08	24191.30078125	2.08449546335032E-05
307	177.372599552177	-0.035858154296875	-0.0357269287109375	-1.28265380859375E-06	-2.82501220703125E-06	-1.5423583984375E-06	4.582527779462E-08	27853.9140625	2.07811426662374E-05
308	177.422599552051	-0.0408935546875	-0.0407562255859375	-1.28814697265625E-06	-2.7484130859375E-06	-1.46026611328125E-06	5.25000061202263E-08	31639.423828125	2.07168723136419E-05
309	177.472599551925	-0.045928955078125	-0.0457977294921875	-1.28814697265625E-06	-2.6812744140625E-06	-1.39312744140625E-06	5.89942033002444E-08	35553.1875	2.06524655368412E-05
310	177.522599551799	-0.05096435546875	-0.050933837890625	-1.28173828125E-06	-2.62237548828125E-06	-1.34063720703125E-06	6.52838494374919E-08	39738.09765625	2.0588218831108E-05
311	177.572599551672	-0.055999755859375	-0.055938720703125	-1.27471923828125E-06	-2.5701904296875E-06	-1.29547119140625E-06	7.1306160975837E-08	43883.16796875	2.0524306819425E-05
312	177.622599551546	-0.06103515625	-0.061004638671875	-1.26495361328125E-06	-2.523193359375E-06	-1.25823974609375E-06	7.71680319644474E-08	48226.78125	2.04608149942942E-05
313	177.67259955142	-0.066070556640625	-0.066009521484375	-1.25274658203125E-06	-2.48199462890625E-06	-1.229248046875E-06	8.26931980668633E-08	52691.83984375	2.03978725039633E-05
314	177.722599551294	-0.07110595703125	-0.071044921875	-1.23931884765625E-06	-2.4456787109375E-06	-1.20635986328125E-06	8.80473152164996E-08	57325.78125	2.03355702979024E-05
315	177.772599551167	-0.076141357421875	-0.076019287109375	-1.22467041015625E-06	-2.4127197265625E-06	-1.18804931640625E-06	9.30985706304455E-08	62073.26171875	2.02739702217514E-05
316	177.822599551041	-0.0811767578125	-0.081146240234375	-1.209716796875E-06	-2.384033203125E-06	-1.17431640625E-06	9.8163965844833E-08	67078.7109375	2.02131122932769E-05
317	177.872599550915	-0.086212158203125	-0.086181640625	-1.195068359375E-06	-2.35809326171875E-06	-1.16302490234375E-06	1.02992949280178E-07	72114.40625	2.01529910555109E-05
318	177.922599550789	-0.09124755859375	-0.0911865234375	-1.17950439453125E-06	-2.33489990234375E-06	-1.1553955078125E-06	1.07554903649998E-07	77309.1875	2.00936283363262E-05
319	177.972599550662	-0.096282958984375	-0.096221923828125	-1.16485595703125E-06	-2.314453125E-06	-1.14959716796875E-06	1.12084677539315E-07	82604.140625	2.00350186787546E-05
320	178.022599550536	-0.101318359375	-0.10125732421875	-1.15020751953125E-06	-2.2967529296875E-06	-1.14654541015625E-06	1.16466928545833E-07	88033.9609375	1.99771420739125E-05
321	178.07259955041	-0.106353759765625	-0.10626220703125	-1.136474609375E-06	-2.2808837890625E-06	-1.1444091796875E-06	1.20764298117138E-07	93501.6171875	1.99199748749379E-05
322	178.122599550284	-0.11138916015625	-0.111236572265625	-1.123046875E-06	-2.26654052734375E-06	-1.14349365234375E-06	1.24923886346551E-07	99048.9140625	1.98634861590108E-05
323	178.172599550157	-0.116424560546875	-0.1163330078125	-1.10992431640625E-06	-2.25433349609375E-06	-1.1444091796875E-06	1.29120820702155E-07	104811.6640625	1.98076631932054E-05
324	178.222599550031	-0.1214599609375	-0.121307373046875	-1.0980224609375E-06	-2.24395751953125E-06	-1.14593505859375E-06	1.33198213347896E-07	110478.0546875	1.97524641407654E-05
325	178.272599549905	-0.126495361328125	-0.126434326171875	-1.0858154296875E-06	-2.23480224609375E-06	-1.14898681640625E-06	1.37284331458432E-07	116441.828125	1.96978671738179E-05
326	178.322599549779	-0.13153076171875	-0.131439208984375	-1.07421875E-06	-2.2265625E-06	-1.15234375E-06	1.41194462344174E-07	122357.953125	1.96438668353949E-05
327	178.372599549652	-0.136566162109375	-0.136474609375	-1.0638427734375E-06	-2.220458984375E-06	-1.1566162109375E-06	1.45187527778035E-07	128284.5703125	1.95904158317717E-05
328	178.422599549526	-0.1416015625	-0.14154052734375	-1.05316162109375E-06	-2.21527099609375E-06	-1.162109375E-06	1.49065044752206E-07	134395.828125	1.95374905160861E-05
329	178.4725995494	-0.146636962890625	-0.146575927734375	-1.04400634765625E-06	-2.21221923828125E-06	-1.168212890625E-06	1.53026206817231E-07	140397.546875	1.94850617845077E-05
330	178.522599549274	-0.15167236328125	-0.1514892578125	-1.03546142578125E-06	-2.20916748046875E-06	-1.1737060546875E-06	1.56861275968367E-07	146301.203125	1.94330750673544E-05
331	178.572599549148	-0.156707763671875	-0.15655517578125	-1.0272216796875E-06	-2.2076416015625E-06	-1.180419921875E-06	1.60816867378344E-07	152406.421875	1.93815067177638E-05
332	178.622599549021	-0.1617431640625	-0.161651611328125	-1.0198974609375E-06	-2.20703125E-06	-1.1871337890625E-06	1.64868069418844E-07	158497.90625	1.93303294508951E-05
333	178.672599548895	-0.166778564453125	-0.166656494140625	-1.01348876953125E-06	-2.208251953125E-06	-1.19476318359375E-06	1.68904477959586E-07	164438.4375	1.92794941540342E-05
334	178.722599548769	-0.17181396484375	-0.171600341796875	-1.007080078125E-06	-2.2100830078125E-06	-1.2030029296875E-06	1.72815290966355E-07	170393.9375	1.92289808182977E-05
335	178.772599548643	-0.176849365234375	-0.17669677734375	-1.00189208984375E-06	-2.21221923828125E-06	-1.2103271484375E-06	1.77031097337021E-07	176363.078125	1.91787567018764E-05
336	178.822599548516	-0.181884765625	-0.1817626953125	-9.9639892578125E-07	-2.21649169921875E-06	-1.2200927734375E-06	1.81108134711394E-07	182419.609375	1.9128798157908E-05
337	178.87259954839	-0.186920166015625	-0.186737060546875	-9.9212646484375E-07	-2.2216796875E-06	-1.22955322265625E-06	1.85266770813541E-07	188219.03125	1.90790851775091E-05
338	178.922599548264	-0.19195556640625	-0.191802978515625	-9.8876953125E-07	-2.2265625E-06	-1.23779296875E-06	1.89648943660359E-07	193981.46875	1.90295631909976E-05
339	178.972599548138	-0.196990966796875	-0.196868896484375	-9.857177734375E-07	-2.23236083984375E-06	-1.24664306640625E-06	1.94057165003869E-07	199721.375	1.89802012755536E-05
340	179.022599548011	-0.2020263671875	-0.20184326171875	-9.8388671875E-07	-2.23968505859375E-06	-1.25579833984375E-06	1.98590896616224E-07	205148.890625	1.89309612323996E-05
