Potential - Start 1.505 V, Stop -0.205 V, Step -0.005 V; Modulation - Amplitude -0.05 V, Time 0.025 s, Interval time 0.05 s
Index	Base.Time (s)	Potential applied (V)	WE(1).Base.Potential (V)	WE(1).Base.Current (A)	WE(1).Pulse.Current (A)	WE(1).δ.Current (A)	WE(1).Base.Power (W)	WE(1).Base.Resistance (Ω)	WE(1).Base.Charge (C)
1	161.372575592573	1.50497436523438	1.505126953125	2.6019287109375E-06	1.92535400390625E-06	-6.76574707031251E-07	3.91623279938358E-06	578465.875	0
2	161.422575592447	1.49993896484375	1.4996337890625	2.659912109375E-06	1.93206787109375E-06	-7.27844238281252E-07	3.98889415009762E-06	563790.75	1.31546016746142E-07
3	161.472575592321	1.49490356445313	1.49505615234375	2.626953125E-06	1.917724609375E-06	-7.09228515625E-07	3.92744232158293E-06	569121.75	2.63717652160267E-07
4	161.522575592195	1.4898681640625	1.4898681640625	2.58758544921875E-06	1.8994140625E-06	-6.88171386718749E-07	3.85516113965423E-06	575775.4375	3.94081098420429E-07
5	161.572575592068	1.48483276367188	1.484375	2.54852294921875E-06	1.8804931640625E-06	-6.68029785156252E-07	3.78296363123809E-06	582445.25	5.22483787790406E-07
6	161.622575591942	1.47979736328125	1.48040771484375	2.5115966796875E-06	1.861572265625E-06	-6.500244140625E-07	3.71818714484107E-06	589428.9375	6.48986826945475E-07
7	161.672575591816	1.47476196289063	1.474609375	2.476806640625E-06	1.84417724609375E-06	-6.32629394531249E-07	3.65232244803337E-06	595367.1875	7.73696910982835E-07
8	161.72257559169	1.4697265625	1.47003173828125	2.4444580078125E-06	1.826171875E-06	-6.182861328125E-07	3.59343084710417E-06	601373.3125	8.96728522548074E-07
9	161.772575591564	1.46469116210938	1.46453857421875	2.41424560546875E-06	1.8096923828125E-06	-6.0455322265625E-07	3.53575569533859E-06	606623.6875	1.01819614428678E-06
10	161.822575591437	1.45965576171875	1.46026611328125	2.3858642578125E-06	1.7938232421875E-06	-5.92041015625E-07	3.48399680660805E-06	612049.125	1.13819885427802E-06
11	161.872575591311	1.45462036132813	1.45416259765625	2.35992431640625E-06	1.7791748046875E-06	-5.80749511718751E-07	3.43171359418193E-06	616190.375	1.25684357499267E-06
12	161.922575591185	1.4495849609375	1.44989013671875	2.33551025390625E-06	1.7645263671875E-06	-5.70983886718751E-07	3.38623294737772E-06	620802.3125	1.37422944135324E-06
13	161.972575591059	1.44454956054688	1.4453125	2.31201171875E-06	1.75018310546875E-06	-5.6182861328125E-07	3.34157948600478E-06	625132	1.49041750319157E-06
14	162.022575590932	1.43951416015625	1.439208984375	2.2906494140625E-06	1.7364501953125E-06	-5.54199218749999E-07	3.29672297993966E-06	628297.375	1.60548393068893E-06
15	162.072575590806	1.43447875976563	1.43463134765625	2.2705078125E-06	1.7236328125E-06	-5.46875E-07	3.25734163197922E-06	631854.8125	1.71951285210525E-06
16	162.12257559068	1.429443359375	1.42913818359375	2.25189208984375E-06	1.71112060546875E-06	-5.40771484375001E-07	3.21826496474387E-06	634638.875	1.83257293429051E-06
17	162.172575590554	1.42440795898438	1.42486572265625	2.23419189453125E-06	1.69952392578125E-06	-5.3466796875E-07	3.183423586961E-06	637754.375	1.94472499970288E-06
18	162.222575590427	1.41937255859375	1.419677734375	2.218017578125E-06	1.6876220703125E-06	-5.30395507812501E-07	3.14887006425124E-06	640066.0625	2.05603032554791E-06
19	162.272575590301	1.41433715820313	1.4141845703125	2.2027587890625E-06	1.6766357421875E-06	-5.26123046875E-07	3.11510734718468E-06	642006.125	2.16654962059692E-06
20	162.322575590175	1.4093017578125	1.4093017578125	2.18719482421875E-06	1.66534423828125E-06	-5.218505859375E-07	3.08241737911885E-06	644342.1875	2.27629857363354E-06
21	162.372575590049	1.40426635742188	1.40411376953125	2.17315673828125E-06	1.6546630859375E-06	-5.1849365234375E-07	3.05135927192168E-06	646117.125	2.38530719798291E-06
22	162.422575589922	1.39923095703125	1.39892578125	2.16033935546875E-06	1.644287109375E-06	-5.1605224609375E-07	3.02215448755305E-06	647549.0625	2.49364461524237E-06
23	162.472575589796	1.39419555664063	1.39434814453125	2.1478271484375E-06	1.63421630859375E-06	-5.13610839843751E-07	2.99481848742289E-06	649190.1875	2.60134879681573E-06
24	162.52257558967	1.38916015625	1.38946533203125	2.13653564453125E-06	1.6241455078125E-06	-5.1239013671875E-07	2.96864209303749E-06	650335.6875	2.70845794148045E-06
25	162.572575589544	1.38412475585938	1.38427734375	2.12432861328125E-06	1.6143798828125E-06	-5.0994873046875E-07	2.94065989692172E-06	651630.5	2.81497955256782E-06
26	162.622575589417	1.37908935546875	1.37939453125	2.11395263671875E-06	1.60491943359375E-06	-5.09033203124999E-07	2.91597461909987E-06	652519.125	2.92093659481907E-06
27	162.672575589291	1.37405395507813	1.3739013671875	2.10357666015625E-06	1.595458984375E-06	-5.0811767578125E-07	2.89010677079204E-06	653126.375	3.02637477034295E-06
28	162.722575589165	1.3690185546875	1.36871337890625	2.09381103515625E-06	1.5869140625E-06	-5.0689697265625E-07	2.86582712760719E-06	653694.8125	3.13130954054941E-06
29	162.772575589039	1.36398315429688	1.3641357421875	2.0843505859375E-06	1.57806396484375E-06	-5.0628662109375E-07	2.84333714262175E-06	654465.5625	3.2357634154323E-06
30	162.822575588913	1.35894775390625	1.35894775390625	2.0758056640625E-06	1.5692138671875E-06	-5.06591796875E-07	2.82091150438646E-06	654660.375	3.33976731781149E-06
31	162.872575588786	1.35391235351563	1.35406494140625	2.0672607421875E-06	1.56097412109375E-06	-5.0628662109375E-07	2.79920527646027E-06	655004.4375	3.44334398505453E-06
32	162.92257558866	1.348876953125	1.348876953125	2.05841064453125E-06	1.5521240234375E-06	-5.0628662109375E-07	2.77654271485517E-06	655300.1875	3.54648591383011E-06
33	162.972575588534	1.34384155273438	1.3433837890625	2.0501708984375E-06	1.54296875E-06	-5.07202148437501E-07	2.75416641670745E-06	655254.5625	3.64920038009586E-06
34	163.022575588408	1.33880615234375	1.339111328125	2.04193115234375E-06	1.53533935546875E-06	-5.06591796875E-07	2.73437308351276E-06	655806.3125	3.75150284526171E-06
35	163.072575588281	1.33377075195313	1.3336181640625	2.034912109375E-06	1.52679443359375E-06	-5.0811767578125E-07	2.71379576588515E-06	655368.9375	3.85342400477384E-06
36	163.122575588155	1.3287353515625	1.328125	2.02728271484375E-06	1.5191650390625E-06	-5.0811767578125E-07	2.69248471340688E-06	655125.75	3.95497909266851E-06
37	163.172575588029	1.32369995117188	1.3232421875	2.01995849609375E-06	1.51092529296875E-06	-5.09033203125001E-07	2.6728941975307E-06	655083.875	4.0561599234934E-06
38	163.222575587903	1.31866455078125	1.3189697265625	2.0123291015625E-06	1.50238037109375E-06	-5.0994873046875E-07	2.65420112555148E-06	655444.3125	4.15696695199586E-06
39	163.272575587776	1.31362915039063	1.31317138671875	2.0062255859375E-06	1.49505615234375E-06	-5.1116943359375E-07	2.63451784121571E-06	654548.25	4.25743110099575E-06
40	163.32257558765	1.30859375	1.30859375	1.99920654296875E-06	1.48773193359375E-06	-5.11474609375E-07	2.61614900409768E-06	654556.5625	4.3575669224083E-06
41	163.372575587524	1.30355834960938	1.3037109375	1.99249267578125E-06	1.47979736328125E-06	-5.126953125E-07	2.59763442045369E-06	654311.5625	4.45735940957093E-06
42	163.422575587398	1.29852294921875	1.29852294921875	1.98638916015625E-06	1.47247314453125E-06	-5.13916015625E-07	2.57937199421576E-06	653710.25	4.55683129985118E-06
43	163.472575587271	1.29348754882813	1.2933349609375	1.97967529296875E-06	1.46453857421875E-06	-5.15136718749999E-07	2.56038333645847E-06	653306.625	4.65598304799641E-06
44	163.522575587145	1.2884521484375	1.28875732421875	1.97357177734375E-06	1.45782470703125E-06	-5.157470703125E-07	2.54345491157437E-06	653007.625	4.75481419925927E-06
45	163.572575587019	1.28341674804688	1.282958984375	1.96746826171875E-06	1.4508056640625E-06	-5.16662597656249E-07	2.52418112722808E-06	652086.25	4.85334021504968E-06
46	163.622575586893	1.27838134765625	1.27777099609375	1.9622802734375E-06	1.44317626953125E-06	-5.1910400390625E-07	2.50734478868253E-06	651166.375	4.9515838327352E-06
47	163.672575586766	1.27334594726563	1.273193359375	1.9561767578125E-06	1.4361572265625E-06	-5.2001953125E-07	2.49059121415485E-06	650858.0625	5.04954505231581E-06
48	163.72257558664	1.268310546875	1.26861572265625	1.95098876953125E-06	1.429443359375E-06	-5.2154541015625E-07	2.47505499828549E-06	650242.5	5.14722432853887E-06
49	163.772575586514	1.26327514648438	1.26312255859375	1.94549560546875E-06	1.4215087890625E-06	-5.2398681640625E-07	2.45739943238732E-06	649254.9375	5.24463621331961E-06
50	163.822575586388	1.25823974609375	1.25823974609375	1.9403076171875E-06	1.41448974609375E-06	-5.25817871093751E-07	2.441372089379E-06	648474.375	5.34178161615273E-06
51	163.872575586262	1.25320434570313	1.25335693359375	1.93511962890625E-06	1.4068603515625E-06	-5.2825927734375E-07	2.42539567807398E-06	647689.625	5.43866735824849E-06
52	163.922575586135	1.2481689453125	1.2481689453125	1.92901611328125E-06	1.3995361328125E-06	-5.2947998046875E-07	2.40773783843906E-06	647049.5625	5.53527070223936E-06
53	163.972575586009	1.24313354492188	1.24298095703125	1.92474365234375E-06	1.3922119140625E-06	-5.3253173828125E-07	2.39241967392445E-06	645790.375	5.63161438549287E-06
54	164.022575585883	1.23809814453125	1.2384033203125	1.91986083984375E-06	1.38458251953125E-06	-5.352783203125E-07	2.37756194110261E-06	645048.5	5.72772978557623E-06
55	164.072575585757	1.23306274414063	1.23291015625	1.91558837890625E-06	1.3775634765625E-06	-5.38024902343749E-07	2.36174832934921E-06	643619.5625	5.82361599299475E-06
56	164.12257558563	1.22802734375	1.22802734375	1.91131591796875E-06	1.36932373046875E-06	-5.41992187500001E-07	2.34714821090165E-06	642503.625	5.91928846915835E-06
57	164.172575585504	1.22299194335938	1.22283935546875	1.90765380859375E-06	1.361083984375E-06	-5.4656982421875E-07	2.33275409300404E-06	641017.4375	6.01476267547696E-06
58	164.222575585378	1.21795654296875	1.21795654296875	1.903076171875E-06	1.3519287109375E-06	-5.511474609375E-07	2.31786407312029E-06	639993.5625	6.11003088124562E-06
59	164.272575585252	1.21292114257813	1.21246337890625	1.89910888671875E-06	1.34307861328125E-06	-5.56030273437501E-07	2.30260002354044E-06	638438.0625	6.20508581050672E-06
60	164.322575585125	1.2078857421875	1.207275390625	1.89544677734375E-06	1.334228515625E-06	-5.6121826171875E-07	2.28832618631714E-06	636934.5	6.29994974588044E-06
61	164.372575584999	1.20285034179688	1.20269775390625	1.89239501953125E-06	1.32354736328125E-06	-5.6884765625E-07	2.27597911361954E-06	635542.6875	6.39464542473434E-06
62	164.422575584873	1.19781494140625	1.19781494140625	1.88995361328125E-06	1.31317138671875E-06	-5.767822265625E-07	2.26381462198333E-06	633780.125	6.48920422463561E-06
63	164.472575584747	1.19277954101563	1.19232177734375	1.88690185546875E-06	1.30157470703125E-06	-5.85327148437501E-07	2.24979407903447E-06	631893.9375	6.58362569083693E-06
64	164.52257558462	1.187744140625	1.18804931640625	1.88507080078125E-06	1.28875732421875E-06	-5.96313476562499E-07	2.23955703404499E-06	630241.25	6.67792483000085E-06
65	164.572575584494	1.18270874023438	1.1822509765625	1.88323974609375E-06	1.27532958984375E-06	-6.0791015625E-07	2.22646212932887E-06	627775.0625	6.77213256494724E-06
66	164.622575584368	1.17767333984375	1.17767333984375	1.88262939453125E-06	1.259765625E-06	-6.2286376953125E-07	2.21712230086268E-06	625547.125	6.86627936374862E-06
67	164.672575584242	1.17263793945313	1.1724853515625	1.8817138671875E-06	1.24298095703125E-06	-6.38732910156249E-07	2.20628180613858E-06	623094.375	6.96038796377252E-06
68	164.722575584115	1.1676025390625	1.16729736328125	1.88232421875E-06	1.2237548828125E-06	-6.585693359375E-07	2.19723210648226E-06	620136.1875	7.05448883309145E-06
69	164.772575583989	1.16256713867188	1.163330078125	1.88385009765625E-06	1.20147705078125E-06	-6.82373046875001E-07	2.19153935177019E-06	617528	7.1486433625978E-06
70	164.822575583863	1.15753173828125	1.1572265625	1.8853759765625E-06	1.17645263671875E-06	-7.08923339843751E-07	2.18180707634019E-06	613790.875	7.24287383491173E-06
71	164.872575583737	1.15249633789063	1.15264892578125	1.88873291015625E-06	1.1480712890625E-06	-7.40661621093751E-07	2.17704587157641E-06	610276.3125	7.33722663426306E-06
72	164.922575583611	1.1474609375	1.14715576171875	1.893310546875E-06	1.11541748046875E-06	-7.7789306640625E-07	2.1719220058003E-06	605899.4375	7.43177770345937E-06
73	164.972575583484	1.14242553710938	1.14227294921875	1.9000244140625E-06	1.0772705078125E-06	-8.2275390625E-07	2.17034653360315E-06	601188.5625	7.52661117076059E-06
74	165.022575583358	1.13739013671875	1.13739013671875	1.9085693359375E-06	1.03302001953125E-06	-8.7554931640625E-07	2.17078786590719E-06	595938.625	7.6218261710892E-06
75	165.072575583232	1.13235473632813	1.13250732421875	1.9183349609375E-06	9.8236083984375E-07	-9.3597412109375E-07	2.17252818401903E-06	590359.5625	7.71749819250545E-06
76	165.122575583106	1.1273193359375	1.1273193359375	1.9317626953125E-06	9.234619140625E-07	-1.00830078125E-06	2.17771344068751E-06	583570.3125	7.81375092628878E-06
77	165.172575582979	1.12228393554688	1.1224365234375	1.9476318359375E-06	8.544921875E-07	-1.0931396484375E-06	2.1860930701223E-06	576308.375	7.91073580330703E-06
78	165.222575582853	1.11724853515625	1.116943359375	1.9671630859375E-06	7.763671875E-07	-1.1907958984375E-06	2.19720982386207E-06	567793.9375	8.00860561867012E-06
79	165.272575582727	1.11221313476563	1.11175537109375	1.9903564453125E-06	6.866455078125E-07	-1.3037109375E-06	2.21278946810344E-06	558571	8.10754409030778E-06
80	165.322575582601	1.107177734375	1.107177734375	2.01751708984375E-06	5.85021972656249E-07	-1.4324951171875E-06	2.23374991037417E-06	548782.3125	8.207740393118E-06
81	165.372575582474	1.10214233398438	1.102294921875	2.04864501953125E-06	4.69055175781249E-07	-1.57958984375E-06	2.25821099775203E-06	538060.5	8.30939461593516E-06
82	165.422575582348	1.09710693359375	1.09710693359375	2.08404541015625E-06	3.40576171875E-07	-1.74346923828125E-06	2.28642056754325E-06	526431.4375	8.41271230456186E-06
83	165.472575582222	1.09207153320313	1.09222412109375	2.12493896484375E-06	1.99279785156251E-07	-1.9256591796875E-06	2.32090951612918E-06	514002.59375	8.51793629408348E-06
84	165.522575582096	1.0870361328125	1.0870361328125	2.16949462890625E-06	4.51660156250006E-08	-2.12432861328125E-06	2.35831907957618E-06	501055	8.62529759615427E-06
85	165.572575581969	1.08200073242188	1.08184814453125	2.21771240234375E-06	-1.19628906249999E-07	-2.33734130859375E-06	2.39922792388825E-06	487821.6875	8.73497720021987E-06
86	165.622575581843	1.07696533203125	1.0772705078125	2.26898193359375E-06	-2.92358398437501E-07	-2.56134033203125E-06	2.4443072561553E-06	474781.4375	8.84714518178953E-06
87	165.672575581717	1.07192993164063	1.07147216796875	2.32177734375E-06	-4.70886230468751E-07	-2.79266357421875E-06	2.48771971200767E-06	461487.9375	8.96191431820625E-06
88	165.722575581591	1.06689453125	1.06658935546875	2.3748779296875E-06	-6.50939941406251E-07	-3.02581787109375E-06	2.53301936936623E-06	449113.375	9.07933008420514E-06
89	165.772575581464	1.06185913085938	1.06170654296875	2.4261474609375E-06	-8.2733154296875E-07	-3.25347900390625E-06	2.57585656981973E-06	437610.09375	9.19935609999811E-06
90	165.822575581338	1.05682373046875	1.0565185546875	2.47283935546875E-06	-9.967041015625E-07	-3.46954345703125E-06	2.61260061051871E-06	427249.1875	9.32183047552826E-06
91	165.872575581212	1.05178833007813	1.0516357421875	2.510986328125E-06	-1.1517333984375E-06	-3.6627197265625E-06	2.6406428332848E-06	418813.84375	9.44642579270294E-06
92	165.922575581086	1.0467529296875	1.046142578125	2.5390625E-06	-1.28997802734375E-06	-3.82904052734375E-06	2.65622134065779E-06	412019.21875	9.57267729972955E-06
93	165.97257558096	1.04171752929688	1.04156494140625	2.55401611328125E-06	-1.40655517578125E-06	-3.9605712890625E-06	2.66017354988435E-06	407814.5625	9.70000473898835E-06
94	166.022575580833	1.03668212890625	1.03668212890625	2.5537109375E-06	-1.497802734375E-06	-4.051513671875E-06	2.6473862817511E-06	405951.25	9.82769779511727E-06
95	166.072575580707	1.03164672851563	1.031494140625	2.5347900390625E-06	-1.5618896484375E-06	-4.0966796875E-06	2.6146210529987E-06	406934.75	9.95490972854896E-06
96	166.122575580581	1.026611328125	1.02691650390625	2.498779296875E-06	-1.59698486328125E-06	-4.09576416015625E-06	2.56603766501939E-06	410967.28125	1.00807492344757E-05
97	166.172575580455	1.02157592773438	1.021728515625	2.44537353515625E-06	-1.6064453125E-06	-4.05181884765625E-06	2.49850768341275E-06	417821.0625	1.02043532024254E-05
98	166.222575580328	1.01654052734375	1.0162353515625	2.374267578125E-06	-1.58966064453125E-06	-3.96392822265625E-06	2.41281463786436E-06	428020.5625	1.0324843970011E-05
99	166.272575580202	1.01150512695313	1.011962890625	2.288818359375E-06	-1.55029296875E-06	-3.839111328125E-06	2.31619901569502E-06	442133.375	1.04414211818948E-05
100	166.322575580076	1.0064697265625	1.00677490234375	2.19329833984375E-06	-1.494140625E-06	-3.68743896484375E-06	2.20815763896098E-06	459023.25	1.05534745671321E-05
101	166.37257557995	1.00143432617188	1.0015869140625	2.0904541015625E-06	-1.4251708984375E-06	-3.515625E-06	2.0937713998137E-06	479124.09375	1.06605675682658E-05
102	166.422575579823	0.99639892578125	0.99639892578125	1.9842529296875E-06	-1.34765625E-06	-3.3319091796875E-06	1.97710733118583E-06	502153.21875	1.07624355223379E-05
103	166.472575579697	0.991363525390625	0.99151611328125	1.87957763671875E-06	-1.26739501953125E-06	-3.14697265625E-06	1.86363138254819E-06	527520.75	1.08590311356238E-05
104	166.522575579571	0.986328125	0.986328125	1.77978515625E-06	-1.1907958984375E-06	-2.9705810546875E-06	1.75545210368E-06	554183.8125	1.09505153886857E-05
105	166.572575579445	0.981292724609375	0.9814453125	1.6876220703125E-06	-1.1199951171875E-06	-2.8076171875E-06	1.65630865467392E-06	581555.1875	1.10372002382064E-05
106	166.622575579318	0.97625732421875	0.97625732421875	1.60430908203125E-06	-1.0601806640625E-06	-2.66448974609375E-06	1.56621854330297E-06	608521.9375	1.11194985947805E-05
107	166.672575579192	0.971221923828125	0.97137451171875	1.5338134765625E-06	-1.0162353515625E-06	-2.550048828125E-06	1.48990727666387E-06	633306.8125	1.11979516077554E-05
108	166.722575579066	0.9661865234375	0.966796875	1.4776611328125E-06	-9.9212646484375E-07	-2.46978759765625E-06	1.42859812513052E-06	654275.125	1.12732386696734E-05
109	166.77257557894	0.961151123046875	0.96099853515625	1.4349365234375E-06	-9.9151611328125E-07	-2.42645263671875E-06	1.37897188778879E-06	669715	1.13460537249921E-05
110	166.822575578813	0.95611572265625	0.95611572265625	1.40838623046875E-06	-1.01531982421875E-06	-2.4237060546875E-06	1.34658023398515E-06	678873.25	1.14171371023986E-05
111	166.872575578687	0.951080322265625	0.95123291015625	1.39617919921875E-06	-1.0662841796875E-06	-2.46246337890625E-06	1.32809157094016E-06	681311.5	1.14872509584529E-05
112	166.922575578561	0.946044921875	0.94573974609375	1.400146484375E-06	-1.1456298828125E-06	-2.5457763671875E-06	1.32417414988595E-06	675457.75	1.15571592687047E-05
113	166.972575578435	0.941009521484375	0.94085693359375	1.4190673828125E-06	-1.25274658203125E-06	-2.67181396484375E-06	1.33513935907104E-06	663010.8125	1.16276396511239E-05
114	167.022575578309	0.93597412109375	0.93597412109375	1.4508056640625E-06	-1.38671875E-06	-2.8375244140625E-06	1.35791651700856E-06	645140.9375	1.1699386050168E-05
115	167.072575578182	0.930938720703125	0.93109130859375	1.49658203125E-06	-1.54815673828125E-06	-3.04473876953125E-06	1.39345445404615E-06	622145.25	1.17730705824215E-05
116	167.122575578056	0.9259033203125	0.9259033203125	1.55426025390625E-06	-1.7364501953125E-06	-3.29071044921875E-06	1.43909460348368E-06	595719.625	1.18493417176069E-05
117	167.17257557793	0.920867919921875	0.921630859375	1.62139892578125E-06	-1.94580078125E-06	-3.56719970703125E-06	1.49433117258013E-06	568417.125	1.1928733329114E-05
118	167.222575577804	0.91583251953125	0.91552734375	1.6961669921875E-06	-2.17437744140625E-06	-3.87054443359375E-06	1.55288716996438E-06	539762.5	1.20116728794528E-05
119	167.272575577677	0.910797119140625	0.91064453125	1.77734375E-06	-2.41607666015625E-06	-4.19342041015625E-06	1.61852835844911E-06	512362.625	1.20985105240834E-05
120	167.322575577551	0.90576171875	0.9051513671875	1.86065673828125E-06	-2.6666259765625E-06	-4.52728271484375E-06	1.68417591339676E-06	486468.78125	1.21894599942607E-05
121	167.372575577425	0.900726318359375	0.90087890625	1.94244384765625E-06	-2.9180908203125E-06	-4.86053466796875E-06	1.74990657342278E-06	463786.34375	1.22845376608893E-05
122	167.422575577299	0.89569091796875	0.89599609375	2.01751708984375E-06	-3.16375732421875E-06	-5.1812744140625E-06	1.80768745394744E-06	444108.3125	1.2383537068672E-05
123	167.472575577172	0.890655517578125	0.8905029296875	2.08282470703125E-06	-3.397216796875E-06	-5.48004150390625E-06	1.85476153546915E-06	427545.78125	1.24860453070141E-05
124	167.522575577046	0.8856201171875	0.88592529296875	2.13226318359375E-06	-3.61053466796875E-06	-5.7427978515625E-06	1.88902572517691E-06	415485.9375	1.25914230011404E-05
125	167.57257557692	0.880584716796875	0.8807373046875	2.1636962890625E-06	-3.79608154296875E-06	-5.95977783203125E-06	1.90564810509386E-06	407052.1875	1.26988215924939E-05
126	167.622575576794	0.87554931640625	0.8758544921875	2.17041015625E-06	-3.948974609375E-06	-6.119384765625E-06	1.9009635252587E-06	403543.3125	1.28071742437896E-05
127	167.672575576667	0.870513916015625	0.870361328125	2.15179443359375E-06	-4.0618896484375E-06	-6.21368408203125E-06	1.87283865216159E-06	404481.625	1.29152294903179E-05
128	167.722575576541	0.865478515625	0.86578369140625	2.1075439453125E-06	-4.1351318359375E-06	-6.24267578125E-06	1.82467715603707E-06	410802.21875	1.30217131300014E-05
129	167.772575576415	0.860443115234375	0.86029052734375	2.034912109375E-06	-4.16259765625E-06	-6.197509765625E-06	1.75061563822965E-06	422765.4375	1.31252745632082E-05
130	167.822575576289	0.85540771484375	0.85540771484375	1.93634033203125E-06	-4.150390625E-06	-6.08673095703125E-06	1.65636049587192E-06	441765.15625	1.32245559143485E-05
131	167.872575576162	0.850372314453125	0.850830078125	1.8157958984375E-06	-4.095458984375E-06	-5.9112548828125E-06	1.54493375248421E-06	468571.4375	1.33183593788999E-05
132	167.922575576036	0.8453369140625	0.84564208984375	1.67694091796875E-06	-4.0045166015625E-06	-5.68145751953125E-06	1.41809175602248E-06	504276.625	1.3405677236733E-05
133	167.97257557591	0.840301513671875	0.8404541015625	1.5216064453125E-06	-3.8824462890625E-06	-5.404052734375E-06	1.27884027278924E-06	552346.625	1.34856409204076E-05
134	168.022575575784	0.83526611328125	0.8355712890625	1.357421875E-06	-3.736572265625E-06	-5.093994140625E-06	1.13422277081554E-06	615557.5625	1.35576165121165E-05
135	168.072575575658	0.830230712890625	0.8306884765625	1.18743896484375E-06	-3.5736083984375E-06	-4.76104736328125E-06	9.86391796686803E-07	699563.125	1.36212383949896E-05
136	168.122575575531	0.8251953125	0.8251953125	1.01776123046875E-06	-3.40087890625E-06	-4.41864013671875E-06	8.39851736600394E-07	810794.625	1.36763683258323E-05
137	168.172575575405	0.820159912109375	0.82061767578125	8.50830078125001E-07	-3.22357177734375E-06	-4.07440185546875E-06	6.98206179094996E-07	964490.6875	1.37230827021995E-05
138	168.222575575279	0.81512451171875	0.81512451171875	6.939697265625E-07	-3.0499267578125E-06	-3.743896484375E-06	5.65671712138283E-07	1174582.25	1.37617034852155E-05
139	168.272575575153	0.810089111328125	0.8099365234375	5.48400878906249E-07	-2.882080078125E-06	-3.43048095703125E-06	4.44169899083136E-07	1476906	1.37927627292811E-05
140	168.322575575026	0.8050537109375	0.80535888671875	4.1778564453125E-07	-2.72552490234375E-06	-3.143310546875E-06	3.36467365968929E-07	1927684.5	1.38169170895708E-05
141	168.3725755749	0.800018310546875	0.8001708984375	3.0181884765625E-07	-2.5848388671875E-06	-2.88665771484375E-06	2.41506654674595E-07	2651163	1.38349068947718E-05
142	168.422575574774	0.79498291015625	0.79498291015625	1.9989013671875E-07	-2.45635986328125E-06	-2.65625E-06	1.58909244873939E-07	3977099.25	1.3847449736204E-05
143	168.472575574648	0.789947509765625	0.79010009765625	1.18408203125001E-07	-2.34466552734375E-06	-2.46307373046875E-06	9.35543340574441E-08	6672680.5	1.38554069053498E-05
144	168.522575574521	0.784912109375	0.78460693359375	5.27954101562506E-08	-2.24884033203125E-06	-2.3016357421875E-06	4.14236431822701E-08	14861273	1.38596878969111E-05
145	168.572575574395	0.779876708984375	0.780029296875	4.27246093750028E-09	-2.17132568359375E-06	-2.17559814453125E-06	3.33264482677009E-09	182571424	1.38611139846034E-05
146	168.622575574269	0.77484130859375	0.7745361328125	-3.02124023437503E-08	-2.11090087890625E-06	-2.0806884765625E-06	-2.34005970156659E-08	-25636364	1.38604655148811E-05
147	168.672575574143	0.769805908203125	0.76995849609375	-5.09643554687494E-08	-2.06787109375E-06	-2.01690673828125E-06	-3.9240436677801E-08	-15107785	1.38584364322014E-05
148	168.722575574016	0.7647705078125	0.76507568359375	-6.07299804687503E-08	-2.04193115234375E-06	-1.981201171875E-06	-4.64630325325288E-08	-12597990	1.3855644283467E-05
149	168.77257557389	0.759735107421875	0.7598876953125	-5.950927734375E-08	-2.030029296875E-06	-1.97052001953125E-06	-4.52203678946717E-08	-12769231	1.38526374939829E-05
150	168.822575573764	0.75469970703125	0.75439453125	-4.94384765624994E-08	-2.03338623046875E-06	-1.98394775390625E-06	-3.72961146410944E-08	-15259259	1.38499144668458E-05
151	168.872575573638	0.749664306640625	0.74957275390625	-2.96020507812494E-08	-2.049560546875E-06	-2.01995849609375E-06	-2.21888907248058E-08	-25321650	1.38479381348589E-05
152	168.922575573511	0.74462890625	0.7445068359375	-7.62939453125E-09	-2.076416015625E-06	-2.06878662109375E-06	-5.68013591717431E-09	-97584008	1.38470077217789E-05
153	168.972575573385	0.739593505859375	0.739532470703125	2.01416015624997E-08	-2.11090087890625E-06	-2.13104248046875E-06	1.4895367606016E-08	36716668	1.38473205879563E-05
154	169.022575573259	0.73455810546875	0.734405517578125	5.12695312500006E-08	-2.15087890625E-06	-2.2021484375E-06	3.76526259060483E-08	14324405	1.38491059260559E-05
155	169.072575573133	0.729522705078125	0.729461669921875	8.392333984375E-08	-2.193603515625E-06	-2.27752685546875E-06	6.12188557624904E-08	8692000	1.38524856083677E-05
156	169.122575573007	0.7244873046875	0.724395751953125	1.15966796875E-07	-2.23541259765625E-06	-2.35137939453125E-06	8.40058547169065E-08	6246579	1.38574823722593E-05
157	169.17257557288	0.719451904296875	0.719329833984375	1.45874023437501E-07	-2.2723388671875E-06	-2.418212890625E-06	1.04931537237007E-07	4931171.5	1.38640289151226E-05
158	169.222575572754	0.71441650390625	0.71429443359375	1.71508789062499E-07	-2.3028564453125E-06	-2.474365234375E-06	1.22507771038727E-07	4164768.75	1.38719633469009E-05
159	169.272575572628	0.709381103515625	0.70928955078125	1.89819335937499E-07	-2.32391357421875E-06	-2.51373291015625E-06	1.34636863435844E-07	3736656	1.38809964482789E-05
160	169.322575572502	0.704345703125	0.70428466796875	2.0111083984375E-07	-2.3321533203125E-06	-2.53326416015625E-06	1.41639276307615E-07	3501972.75	1.38907698783441E-05
161	169.372575572375	0.699310302734375	0.699249267578125	2.02331542968751E-07	-2.32635498046875E-06	-2.5286865234375E-06	1.41480171578223E-07	3455958	1.39008552650921E-05
162	169.422575572249	0.69427490234375	0.694183349609375	1.94396972656249E-07	-2.30804443359375E-06	-2.50244140625E-06	1.34947129026841E-07	3570957.75	1.39107742143096E-05
163	169.472575572123	0.689239501953125	0.689208984375	1.7547607421875E-07	-2.2760009765625E-06	-2.45147705078125E-06	1.20939688486033E-07	3927652.25	1.39200210469426E-05
164	169.522575571997	0.6842041015625	0.68414306640625	1.4678955078125E-07	-2.23236083984375E-06	-2.379150390625E-06	1.00425047833141E-07	4660707	1.39280773510109E-05
165	169.57257557187	0.679168701171875	0.6790771484375	1.1138916015625E-07	-2.17803955078125E-06	-2.2894287109375E-06	7.56418288005989E-08	6096438.5	1.39345320349094E-05
166	169.622575571744	0.67413330078125	0.674072265625	6.77490234374994E-08	-2.11517333984375E-06	-2.18292236328125E-06	4.56677362592472E-08	9949550	1.39390103868209E-05
167	169.672575571618	0.669097900390625	0.669036865234375	2.04467773437494E-08	-2.0458984375E-06	-2.06634521484375E-06	1.36796476368772E-08	32720896	1.3941215001978E-05
168	169.722575571492	0.6640625	0.66400146484375	-2.96020507812494E-08	-1.97235107421875E-06	-1.9427490234375E-06	-1.96558040954642E-08	-22430928	1.39409867188078E-05
169	169.772575571365	0.659027099609375	0.658905029296875	-8.11767578124997E-08	-1.8975830078125E-06	-1.81640625E-06	-5.34877742097706E-08	-8116917.5	1.39382163979462E-05
170	169.822575571239	0.65399169921875	0.6539306640625	-1.2939453125E-07	-1.82281494140625E-06	-1.69342041015625E-06	-8.46150456368377E-08	-5053774	1.39329522426124E-05
171	169.872575571113	0.648956298828125	0.64892578125	-1.74865722656251E-07	-1.7486572265625E-06	-1.57379150390625E-06	-1.13474875718111E-07	-3710994.75	1.39253461384214E-05
172	169.922575570987	0.6439208984375	0.643890380859375	-2.166748046875E-07	-1.67755126953125E-06	-1.46087646484375E-06	-1.39514824581966E-07	-2971690	1.39155572469463E-05
173	169.97257557086	0.638885498046875	0.638885498046875	-2.532958984375E-07	-1.6094970703125E-06	-1.356201171875E-06	-1.61827074407483E-07	-2522289.25	1.39038083943888E-05
174	170.022575570734	0.63385009765625	0.63372802734375	-2.8411865234375E-07	-1.5460205078125E-06	-1.26190185546875E-06	-1.80053945086911E-07	-2230505	1.38903724291595E-05
175	170.072575570608	0.628814697265625	0.628753662109375	-3.0975341796875E-07	-1.48590087890625E-06	-1.1761474609375E-06	-1.94758584370902E-07	-2029852.25	1.38755258376477E-05
176	170.122575570482	0.623779296875	0.623748779296875	-3.2989501953125E-07	-1.4300537109375E-06	-1.10015869140625E-06	-2.05771613082106E-07	-1890749.375	1.38595351018012E-05
177	170.172575570356	0.618743896484375	0.618743896484375	-3.45458984374999E-07	-1.37969970703125E-06	-1.03424072265625E-06	-2.13750624311615E-07	-1791077.75	1.38426512421574E-05
178	170.222575570229	0.61370849609375	0.61370849609375	-3.5675048828125E-07	-1.33331298828125E-06	-9.765625E-07	-2.18940812146684E-07	-1720273.75	1.38250961754238E-05
179	170.272575570103	0.608673095703125	0.608642578125	-3.643798828125E-07	-1.29058837890625E-06	-9.2620849609375E-07	-2.21777099795872E-07	-1670351.75	1.38070672619506E-05
180	170.322575569977	0.6036376953125	0.6036376953125	-3.68347167968749E-07	-1.2518310546875E-06	-8.8348388671875E-07	-2.22348219836022E-07	-1638773.875	1.37887491291622E-05
181	170.372575569851	0.598602294921875	0.5985107421875	-3.6956787109375E-07	-1.21612548828125E-06	-8.465576171875E-07	-2.21190333604682E-07	-1619488.125	1.37703018481261E-05
182	170.422575569724	0.59356689453125	0.59356689453125	-3.68652343750001E-07	-1.18377685546875E-06	-8.1512451171875E-07	-2.18819820929639E-07	-1610099.375	1.37518463816377E-05
183	170.472575569598	0.588531494140625	0.58856201171875	-3.6590576171875E-07	-1.15447998046875E-06	-7.8857421875E-07	-2.15358227251272E-07	-1608507.125	1.37334818646195E-05
184	170.522575569472	0.58349609375	0.583526611328125	-3.6163330078125E-07	-1.12701416015625E-06	-7.65380859375001E-07	-2.11022637586211E-07	-1613586.625	1.37152937895735E-05
185	170.572575569346	0.578460693359375	0.578460693359375	-3.5675048828125E-07	-1.10198974609375E-06	-7.45239257812499E-07	-2.06366138399972E-07	-1621471.375	1.36973339976976E-05
186	170.622575569219	0.57342529296875	0.5733642578125	-3.497314453125E-07	-1.0797119140625E-06	-7.29980468750001E-07	-2.00523501803218E-07	-1639441.625	1.36796716105891E-05
187	170.672575569093	0.568389892578125	0.568328857421875	-3.4332275390625E-07	-1.0589599609375E-06	-7.1563720703125E-07	-1.95120222201695E-07	-1655377.875	1.36623457365204E-05
188	170.722575568967	0.5633544921875	0.56329345703125	-3.36608886718751E-07	-1.04034423828125E-06	-7.037353515625E-07	-1.89609579592798E-07	-1673436.125	1.36453472805442E-05
189	170.772575568841	0.558319091796875	0.55828857421875	-3.2928466796875E-07	-1.02203369140625E-06	-6.927490234375E-07	-1.83835865641413E-07	-1695458.75	1.3628699889523E-05
190	170.822575568714	0.55328369140625	0.553253173828125	-3.21350097656251E-07	-1.00616455078125E-06	-6.84814453124999E-07	-1.77787953248298E-07	-1721652.5	1.36124344862765E-05
191	170.872575568588	0.548248291015625	0.54827880859375	-3.13720703125001E-07	-9.9029541015625E-07	-6.76574707031249E-07	-1.72006409115966E-07	-1747665.375	1.35965574372676E-05
192	170.922575568462	0.543212890625	0.54315185546875	-3.06091308593751E-07	-9.765625E-07	-6.70471191406249E-07	-1.66254054079218E-07	-1774476.625	1.35810623760335E-05
193	170.972575568336	0.538177490234375	0.53814697265625	-2.98461914062501E-07	-9.63745117187501E-07	-6.65283203125E-07	-1.60616380640022E-07	-1803067.5	1.35659483930795E-05
194	171.02257556821	0.53314208984375	0.533111572265625	-2.9144287109375E-07	-9.50927734375E-07	-6.5948486328125E-07	-1.55371566279427E-07	-1829214.75	1.35512009364902E-05
195	171.072575568083	0.528106689453125	0.528076171875	-2.838134765625E-07	-9.3994140625E-07	-6.561279296875E-07	-1.49875134525246E-07	-1860645.125	1.35368190967711E-05
196	171.122575567957	0.5230712890625	0.523101806640625	-2.764892578125E-07	-9.2926025390625E-07	-6.5277099609375E-07	-1.44632025467217E-07	-1891942.625	1.35228119688691E-05
197	171.172575567831	0.518035888671875	0.51800537109375	-2.69470214843751E-07	-9.1827392578125E-07	-6.488037109375E-07	-1.39587015723919E-07	-1922310.375	1.35091622723849E-05
198	171.222575567705	0.51300048828125	0.512969970703125	-2.6275634765625E-07	-9.0911865234375E-07	-6.46362304687501E-07	-1.34786120042918E-07	-1952264.875	1.34958572743926E-05
199	171.272575567578	0.507965087890625	0.5079345703125	-2.56958007812499E-07	-8.9996337890625E-07	-6.43005371093751E-07	-1.30517847196643E-07	-1976722.125	1.34828642330831E-05
200	171.322575567452	0.5029296875	0.5029296875	-2.5177001953125E-07	-8.91723632812499E-07	-6.39953613281249E-07	-1.26622623497497E-07	-1997575.75	1.34701458591735E-05
201	171.372575567326	0.497894287109375	0.4979248046875	-2.45056152343751E-07	-8.837890625E-07	-6.38732910156249E-07	-1.22019542914131E-07	-2031880.375	1.34577248900314E-05
202	171.4225755672	0.49285888671875	0.492828369140625	-2.3956298828125E-07	-8.76464843749999E-07	-6.36901855468749E-07	-1.18063432807958E-07	-2057197.5	1.34456095111091E-05
203	171.472575567073	0.487823486328125	0.487823486328125	-2.34375000000001E-07	-8.7005615234375E-07	-6.35681152343749E-07	-1.14333623457696E-07	-2081380.25	1.34337615236291E-05
204	171.522575566947	0.4827880859375	0.482757568359375	-2.29492187499999E-07	-8.6334228515625E-07	-6.33850097656251E-07	-1.10789088125784E-07	-2103590.5	1.34221645566868E-05
205	171.572575566821	0.477752685546875	0.47772216796875	-2.239990234375E-07	-8.5723876953125E-07	-6.3323974609375E-07	-1.0700929919949E-07	-2132697.5	1.34108277052292E-05
206	171.622575566695	0.47271728515625	0.472747802734375	-2.19116210937501E-07	-8.5113525390625E-07	-6.3201904296875E-07	-1.03586700106462E-07	-2157521	1.33997491502669E-05
207	171.672575566568	0.467681884765625	0.46771240234375	-2.1484375E-07	-8.4564208984375E-07	-6.30798339843749E-07	-1.00485088694313E-07	-2176988.5	1.33889006974641E-05
208	171.722575566442	0.462646484375	0.46258544921875	-2.105712890625E-07	-8.41064453125E-07	-6.304931640625E-07	-9.74072165149664E-08	-2196811.5	1.33782650664216E-05
209	171.772575566316	0.457611083984375	0.45758056640625	-2.06604003906249E-07	-8.3587646484375E-07	-6.29272460937501E-07	-9.45379738936936E-08	-2214771	1.33678358906764E-05
210	171.82257556619	0.45257568359375	0.45257568359375	-2.0294189453125E-07	-8.319091796875E-07	-6.2896728515625E-07	-9.18465659083267E-08	-2230075.25	1.33575967993238E-05
211	171.872575566063	0.447540283203125	0.447509765625	-1.9866943359375E-07	-8.2763671875E-07	-6.2896728515625E-07	-8.8906510598008E-08	-2252534.75	1.33475568873109E-05
212	171.922575565937	0.4425048828125	0.442535400390625	-1.95922851562499E-07	-8.23974609375E-07	-6.28051757812501E-07	-8.67027978301849E-08	-2258722.75	1.33376915982808E-05
213	171.972575565811	0.437469482421875	0.437469482421875	-1.9256591796875E-07	-8.20312500000001E-07	-6.27746582031251E-07	-8.42417051671873E-08	-2271791	1.33279800138553E-05
214	172.022575565685	0.43243408203125	0.432403564453125	-1.89819335937499E-07	-8.17260742187501E-07	-6.27441406250001E-07	-8.20785572841487E-08	-2277974.25	1.33184203150449E-05
215	172.072575565559	0.427398681640625	0.427337646484375	-1.87072753906251E-07	-8.13903808593749E-07	-6.26831054687499E-07	-7.99432271492151E-08	-2284339.5	1.33089979499346E-05
216	172.122575565432	0.42236328125	0.42236328125	-1.8463134765625E-07	-8.11157226562501E-07	-6.26525878906251E-07	-7.79815039209097E-08	-2287603.25	1.32997047330718E-05
217	172.172575565306	0.417327880859375	0.4173583984375	-1.81884765625E-07	-8.08105468750001E-07	-6.26220703125001E-07	-7.59111316028793E-08	-2294631	1.32905424834462E-05
218	172.22257556518	0.41229248046875	0.41229248046875	-1.800537109375E-07	-8.056640625E-07	-6.256103515625E-07	-7.42347907589647E-08	-2289830.5	1.32814939206582E-05
219	172.272575565054	0.407257080078125	0.4072265625	-1.77917480468751E-07	-8.0291748046875E-07	-6.24999999999999E-07	-7.24527211559689E-08	-2288851	1.32725444927928E-05
220	172.322575564927	0.4022216796875	0.402191162109375	-1.76086425781249E-07	-8.0108642578125E-07	-6.25000000000001E-07	-7.08203984345346E-08	-2284055.5	1.32636941998499E-05
221	172.372575564801	0.397186279296875	0.397308349609375	-1.7364501953125E-07	-7.9925537109375E-07	-6.256103515625E-07	-6.89906158868325E-08	-2288049.25	1.32549512272817E-05
222	172.422575564675	0.39215087890625	0.39215087890625	-1.72119140625E-07	-7.977294921875E-07	-6.256103515625E-07	-6.74966713631875E-08	-2278369	1.32463073896361E-05
223	172.472575564549	0.387115478515625	0.3870849609375	-1.69982910156249E-07	-7.9620361328125E-07	-6.26220703125001E-07	-6.57978276308313E-08	-2277199.25	1.32377545014606E-05
224	172.522575564422	0.382080078125	0.382080078125	-1.68457031249999E-07	-7.9498291015625E-07	-6.26525878906251E-07	-6.43640731823325E-08	-2268116	1.322929347225E-05
225	172.572575564296	0.377044677734375	0.3770751953125	-1.67236328125001E-07	-7.94677734375E-07	-6.2744140625E-07	-6.30606677987089E-08	-2254744.5	1.32209015646367E-05
226	172.62257556417	0.37200927734375	0.3720703125	-1.6510009765625E-07	-7.940673828125E-07	-6.2896728515625E-07	-6.14288424571896E-08	-2253604.5	1.32125924210413E-05
227	172.672575564044	0.366973876953125	0.36700439453125	-1.6357421875E-07	-7.940673828125E-07	-6.304931640625E-07	-6.00324554511644E-08	-2243656.75	1.32043760459055E-05
228	172.722575563917	0.3619384765625	0.361907958984375	-1.617431640625E-07	-7.94677734375E-07	-6.329345703125E-07	-5.85361377147819E-08	-2237547.25	1.31962433442823E-05
229	172.772575563791	0.356903076171875	0.35693359375	-1.59912109375E-07	-7.9498291015625E-07	-6.3507080078125E-07	-5.70780009923055E-08	-2232061.25	1.31882015921292E-05
230	172.822575563665	0.35186767578125	0.351898193359375	-1.5838623046875E-07	-7.95593261718749E-07	-6.37207031249999E-07	-5.57358283970188E-08	-2221772.75	1.31802444229834E-05
231	172.872575563539	0.346832275390625	0.346771240234375	-1.56555175781251E-07	-7.9681396484375E-07	-6.40258789062499E-07	-5.42888329846392E-08	-2215009.75	1.31723709273501E-05
232	172.922575563412	0.341796875	0.341796875	-1.544189453125E-07	-7.9833984375E-07	-6.439208984375E-07	-5.27799102201243E-08	-2213438.75	1.31645965666394E-05
233	172.972575563286	0.336761474609375	0.336822509765625	-1.5289306640625E-07	-8.0078125E-07	-6.47888183593751E-07	-5.14978246712872E-08	-2202994	1.31569131553988E-05
234	173.02257556316	0.33172607421875	0.331756591796875	-1.51672363281249E-07	-8.03222656249999E-07	-6.5155029296875E-07	-5.03183024136433E-08	-2187324	1.31492988657556E-05
235	173.072575563034	0.326690673828125	0.32672119140625	-1.4984130859375E-07	-8.0596923828125E-07	-6.561279296875E-07	-4.8956326992311E-08	-2180448.25	1.3141761883162E-05
236	173.122575562908	0.3216552734375	0.3216552734375	-1.483154296875E-07	-8.09326171875E-07	-6.610107421875E-07	-4.77064361348312E-08	-2168724.5	1.31343076645862E-05
237	173.172575562781	0.316619873046875	0.316650390625	-1.4678955078125E-07	-8.1298828125E-07	-6.66198730468751E-07	-4.64809666311794E-08	-2157172.75	1.31269298435654E-05
238	173.222575562655	0.31158447265625	0.3116455078125	-1.45874023437501E-07	-8.17260742187501E-07	-6.7138671875E-07	-4.54609860867095E-08	-2136401.75	1.31196129586897E-05
239	173.272575562529	0.306549072265625	0.3065185546875	-1.44042968749999E-07	-8.21533203124999E-07	-6.77490234375E-07	-4.41518430704946E-08	-2127966	1.31123651954113E-05
240	173.322575562403	0.301513671875	0.30145263671875	-1.42517089843749E-07	-8.26110839843749E-07	-6.8359375E-07	-4.29621493935883E-08	-2115203.5	1.31052011056454E-05
241	173.372575562276	0.296478271484375	0.29644775390625	-1.4068603515625E-07	-8.3160400390625E-07	-6.9091796875E-07	-4.17060554980253E-08	-2107158.5	1.30981215988868E-05
242	173.42257556215	0.29144287109375	0.29144287109375	-1.3916015625E-07	-8.37097167968751E-07	-6.97937011718751E-07	-4.055723223928E-08	-2094298.375	1.30911248561461E-05
243	173.472575562024	0.286407470703125	0.28643798828125	-1.38244628906251E-07	-8.43200683593751E-07	-7.049560546875E-07	-3.95985146894873E-08	-2071964.625	1.3084189959045E-05
244	173.522575561898	0.2813720703125	0.281402587890625	-1.36413574218749E-07	-8.4991455078125E-07	-7.13500976562501E-07	-3.8387131695572E-08	-2062863.5	1.30773232740466E-05
245	173.572575561771	0.276336669921875	0.276336669921875	-1.35192871093751E-07	-8.5662841796875E-07	-7.21435546874999E-07	-3.7358745430538E-08	-2044018.125	1.30705329866032E-05
246	173.622575561645	0.27130126953125	0.27130126953125	-1.33666992187501E-07	-8.642578125E-07	-7.30590820312499E-07	-3.62640228956934E-08	-2029680.5	1.30638118207571E-05
247	173.672575561519	0.266265869140625	0.266265869140625	-1.3275146484375E-07	-8.7249755859375E-07	-7.3974609375E-07	-3.53471847347464E-08	-2005747.125	1.3057151591056E-05
248	173.722575561393	0.26123046875	0.261199951171875	-1.31835937499999E-07	-8.80126953125E-07	-7.48291015625001E-07	-3.44355406411978E-08	-1981250.125	1.305053683609E-05
249	173.772575561266	0.256195068359375	0.256195068359375	-1.300048828125E-07	-8.892822265625E-07	-7.59277343750001E-07	-3.33066090263401E-08	-1970657.375	1.30439912027214E-05
250	173.82257556114	0.25115966796875	0.251129150390625	-1.2969970703125E-07	-8.9874267578125E-07	-7.6904296875E-07	-3.25713749305123E-08	-1936235.375	1.30374983200454E-05
251	173.872575561014	0.246124267578125	0.24615478515625	-1.28784179687499E-07	-9.08203125E-07	-7.794189453125E-07	-3.17008428396548E-08	-1911374.375	1.30310363601893E-05
252	173.922575560888	0.2410888671875	0.241119384765625	-1.27258300781249E-07	-9.185791015625E-07	-7.91320800781251E-07	-3.06844434305731E-08	-1894724.125	1.30246353364782E-05
253	173.972575560761	0.236053466796875	0.236083984375	-1.26037597656251E-07	-9.30175781250001E-07	-8.0413818359375E-07	-2.97554567652014E-08	-1873123.625	1.30183025248698E-05
254	174.022575560635	0.23101806640625	0.23101806640625	-1.2481689453125E-07	-9.4146728515625E-07	-8.16650390625E-07	-2.88349575328084E-08	-1850855.75	1.30120315589011E-05
255	174.072575560509	0.225982666015625	0.225982666015625	-1.2359619140625E-07	-9.5367431640625E-07	-8.30078125E-07	-2.79305982786582E-08	-1828395	1.30058206195827E-05
256	174.122575560383	0.220947265625	0.220947265625	-1.21459960937501E-07	-9.66796875000001E-07	-8.453369140625E-07	-2.68362470023931E-08	-1819095.5	1.29996942632715E-05
257	174.172575560257	0.215911865234375	0.215911865234375	-1.19934082031251E-07	-9.808349609375E-07	-8.6090087890625E-07	-2.58951917686545E-08	-1800254.375	1.29936597659253E-05
258	174.22257556013	0.21087646484375	0.210968017578125	-1.177978515625E-07	-9.9609375E-07	-8.78295898437501E-07	-2.48515785727932E-08	-1790932.75	1.29877162180492E-05
259	174.272575560004	0.205841064453125	0.205902099609375	-1.1474609375E-07	-1.01226806640625E-06	-8.9752197265625E-07	-2.36264607877956E-08	-1794414.875	1.29819027279154E-05
260	174.322575559878	0.2008056640625	0.20086669921875	-1.1138916015625E-07	-1.0296630859375E-06	-9.1827392578125E-07	-2.23743725769054E-08	-1803287.75	1.29762493088492E-05
261	174.372575559752	0.195770263671875	0.19573974609375	-1.06201171875001E-07	-1.04827880859375E-06	-9.42077636718749E-07	-2.07877892677288E-08	-1843103.5	1.29708096210379E-05
262	174.422575559625	0.19073486328125	0.1907958984375	-1.0101318359375E-07	-1.0693359375E-06	-9.6832275390625E-07	-1.92728997205904E-08	-1888821.875	1.29656291392166E-05
263	174.472575559499	0.185699462890625	0.185699462890625	-9.36889648437495E-08	-1.092529296875E-06	-9.9884033203125E-07	-1.73979888273834E-08	-1982084.75	1.29607615235727E-05
264	174.522575559373	0.1806640625	0.18060302734375	-8.48388671875006E-08	-1.11968994140625E-06	-1.03485107421875E-06	-1.53221559884287E-08	-2128777	1.29562986330711E-05
265	174.572575559247	0.175628662109375	0.1756591796875	-7.476806640625E-08	-1.14959716796875E-06	-1.0748291015625E-06	-1.31336976849639E-08	-2349387.75	1.29523086798145E-05
266	174.62257555912	0.17059326171875	0.170654296875	-6.19506835937506E-08	-1.18438720703125E-06	-1.1224365234375E-06	-1.0572149378163E-08	-2754680	1.29488907987252E-05
267	174.672575558994	0.165557861328125	0.16558837890625	-4.57763671875E-08	-1.22528076171875E-06	-1.17950439453125E-06	-7.58003437795196E-09	-3617333.25	1.29461968754185E-05
268	174.722575558868	0.1605224609375	0.16058349609375	-2.68554687500006E-08	-1.273193359375E-06	-1.246337890625E-06	-4.31254498778344E-09	-5979545.5	1.29443815239938E-05
269	174.772575558742	0.155487060546875	0.155517578125	-5.18798828124945E-09	-1.32965087890625E-06	-1.324462890625E-06	-8.06823385879341E-10	-29976470	1.29435802591615E-05
270	174.822575558615	0.15045166015625	0.150482177734375	2.07519531250006E-08	-1.39617919921875E-06	-1.41693115234375E-06	3.12279913039504E-09	7251470.5	1.29439695228939E-05
271	174.872575558489	0.145416259765625	0.145416259765625	5.06591796874997E-08	-1.4764404296875E-06	-1.527099609375E-06	7.36666816436582E-09	2870482	1.29457548609935E-05
272	174.922575558363	0.140380859375	0.140411376953125	8.42285156249997E-08	-1.56982421875E-06	-1.654052734375E-06	1.18266409998569E-08	1667029.125	1.29491272673476E-05
273	174.972575558237	0.135345458984375	0.135406494140625	1.239013671875E-07	-1.67938232421875E-06	-1.80328369140625E-06	1.67770490833163E-08	1092857.25	1.29543304865365E-05
274	175.02257555811	0.13031005859375	0.130340576171875	1.6815185546875E-07	-1.8084716796875E-06	-1.97662353515625E-06	2.19170104287514E-08	775136.125	1.29616310005076E-05
275	175.072575557984	0.125274658203125	0.125335693359375	2.18811035156249E-07	-1.9573974609375E-06	-2.17620849609375E-06	2.74248321829873E-08	572803.375	1.29713052956504E-05
276	175.122575557858	0.1202392578125	0.120330810546875	2.7587890625E-07	-2.1282958984375E-06	-2.4041748046875E-06	3.31967306976821E-08	436172.5625	1.29836726046051E-05
277	175.172575557732	0.115203857421875	0.115203857421875	3.39355468749999E-07	-2.32086181640625E-06	-2.66021728515625E-06	3.90950596340645E-08	339478.40625	1.29990539790015E-05
278	175.222575557606	0.11016845703125	0.110198974609375	4.08935546875E-07	-2.53875732421875E-06	-2.94769287109375E-06	4.50642758664799E-08	269477.625	1.30177604660275E-05
279	175.272575557479	0.105133056640625	0.105224609375	4.8675537109375E-07	-2.77984619140625E-06	-3.2666015625E-06	5.1218641772266E-08	216175.546875	1.30401531350799E-05
280	175.322575557353	0.10009765625	0.100128173828125	5.7037353515625E-07	-3.0426025390625E-06	-3.61297607421875E-06	5.71104585844751E-08	175548.421875	1.3066581232124E-05
281	175.372575557227	0.095062255859375	0.0950927734375	6.5948486328125E-07	-3.3209228515625E-06	-3.98040771484375E-06	6.27122389573742E-08	144192.515625	1.30973276100121E-05
282	175.422575557101	0.09002685546875	0.090087890625	7.5714111328125E-07	-3.619384765625E-06	-4.37652587890625E-06	6.82092462511719E-08	118984.28125	1.31327433336992E-05
283	175.472575556974	0.084991455078125	0.084991455078125	8.53271484375E-07	-3.9312744140625E-06	-4.7845458984375E-06	7.25207840446274E-08	99606.5859375	1.31730039356626E-05
284	175.522575556848	0.0799560546875	0.079986572265625	9.48181152343749E-07	-4.248046875E-06	-5.19622802734375E-06	7.58417613155871E-08	84357.90625	1.3218040294305E-05
285	175.572575556722	0.074920654296875	0.074981689453125	1.0382080078125E-06	-4.5623779296875E-06	-5.6005859375E-06	7.78465860662436E-08	72222.2265625	1.32676996145165E-05
286	175.622575556596	0.06988525390625	0.06988525390625	1.11846923828125E-06	-4.8736572265625E-06	-5.99212646484375E-06	7.81645042025048E-08	62482.94921875	1.33216171889217E-05
287	175.672575556469	0.064849853515625	0.06488037109375	1.18621826171875E-06	-5.1666259765625E-06	-6.35284423828125E-06	7.69622801044534E-08	54695.13671875	1.3379233678279E-05
288	175.722575556343	0.059814453125	0.059844970703125	1.234130859375E-06	-5.43212890625E-06	-6.666259765625E-06	7.38565262281554E-08	48491.58984375	1.34397423607879E-05
289	175.772575556217	0.054779052734375	0.054840087890625	1.25946044921875E-06	-5.670166015625E-06	-6.92962646484375E-06	6.90689176963133E-08	43542.52734375	1.35020827656263E-05
290	175.822575556091	0.04974365234375	0.0498046875	1.25213623046875E-06	-5.8685302734375E-06	-7.12066650390625E-06	6.23622469220209E-08	39775.77734375	1.35648724608473E-05
291	175.872575555964	0.044708251953125	0.0447509765625	1.22711181640625E-06	-6.01806640625E-06	-7.24517822265625E-06	5.49144480999075E-08	36468.54296875	1.36268536152784E-05
292	175.922575555838	0.0396728515625	0.039764404296875	1.165771484375E-06	-6.11572265625E-06	-7.281494140625E-06	4.6356205984921E-08	34109.94921875	1.36866756292875E-05
293	175.972575555712	0.034637451171875	0.03470458984375	1.07513427734375E-06	-6.16455078125E-06	-7.23968505859375E-06	3.7312091194508E-08	32279.306640625	1.37426986839273E-05
294	176.022575555586	0.02960205078125	0.0296356201171875	9.57641601562501E-07	-6.158447265625E-06	-7.1160888671875E-06	2.83803007761207E-08	30946.46484375	1.37935176098836E-05
295	176.072575555459	0.024566650390625	0.0246612548828125	8.15429687499999E-07	-6.1004638671875E-06	-6.9158935546875E-06	2.01095176066701E-08	30243.263671875	1.38378445626586E-05
296	176.122575555333	0.01953125	0.0196075439453125	6.52160644531249E-07	-5.9967041015625E-06	-6.64886474609375E-06	1.27872681332519E-08	30065.513671875	1.38745344884228E-05
297	176.172575555207	0.014495849609375	0.0145355224609375	4.7332763671875E-07	-5.853271484375E-06	-6.32659912109375E-06	6.88006407401076E-09	30709.220703125	1.39026715260115E-05
298	176.222575555081	0.00946044921875	0.009564208984375	2.8350830078125E-07	-5.67626953125E-06	-5.95977783203125E-06	2.71153233200039E-09	33735.19921875	1.39215926537872E-05
299	176.272575554955	0.004425048828125	0.00450439453125	8.91113281249995E-08	-5.4779052734375E-06	-5.5670166015625E-06	4.01392585835936E-10	50547.94921875	1.39309076985228E-05
300	176.322575554828	-0.0006103515625	-0.000588989257812506	-1.05895996093749E-07	-5.2703857421875E-06	-5.16448974609375E-06	6.23716009395814E-11	5561.95947265625	1.39304884214653E-05
301	176.372575554702	-0.005645751953125	-0.00554809570312501	-3.0029296875E-07	-5.0537109375E-06	-4.75341796875E-06	1.66605407247999E-09	18475.611328125	1.392033391312E-05
302	176.422575554576	-0.01068115234375	-0.0105743408203125	-4.79736328125E-07	-4.840087890625E-06	-4.3603515625E-06	5.07289543705269E-09	22041.984375	1.39008325277246E-05
303	176.47257555445	-0.015716552734375	-0.01566162109375	-6.451416015625E-07	-4.6295166015625E-06	-3.984375E-06	1.01039638877864E-08	24276.25390625	1.38727109515457E-05
304	176.522575554323	-0.020751953125	-0.0206298828125	-7.95898437500001E-07	-4.4281005859375E-06	-3.6322021484375E-06	1.64192908158611E-08	25920.24609375	1.38366849569138E-05
305	176.572575554197	-0.025787353515625	-0.025677490234375	-9.28649902343751E-07	-4.23980712890625E-06	-3.3111572265625E-06	2.38453985446085E-08	27650.34765625	1.3793571270071E-05
306	176.622575554071	-0.03082275390625	-0.030712890625	-1.04248046875E-06	-4.0673828125E-06	-3.02490234375E-06	3.20175885804019E-08	29461.359375	1.37442930281395E-05
307	176.672575553945	-0.035858154296875	-0.035723876953125	-1.1383056640625E-06	-3.90960693359375E-06	-2.77130126953125E-06	4.0664687617209E-08	31383.37890625	1.36897733682417E-05
308	176.722575553818	-0.0408935546875	-0.0407379150390625	-1.21795654296875E-06	-3.76708984375E-06	-2.54913330078125E-06	4.96170109443028E-08	33447.7578125	1.36308663059026E-05
309	176.772575553692	-0.045928955078125	-0.045806884765625	-1.28082275390625E-06	-3.64013671875E-06	-2.35931396484375E-06	5.86705013461142E-08	35763.640625	1.35683967528166E-05
310	176.822575553566	-0.05096435546875	-0.050933837890625	-1.326904296875E-06	-3.52630615234375E-06	-2.19940185546875E-06	6.75843239150709E-08	38385.46484375	1.35032041725935E-05
311	176.87257555344	-0.055999755859375	-0.055877685546875	-1.36505126953125E-06	-3.426513671875E-06	-2.06146240234375E-06	7.62759029271365E-08	40934.49609375	1.34359052026412E-05
312	176.922575553313	-0.06103515625	-0.06097412109375	-1.390380859375E-06	-3.3380126953125E-06	-1.9476318359375E-06	8.47772483325571E-08	43854.2578125	1.33670191644342E-05
313	176.972575553187	-0.066070556640625	-0.06597900390625	-1.40716552734375E-06	-3.26019287109375E-06	-1.85302734375E-06	9.28433792068972E-08	46887.875	1.32970808408572E-05
314	177.022575553061	-0.07110595703125	-0.071014404296875	-1.416015625E-06	-3.193359375E-06	-1.77734375E-06	1.00557507209942E-07	50150.86328125	1.32265013235155E-05
315	177.072575552935	-0.076141357421875	-0.07611083984375	-1.41845703125E-06	-3.1341552734375E-06	-1.7156982421875E-06	1.07959955641945E-07	53657.48828125	1.31556389533216E-05
316	177.122575552808	-0.0811767578125	-0.081146240234375	-1.41754150390625E-06	-3.08258056640625E-06	-1.6650390625E-06	1.15028164771047E-07	57244.34765625	1.30847392938449E-05
317	177.172575552682	-0.086212158203125	-0.08612060546875	-1.4117431640625E-06	-3.03863525390625E-06	-1.62689208984375E-06	1.21580171708047E-07	61003.02734375	1.30140069813933E-05
318	177.222575552556	-0.09124755859375	-0.091156005859375	-1.4044189453125E-06	-3.00048828125E-06	-1.5960693359375E-06	1.28021213186003E-07	64906.56640625	1.29436029965291E-05
319	177.27257555243	-0.096282958984375	-0.09625244140625	-1.39404296875E-06	-2.9669189453125E-06	-1.5728759765625E-06	1.34180027089315E-07	69045.5390625	1.28736419355846E-05
320	177.322575552304	-0.101318359375	-0.101165771484375	-1.38275146484375E-06	-2.9388427734375E-06	-1.55609130859375E-06	1.3988710634294E-07	73162.6640625	1.28042220239877E-05
321	177.372575552177	-0.106353759765625	-0.106201171875	-1.3702392578125E-06	-2.9144287109375E-06	-1.544189453125E-06	1.45521013905636E-07	77505.5703125	1.27353969219257E-05
322	177.422575552051	-0.11138916015625	-0.111328125	-1.357421875E-06	-2.8936767578125E-06	-1.5362548828125E-06	1.51119238012143E-07	82014.390625	1.26672057376709E-05
323	177.472575551925	-0.116424560546875	-0.116302490234375	-1.34490966796875E-06	-2.87628173828125E-06	-1.5313720703125E-06	1.56416334107234E-07	86476.0625	1.25996475617285E-05
324	177.522575551799	-0.1214599609375	-0.121337890625	-1.3323974609375E-06	-2.86224365234375E-06	-1.52984619140625E-06	1.61670300258265E-07	91067.3359375	1.25327142086462E-05
325	177.572575551672	-0.126495361328125	-0.12640380859375	-1.3201904296875E-06	-2.8497314453125E-06	-1.529541015625E-06	1.66877100582496E-07	95746.6484375	1.24664002214558E-05
326	177.622575551546	-0.13153076171875	-0.131439208984375	-1.307373046875E-06	-2.84027099609375E-06	-1.53289794921875E-06	1.71840085272379E-07	100536.8828125	1.24007110571256E-05
327	177.67257555142	-0.136566162109375	-0.136444091796875	-1.29547119140625E-06	-2.83294677734375E-06	-1.5374755859375E-06	1.76759385794867E-07	105323.9140625	1.23356394396978E-05
328	177.722575551294	-0.1416015625	-0.141448974609375	-1.2847900390625E-06	-2.8277587890625E-06	-1.54296875E-06	1.81732218607067E-07	110095.015625	1.22711335279746E-05
329	177.772575551167	-0.146636962890625	-0.146484375	-1.275634765625E-06	-2.8240966796875E-06	-1.5484619140625E-06	1.86860560802415E-07	114832.5390625	1.22071223813691E-05
330	177.822575551041	-0.15167236328125	-0.15155029296875	-1.26617431640625E-06	-2.82257080078125E-06	-1.556396484375E-06	1.91889085954244E-07	119691.4921875	1.21435768960509E-05
331	177.872575550915	-0.156707763671875	-0.15655517578125	-1.25762939453125E-06	-2.822265625E-06	-1.56463623046875E-06	1.96888393588779E-07	124484.3515625	1.20804825201049E-05
332	177.922575550789	-0.1617431640625	-0.16156005859375	-1.2506103515625E-06	-2.823486328125E-06	-1.5728759765625E-06	2.02048681785527E-07	129184.96875	1.20177764983964E-05
333	177.972575550662	-0.166778564453125	-0.1666259765625	-1.2445068359375E-06	-2.82684326171875E-06	-1.58233642578125E-06	2.07367165216965E-07	133889.15625	1.19553978947806E-05
334	178.022575550536	-0.17181396484375	-0.171661376953125	-1.239013671875E-06	-2.830810546875E-06	-1.591796875E-06	2.12690778766955E-07	138546.796875	1.18933103294694E-05
335	178.07257555041	-0.176849365234375	-0.17669677734375	-1.2347412109375E-06	-2.83660888671875E-06	-1.60186767578125E-06	2.18174776023261E-07	143104.3125	1.18314665087382E-05
336	178.122575550284	-0.181884765625	-0.181671142578125	-1.2322998046875E-06	-2.84423828125E-06	-1.6119384765625E-06	2.23873300342348E-07	147424.484375	1.17697900350322E-05
337	178.172575550157	-0.186920166015625	-0.186767578125	-1.23016357421875E-06	-2.85369873046875E-06	-1.62353515625E-06	2.297546615182E-07	151823.375	1.17082290671533E-05
338	178.222575550031	-0.19195556640625	-0.191741943359375	-1.2298583984375E-06	-2.86376953125E-06	-1.6339111328125E-06	2.35815448945687E-07	155905.703125	1.16467281259247E-05
339	178.272575549905	-0.196990966796875	-0.19683837890625	-1.2310791015625E-06	-2.874755859375E-06	-1.6436767578125E-06	2.42323608290462E-07	159890.9375	1.15852044473286E-05
340	178.322575549779	-0.2020263671875	-0.20184326171875	-1.23291015625E-06	-2.88787841796875E-06	-1.65496826171875E-06	2.48854604478765E-07	163712.875	1.15236052806722E-05
