Potential - Start 1.505 V, Stop -0.205 V, Step -0.005 V; Modulation - Amplitude -0.05 V, Time 0.025 s, Interval time 0.05 s
Index	Base.Time (s)	Potential applied (V)	WE(1).Base.Potential (V)	WE(1).Base.Current (A)	WE(1).Pulse.Current (A)	WE(1).δ.Current (A)	WE(1).Base.Power (W)	WE(1).Base.Resistance (Ω)	WE(1).Base.Charge (C)
1	89.2474317746719	1.50497436523438	1.50482177734375	4.88372802734375E-06	4.2852783203125E-06	-5.98449707031251E-07	7.34914010536158E-06	308129.75	0
2	89.2974317745457	1.49993896484375	1.500244140625	4.93743896484375E-06	4.293212890625E-06	-6.44226074218748E-07	7.40736368243233E-06	303850.6875	2.4552917921028E-07
3	89.3474317744194	1.49490356445313	1.4947509765625	4.91180419921875E-06	4.281005859375E-06	-6.3079833984375E-07	7.34192371965037E-06	304318.125	4.91760260956653E-07
4	89.3974317742932	1.4898681640625	1.48956298828125	4.8797607421875E-06	4.26513671875E-06	-6.14624023437499E-07	7.2687107603997E-06	305253.28125	7.36549338853365E-07
5	89.4474317741669	1.48483276367188	1.484375	4.84832763671875E-06	4.24896240234375E-06	-5.99365234374999E-07	7.19673607818549E-06	306162.28125	9.79751575869159E-07
6	89.4974317740407	1.47979736328125	1.47979736328125	4.818115234375E-06	4.23248291015625E-06	-5.85632324218751E-07	7.12983410267043E-06	307132	1.22141261726938E-06
7	89.5474317739145	1.47476196289063	1.47430419921875	4.79034423828125E-06	4.21722412109375E-06	-5.73120117187501E-07	7.06242417436442E-06	307765.8125	1.46162403780181E-06
8	89.5974317737882	1.4697265625	1.4697265625	4.76409912109375E-06	4.20196533203125E-06	-5.62133789062502E-07	7.00192231306573E-06	308500.4375	1.70048519976262E-06
9	89.647431773662	1.46469116210938	1.46484375	4.739990234375E-06	4.18701171875E-06	-5.52978515624999E-07	6.94334448780864E-06	309039.4375	1.93808727999567E-06
10	89.6974317735358	1.45965576171875	1.45965576171875	4.718017578125E-06	4.1729736328125E-06	-5.45043945312501E-07	6.88668114889879E-06	309379.0625	2.17453748518892E-06
11	89.7474317734095	1.45462036132813	1.45477294921875	4.6966552734375E-06	4.1595458984375E-06	-5.37109375E-07	6.832567123638E-06	309746.59375	2.40990448219236E-06
12	89.7974317732833	1.4495849609375	1.44989013671875	4.67742919921875E-06	4.1473388671875E-06	-5.3009033203125E-07	6.78175820212346E-06	309975.875	2.64425648310862E-06
13	89.847431773157	1.44454956054688	1.4447021484375	4.65972900390625E-06	4.13482666015625E-06	-5.2490234375E-07	6.73192016620305E-06	310039.96875	2.87768534690258E-06
14	89.8974317730308	1.43951416015625	1.43951416015625	4.6429443359375E-06	4.12353515625E-06	-5.19409179687499E-07	6.68358370603528E-06	310043.40625	3.11025223709294E-06
15	89.9474317729046	1.43447875976563	1.434326171875	4.62738037109375E-06	4.11163330078125E-06	-5.157470703125E-07	6.63717264615116E-06	309965.0625	3.34201035911974E-06
16	89.9974317727783	1.429443359375	1.4288330078125	4.61212158203125E-06	4.100341796875E-06	-5.11779785156249E-07	6.58995122648776E-06	309799.53125	3.57299791176047E-06
17	90.0474317726521	1.42440795898438	1.42486572265625	4.59808349609375E-06	4.08935546875E-06	-5.0872802734375E-07	6.55165104035405E-06	309882.53125	3.80325309379259E-06
18	90.0974317725259	1.41937255859375	1.41937255859375	4.5849609375E-06	4.0789794921875E-06	-5.05981445312498E-07	6.50776746624615E-06	309571.375	4.03282911065617E-06
19	90.1474317723996	1.41433715820313	1.41387939453125	4.57305908203125E-06	4.06890869140625E-06	-5.04150390624999E-07	6.4657538132451E-06	309175.84375	4.26177939516492E-06
20	90.1974317722734	1.4093017578125	1.4093017578125	4.56146240234375E-06	4.05914306640625E-06	-5.02319335937498E-07	6.42847726339824E-06	308958.3125	4.49014260084368E-06
21	90.2474317721471	1.40426635742188	1.40411376953125	4.55047607421875E-06	4.04937744140625E-06	-5.01098632812502E-07	6.38938581687398E-06	308564.15625	4.71794101031264E-06
22	90.2974317720209	1.39923095703125	1.39923095703125	4.53948974609375E-06	4.0399169921875E-06	-4.99572753906249E-07	6.35179412711295E-06	308235.3125	4.94519008498173E-06
23	90.3474317718947	1.39419555664063	1.39404296875	4.52972412109375E-06	4.03045654296875E-06	-4.99267578125001E-07	6.31462944511441E-06	307754.53125	5.17192074767081E-06
24	90.3974317717684	1.38916015625	1.38946533203125	4.520263671875E-06	4.02099609375E-06	-4.99267578124999E-07	6.28074985797866E-06	307385.90625	5.39817028766265E-06
25	90.4474317716422	1.38412475585938	1.38427734375	4.51141357421875E-06	4.012451171875E-06	-4.9896240234375E-07	6.24504718871322E-06	306838.9375	5.6239623518195E-06
26	90.4974317715159	1.37908935546875	1.37908935546875	4.50286865234375E-06	4.00360107421875E-06	-4.99267578125001E-07	6.20985838395427E-06	306269.0625	5.84931922276155E-06
27	90.5474317713897	1.37405395507813	1.3739013671875	4.49432373046875E-06	3.995361328125E-06	-4.9896240234375E-07	6.17475734543405E-06	305697.03125	6.07424908594112E-06
28	90.5974317712635	1.3690185546875	1.368408203125	4.48638916015625E-06	3.98681640625E-06	-4.99572753906252E-07	6.13921156400465E-06	305013.28125	6.29876694802078E-06
29	90.6474317711372	1.36398315429688	1.363525390625	4.47845458984375E-06	3.97857666015625E-06	-4.99877929687501E-07	6.10648658039281E-06	304463.375	6.52288781566313E-06
30	90.697431771011	1.35894775390625	1.35894775390625	4.47052001953125E-06	3.97003173828125E-06	-5.0048828125E-07	6.07520269113593E-06	303979.8125	6.74661214361549E-06
31	90.7474317708848	1.35391235351563	1.353759765625	4.464111328125E-06	3.96209716796875E-06	-5.0201416015625E-07	6.0433339967858E-06	303254.0625	6.96997813065536E-06
32	90.7974317707585	1.348876953125	1.34857177734375	4.456787109375E-06	3.953857421875E-06	-5.02929687499998E-07	6.01029705649125E-06	302588.34375	7.19300032869796E-06
33	90.8474317706323	1.34384155273438	1.343994140625	4.449462890625E-06	3.9459228515625E-06	-5.035400390625E-07	5.9800518101838E-06	302057.625	7.41565690987045E-06
34	90.897431770506	1.33880615234375	1.33819580078125	4.443359375E-06	3.93829345703125E-06	-5.0506591796875E-07	5.94608445680933E-06	301167.59375	7.63797743275063E-06
35	90.9474317703798	1.33377075195313	1.3336181640625	4.43695068359375E-06	3.93035888671875E-06	-5.06591796875E-07	5.91719754083897E-06	300570.90625	7.8599850894534E-06
36	90.9974317702536	1.3287353515625	1.32843017578125	4.43023681640625E-06	3.92242431640625E-06	-5.07812499999999E-07	5.88526017963886E-06	299855.34375	8.08166441856883E-06
37	91.0474317701273	1.32369995117188	1.32354736328125	4.423828125E-06	3.91571044921875E-06	-5.0811767578125E-07	5.85514590056846E-06	299185.96875	8.30301632959163E-06
38	91.0974317700011	1.31866455078125	1.31866455078125	4.41802978515625E-06	3.907470703125E-06	-5.10559082031251E-07	5.82589927944355E-06	298473.4375	8.52406265039463E-06
39	91.1474317698749	1.31362915039063	1.3134765625	4.41192626953125E-06	3.89984130859375E-06	-5.12084960937501E-07	5.79496145292069E-06	297710.46875	8.74481156643014E-06
40	91.1974317697486	1.30859375	1.30889892578125	4.4061279296875E-06	3.892822265625E-06	-5.133056640625E-07	5.76717638978153E-06	297063.3125	8.96526307769818E-06
41	91.2474317696224	1.30355834960938	1.3037109375	4.40032958984375E-06	3.88519287109375E-06	-5.15136718749998E-07	5.73675788473338E-06	296275.75	9.18542446015636E-06
42	91.2974317694961	1.29852294921875	1.29852294921875	4.39453125E-06	3.87786865234375E-06	-5.16662597656251E-07	5.70639940633555E-06	295486.125	9.40529571380466E-06
43	91.3474317693699	1.29348754882813	1.2933349609375	4.38873291015625E-06	3.87115478515625E-06	-5.17578125000001E-07	5.67610140933539E-06	294694.40625	9.62487774813781E-06
44	91.3974317692437	1.2884521484375	1.28814697265625	4.3829345703125E-06	3.8641357421875E-06	-5.18798828125E-07	5.64586389373289E-06	293900.5625	9.84416965366108E-06
45	91.4474317691174	1.28341674804688	1.2835693359375	4.37713623046875E-06	3.85711669921875E-06	-5.20019531250002E-07	5.61835759071982E-06	293244.09375	1.00631714303745E-05
46	91.4974317689912	1.27838134765625	1.27838134765625	4.37164306640625E-06	3.85101318359375E-06	-5.20629882812501E-07	5.58862711841357E-06	292425.8125	1.02818903542357E-05
47	91.547431768865	1.27334594726563	1.273193359375	4.3670654296875E-06	3.843994140625E-06	-5.23071289062499E-07	5.56011855223915E-06	291544.375	1.05003582575591E-05
48	91.5974317687387	1.268310546875	1.26800537109375	4.36126708984375E-06	3.8372802734375E-06	-5.23986816406252E-07	5.5301102293015E-06	290742.40625	1.07185669548926E-05
49	91.6474317686125	1.26327514648438	1.26312255859375	4.3560791015625E-06	3.83087158203125E-06	-5.25207519531248E-07	5.50226150153321E-06	289967.78125	1.09365000753314E-05
50	91.6974317684862	1.25823974609375	1.258544921875	4.35089111328125E-06	3.82476806640625E-06	-5.26123046874999E-07	5.47579156773281E-06	289261.4375	1.11541739897802E-05
51	91.74743176836	1.25320434570313	1.25274658203125	4.345703125E-06	3.81866455078125E-06	-5.27038574218749E-07	5.44406475455617E-06	288272.46875	1.13715896077338E-05
52	91.7974317682338	1.2481689453125	1.2481689453125	4.3408203125E-06	3.81317138671875E-06	-5.27648925781249E-07	5.41807730769506E-06	287542.1875	1.15887523861602E-05
53	91.8474317681075	1.24313354492188	1.24298095703125	4.33563232421875E-06	3.807373046875E-06	-5.28259277343749E-07	5.38910808245419E-06	286689.65625	1.18056632345542E-05
54	91.8974317679813	1.23809814453125	1.2384033203125	4.33074951171875E-06	3.8018798828125E-06	-5.2886962890625E-07	5.36321476829471E-06	285955.875	1.20223230624106E-05
55	91.9474317678551	1.23306274414063	1.23260498046875	4.3255615234375E-06	3.79638671875E-06	-5.29174804687499E-07	5.33170850758324E-06	284958.375	1.22387309602345E-05
56	91.9974317677288	1.22802734375	1.22802734375	4.3206787109375E-06	3.79150390625E-06	-5.29174804687501E-07	5.30591159986216E-06	284220.9375	1.24548869280261E-05
57	92.0474317676026	1.22299194335938	1.22344970703125	4.315185546875E-06	3.7860107421875E-06	-5.29174804687499E-07	5.27941210748395E-06	283521.9375	1.26707836898277E-05
58	92.0974317674763	1.21795654296875	1.21795654296875	4.31060791015625E-06	3.78143310546875E-06	-5.29174804687499E-07	5.25013319929712E-06	282548.6875	1.28864285215968E-05
59	92.1474317673501	1.21292114257813	1.21246337890625	4.3060302734375E-06	3.7762451171875E-06	-5.29785156250001E-07	5.2209034038242E-06	281573.375	1.31018441607011E-05
60	92.1974317672239	1.2078857421875	1.2078857421875	4.30084228515625E-06	3.77197265625E-06	-5.28869628906251E-07	5.19492596140481E-06	280848.65625	1.33170160552254E-05
61	92.2474317670976	1.20285034179688	1.202392578125	4.29595947265625E-06	3.7677001953125E-06	-5.28259277343748E-07	5.16542968398426E-06	279889.1875	1.35319360197173E-05
62	92.2974317669714	1.19781494140625	1.19781494140625	4.29168701171875E-06	3.7640380859375E-06	-5.27648925781252E-07	5.1406464081083E-06	279101.21875	1.3746627701039E-05
63	92.3474317668451	1.19277954101563	1.19232177734375	4.28680419921875E-06	3.7591552734375E-06	-5.27648925781249E-07	5.11124972035759E-06	278137.6875	1.39610892802011E-05
64	92.3974317667189	1.187744140625	1.187744140625	4.2822265625E-06	3.7554931640625E-06	-5.26733398437499E-07	5.08618950334494E-06	277366	1.41753153002355E-05
65	92.4474317665927	1.18270874023438	1.18255615234375	4.27703857421875E-06	3.75152587890625E-06	-5.25512695312499E-07	5.05783827975392E-06	276489.46875	1.43892966661952E-05
66	92.4974317664664	1.17767333984375	1.1773681640625	4.2724609375E-06	3.74755859375E-06	-5.2490234375E-07	5.03025967191206E-06	275571.4375	1.46030342875747E-05
67	92.5474317663402	1.17263793945313	1.17279052734375	4.2681884765625E-06	3.743896484375E-06	-5.242919921875E-07	5.00569058203837E-06	274774.78125	1.48165509017417E-05
68	92.597431766214	1.1676025390625	1.16729736328125	4.26361083984375E-06	3.73992919921875E-06	-5.23681640625002E-07	4.97690143674845E-06	273781.40625	1.50298455992015E-05
69	92.6474317660877	1.16256713867188	1.16241455078125	4.25933837890625E-06	3.73626708984375E-06	-5.23071289062499E-07	4.95111680720584E-06	272909.65625	1.52429192894488E-05
70	92.6974317659615	1.15753173828125	1.1572265625	4.25537109375E-06	3.73260498046875E-06	-5.22766113281248E-07	4.92442859467701E-06	271944.9375	1.54557874338934E-05
71	92.7474317658352	1.15249633789063	1.15264892578125	4.25140380859375E-06	3.7286376953125E-06	-5.22766113281251E-07	4.90037609779392E-06	271121.96875	1.56684563989984E-05
72	92.797431765709	1.1474609375	1.1474609375	4.24713134765625E-06	3.72467041015625E-06	-5.22460937499999E-07	4.87341685584397E-06	270173.1875	1.58809198183008E-05
73	92.8474317655828	1.14242553710938	1.14288330078125	4.2431640625E-06	3.7213134765625E-06	-5.218505859375E-07	4.84944121126318E-06	269346.96875	1.60931776918005E-05
74	92.8974317654565	1.13739013671875	1.13739013671875	4.2401123046875E-06	3.717041015625E-06	-5.23071289062499E-07	4.82266159451683E-06	268245.3125	1.63052591233281E-05
75	92.9474317653303	1.13235473632813	1.13250732421875	4.2364501953125E-06	3.71368408203125E-06	-5.22766113281251E-07	4.79781056128559E-06	267324.59375	1.65171732078306E-05
76	92.9974317652041	1.1273193359375	1.1273193359375	4.232177734375E-06	3.7091064453125E-06	-5.23071289062502E-07	4.7710154831293E-06	266368.625	1.67288890224881E-05
77	93.0474317650778	1.12228393554688	1.12213134765625	4.229736328125E-06	3.7054443359375E-06	-5.242919921875E-07	4.74631951874471E-06	265295.84375	1.69404374901205E-05
78	93.0974317649516	1.11724853515625	1.1175537109375	4.2266845703125E-06	3.70025634765625E-06	-5.2642822265625E-07	4.72354668090702E-06	264404.34375	1.71518477145582E-05
79	93.1474317648253	1.11221313476563	1.11236572265625	4.22332763671875E-06	3.69537353515625E-06	-5.27954101562499E-07	4.6978843784018E-06	263386.09375	1.73630978679284E-05
80	93.1974317646991	1.107177734375	1.107177734375	4.22027587890625E-06	3.690185546875E-06	-5.30090332031249E-07	4.67259542347165E-06	262347.25	1.75741879502311E-05
81	93.2474317645729	1.10214233398438	1.102294921875	4.217529296875E-06	3.68499755859375E-06	-5.3253173828125E-07	4.64896129415138E-06	261360.34375	1.77851325133815E-05
82	93.2974317644466	1.09710693359375	1.09710693359375	4.21478271484375E-06	3.6798095703125E-06	-5.34973144531251E-07	4.6240670599218E-06	260299.765625	1.79959406523267E-05
83	93.3474317643204	1.09207153320313	1.09222412109375	4.2132568359375E-06	3.67340087890625E-06	-5.39855957031252E-07	4.60182081951643E-06	259235.109375	1.8206641470897E-05
84	93.3974317641942	1.0870361328125	1.08642578125	4.21112060546875E-06	3.66668701171875E-06	-5.44433593749999E-07	4.57506985185319E-06	257989.71875	1.84172513399972E-05
85	93.4474317640679	1.08200073242188	1.08184814453125	4.20989990234375E-06	3.65997314453125E-06	-5.499267578125E-07	4.55447252534213E-06	256977.15625	1.86277757165954E-05
86	93.4974317639417	1.07696533203125	1.07696533203125	4.2083740234375E-06	3.6517333984375E-06	-5.56640624999998E-07	4.53227266916656E-06	255910.09375	1.88382327905856E-05
87	93.5474317638154	1.07192993164063	1.07147216796875	4.20654296875E-06	3.64288330078125E-06	-5.63659667968749E-07	4.50719380751252E-06	254715.609375	1.90486061910633E-05
88	93.5974317636892	1.06689453125	1.06689453125	4.20562744140625E-06	3.63311767578125E-06	-5.72509765625001E-07	4.48696073362953E-06	253682.625	1.92589104699437E-05
89	93.647431763563	1.06185913085938	1.0614013671875	4.20562744140625E-06	3.62213134765625E-06	-5.83496093750002E-07	4.4638586587098E-06	252376.46875	1.94691911019618E-05
90	93.6974317634367	1.05682373046875	1.05712890625	4.2059326171875E-06	3.6102294921875E-06	-5.95703125E-07	4.446212642506E-06	251342.34375	1.96794808289269E-05
91	93.7474317633105	1.05178833007813	1.05194091796875	4.20623779296875E-06	3.59619140625E-06	-6.10046386718752E-07	4.42471309725079E-06	250090.71875	1.98897851078073E-05
92	93.7974317631842	1.0467529296875	1.04766845703125	4.207763671875E-06	3.58001708984375E-06	-6.2774658203125E-07	4.40834128312417E-06	248984.625	2.01001348614227E-05
93	93.847431763058	1.04171752929688	1.04156494140625	4.20989990234375E-06	3.56170654296875E-06	-6.48193359374999E-07	4.3848840505234E-06	247408.46875	2.03105773834977E-05
94	93.8974317629318	1.03668212890625	1.03668212890625	4.212646484375E-06	3.5400390625E-06	-6.72607421874999E-07	4.36717482443783E-06	246088.109375	2.05211399588734E-05
95	93.9474317628055	1.03164672851563	1.03118896484375	4.21661376953125E-06	3.51654052734375E-06	-7.00073242187499E-07	4.34812591265654E-06	244553.796875	2.07318717002636E-05
96	93.9974317626793	1.026611328125	1.02630615234375	4.222412109375E-06	3.4881591796875E-06	-7.34252929687501E-07	4.33348714068416E-06	243061.59375	2.09428471862338E-05
97	94.0474317625531	1.02157592773438	1.02203369140625	4.22943115234375E-06	3.4552001953125E-06	-7.74230957031249E-07	4.32262095273472E-06	241648.03125	2.11541428143391E-05
98	94.0974317624268	1.01654052734375	1.01654052734375	4.23736572265625E-06	3.4173583984375E-06	-8.20007324218749E-07	4.30745421908796E-06	239899.171875	2.13658131542616E-05
99	94.1474317623006	1.01150512695313	1.0113525390625	4.24774169921875E-06	3.372802734375E-06	-8.7493896484375E-07	4.29596457252046E-06	238091.8125	2.15779418795137E-05
100	94.1974317621743	1.0064697265625	1.0064697265625	4.26025390625E-06	3.3209228515625E-06	-9.393310546875E-07	4.28781640948728E-06	236246.421875	2.17906417674385E-05
101	94.2474317620481	1.00143432617188	1.00128173828125	4.27581787109375E-06	3.25958251953125E-06	-1.0162353515625E-06	4.28129851570702E-06	234173.140625	2.20040437852731E-05
102	94.2974317619219	0.99639892578125	0.99639892578125	4.2938232421875E-06	3.1878662109375E-06	-1.10595703125E-06	4.2783608478203E-06	232054.015625	2.22182843572227E-05
103	94.3474317617956	0.991363525390625	0.9912109375	4.3157958984375E-06	3.10455322265625E-06	-1.21124267578125E-06	4.27786380896578E-06	229670.5	2.24335235543549E-05
104	94.3974317616694	0.986328125	0.98663330078125	4.342041015625E-06	3.0059814453125E-06	-1.3360595703125E-06	4.28400198870804E-06	227228	2.2649970560451E-05
105	94.4474317615432	0.981292724609375	0.98114013671875	4.373779296875E-06	2.891845703125E-06	-1.48193359375E-06	4.2912902245007E-06	224323.203125	2.28678654821124E-05
106	94.4974317614169	0.97625732421875	0.9759521484375	4.410400390625E-06	2.7593994140625E-06	-1.6510009765625E-06	4.30433965448174E-06	221284.25	2.30874702538131E-05
107	94.5474317612907	0.971221923828125	0.97198486328125	4.453125E-06	2.60528564453125E-06	-1.84783935546875E-06	4.32836986874463E-06	218270.296875	2.33090577239636E-05
108	94.5974317611644	0.9661865234375	0.9661865234375	4.50347900390625E-06	2.42828369140625E-06	-2.0751953125E-06	4.35120091424324E-06	214542.25	2.35329735005507E-05
109	94.6474317610382	0.961151123046875	0.96099853515625	4.561767578125E-06	2.225341796875E-06	-2.33642578125E-06	4.38385177403688E-06	210663.640625	2.37596050283173E-05
110	94.697431760912	0.95611572265625	0.95611572265625	4.62799072265625E-06	1.99462890625E-06	-2.63336181640625E-06	4.42489454144379E-06	206594.140625	2.39893488469534E-05
111	94.7474317607857	0.951080322265625	0.9515380859375	4.7027587890625E-06	1.73583984375E-06	-2.9669189453125E-06	4.47485399490688E-06	202336.140625	2.42226178670535E-05
112	94.7974317606595	0.946044921875	0.946044921875	4.7882080078125E-06	1.4453125E-06	-3.3428955078125E-06	4.5298593249754E-06	197578.09375	2.44598923018202E-05
113	94.8474317605333	0.941009521484375	0.941162109375	4.8797607421875E-06	1.12701416015625E-06	-3.75274658203125E-06	4.59264583696495E-06	192870.546875	2.47015905188164E-05
114	94.897431760407	0.93597412109375	0.9356689453125	4.9835205078125E-06	7.82165527343751E-07	-4.20135498046875E-06	4.66292522105505E-06	187752.609375	2.49481727223611E-05
115	94.9474317602808	0.930938720703125	0.93109130859375	5.0933837890625E-06	4.119873046875E-07	-4.681396484375E-06	4.74240505354828E-06	182804.078125	2.52000954787945E-05
116	94.9974317601545	0.9259033203125	0.9259033203125	5.2093505859375E-06	1.92260742187506E-08	-5.19012451171875E-06	4.82335508422693E-06	177738.71875	2.54576643783366E-05
117	95.0474317600283	0.920867919921875	0.92132568359375	5.3253173828125E-06	-3.88183593749999E-07	-5.7135009765625E-06	4.90635147798457E-06	173008.609375	2.57210303971078E-05
118	95.0974317599021	0.91583251953125	0.91552734375	5.4412841796875E-06	-8.06274414062499E-07	-6.24755859375E-06	4.98164445161819E-06	168255.75	2.59901953540975E-05
119	95.1474317597758	0.910797119140625	0.91094970703125	5.5511474609375E-06	-1.22711181640625E-06	-6.77825927734375E-06	5.05681600770913E-06	164101.15625	2.62650064541958E-05
120	95.1974317596496	0.90576171875	0.90545654296875	5.6488037109375E-06	-1.644287109375E-06	-7.2930908203125E-06	5.11474581799121E-06	160291.75	2.6545005312073E-05
121	95.2474317595234	0.900726318359375	0.90057373046875	5.7281494140625E-06	-2.04498291015625E-06	-7.77313232421875E-06	5.15862075189943E-06	157218.96875	2.68294279521797E-05
122	95.2974317593971	0.89569091796875	0.89630126953125	5.7830810546875E-06	-2.42523193359375E-06	-8.20831298828125E-06	5.1833826546499E-06	154986.8125	2.71172102657147E-05
123	95.3474317592709	0.890655517578125	0.8905029296875	5.810546875E-06	-2.77557373046875E-06	-8.58612060546875E-06	5.17430862601032E-06	153256.3125	2.74070498562651E-05
124	95.3974317591446	0.8856201171875	0.88592529296875	5.8013916015625E-06	-3.08837890625E-06	-8.8897705078125E-06	5.13959957970656E-06	152709.09375	2.76973478321452E-05
125	95.4474317590184	0.880584716796875	0.880126953125	5.7586669921875E-06	-3.35601806640625E-06	-9.11468505859375E-06	5.06835795022198E-06	152835.203125	2.79863506875699E-05
126	95.4974317588922	0.87554931640625	0.87554931640625	5.682373046875E-06	-3.57086181640625E-06	-9.25323486328125E-06	4.97519749842468E-06	154081.640625	2.82723758573411E-05
127	95.5474317587659	0.870513916015625	0.87066650390625	5.56640625E-06	-3.731689453125E-06	-9.298095703125E-06	4.84648307974567E-06	156414.484375	2.85535952571081E-05
128	95.5974317586397	0.865478515625	0.86517333984375	5.4229736328125E-06	-3.8330078125E-06	-9.2559814453125E-06	4.69181213702541E-06	159538.546875	2.88283299596515E-05
129	95.6474317585134	0.860443115234375	0.86029052734375	5.2459716796875E-06	-3.875732421875E-06	-9.1217041015625E-06	4.51305959359161E-06	163990.703125	2.90950538328616E-05
130	95.6974317583872	0.85540771484375	0.85540771484375	5.0445556640625E-06	-3.863525390625E-06	-8.9080810546875E-06	4.31515172749641E-06	169570.484375	2.93523171421839E-05
131	95.747431758261	0.850372314453125	0.85052490234375	4.827880859375E-06	-3.7994384765625E-06	-8.6273193359375E-06	4.10623260904686E-06	176169.40625	2.95991285383934E-05
132	95.7974317581347	0.8453369140625	0.8453369140625	4.595947265625E-06	-3.69842529296875E-06	-8.29437255859375E-06	3.88512398785679E-06	183930.9375	2.98347240459407E-05
133	95.8474317580085	0.840301513671875	0.8404541015625	4.3548583984375E-06	-3.564453125E-06	-7.9193115234375E-06	3.66005860996665E-06	192992.296875	3.00584943033755E-05
134	95.8974317578823	0.83526611328125	0.83526611328125	4.11590576171875E-06	-3.414306640625E-06	-7.53021240234375E-06	3.43787633028114E-06	202936.171875	3.02702628687257E-05
135	95.947431757756	0.830230712890625	0.83038330078125	3.8818359375E-06	-3.2611083984375E-06	-7.1429443359375E-06	3.22341156788752E-06	213915.109375	3.04702061839635E-05
136	95.9974317576298	0.8251953125	0.82489013671875	3.66180419921875E-06	-3.11859130859375E-06	-6.7803955078125E-06	3.02058606393985E-06	225268.78125	3.06587971863337E-05
137	96.0474317575035	0.820159912109375	0.8203125	3.460693359375E-06	-2.99896240234375E-06	-6.45965576171875E-06	2.83884992313688E-06	237037.046875	3.08368580590468E-05
138	96.0974317573773	0.81512451171875	0.81512451171875	3.287353515625E-06	-2.91595458984375E-06	-6.20330810546875E-06	2.6796024030773E-06	247957.671875	3.10055620502681E-05
139	96.1474317572511	0.810089111328125	0.810546875	3.1463623046875E-06	-2.8814697265625E-06	-6.02783203125E-06	2.55027407547459E-06	257613.984375	3.11664043692872E-05
140	96.1974317571248	0.8050537109375	0.80535888671875	3.0389404296875E-06	-2.90191650390625E-06	-5.94085693359375E-06	2.44743750954513E-06	265013.0625	3.13210366584826E-05
141	96.2474317569986	0.800018310546875	0.8001708984375	2.96905517578125E-06	-2.98980712890625E-06	-5.9588623046875E-06	2.37575136452506E-06	269503.5625	3.1471237889491E-05
142	96.2974317568724	0.79498291015625	0.794677734375	2.9345703125E-06	-3.14178466796875E-06	-6.07635498046875E-06	2.33203763855272E-06	270798.6875	3.16188270517159E-05
143	96.3474317567461	0.789947509765625	0.79010009765625	2.94281005859375E-06	-3.3648681640625E-06	-6.30767822265625E-06	2.32511433750915E-06	268484.9375	3.17657613777556E-05
144	96.3974317566199	0.784912109375	0.78521728515625	2.98919677734375E-06	-3.6566162109375E-06	-6.64581298828125E-06	2.34716890190612E-06	262685.0625	3.19140599458478E-05
145	96.4474317564936	0.779876708984375	0.77972412109375	3.0682373046875E-06	-4.01611328125E-06	-7.0843505859375E-06	2.3923785192892E-06	254127.71875	3.20654980896506E-05
146	96.4974317563674	0.77484130859375	0.775146484375	3.17901611328125E-06	-4.443359375E-06	-7.62237548828125E-06	2.46420313487761E-06	243832.203125	3.22216801578179E-05
147	96.5474317562412	0.769805908203125	0.76995849609375	3.31268310546875E-06	-4.9285888671875E-06	-8.24127197265625E-06	2.55062832366093E-06	232427.453125	3.23839703924023E-05
148	96.5974317561149	0.7647705078125	0.76507568359375	3.4625244140625E-06	-5.4656982421875E-06	-8.92822265625E-06	2.64909317593265E-06	220958.9375	3.25533510476816E-05
149	96.6474317559887	0.759735107421875	0.7598876953125	3.61846923828125E-06	-6.048583984375E-06	-9.66705322265625E-06	2.74963031188236E-06	210002.53125	3.27303750964347E-05
150	96.6974317558625	0.75469970703125	0.7550048828125	3.770751953125E-06	-6.671142578125E-06	-1.044189453125E-05	2.84693601315666E-06	200226.609375	3.291510802228E-05
151	96.7474317557362	0.749664306640625	0.749542236328125	3.9154052734375E-06	-7.3211669921875E-06	-1.1236572265625E-05	2.93476159640704E-06	191434.140625	3.31072624248918E-05
152	96.79743175561	0.74462890625	0.74444580078125	4.0191650390625E-06	-7.989501953125E-06	-1.20086669921875E-05	2.99205044029804E-06	185224	3.33056232193485E-05
153	96.8474317554837	0.739593505859375	0.739410400390625	4.0924072265625E-06	-8.6669921875E-06	-1.27593994140625E-05	3.02596822621126E-06	180678.609375	3.35084150719922E-05
154	96.8974317553575	0.73455810546875	0.73431396484375	4.119873046875E-06	-9.3475341796875E-06	-1.34674072265625E-05	3.02528019346937E-06	178237.046875	3.37137207679916E-05
155	96.9474317552313	0.729522705078125	0.72930908203125	4.0985107421875E-06	-1.002197265625E-05	-1.41204833984375E-05	2.98908094009676E-06	177944.90625	3.39191792591009E-05
156	96.997431755105	0.7244873046875	0.724212646484375	4.022216796875E-06	-1.06842041015625E-05	-1.47064208984375E-05	2.9129400900274E-06	180053.109375	3.41222003044095E-05
157	97.0474317549788	0.719451904296875	0.71923828125	3.8916015625E-06	-1.13189697265625E-05	-1.52105712890625E-05	2.79898881672125E-06	184818.078125	3.43200445058756E-05
158	97.0974317548526	0.71441650390625	0.714263916015625	3.70574951171875E-06	-1.19293212890625E-05	-1.56350708007813E-05	2.64688310380734E-06	192744.796875	3.4509979741415E-05
159	97.1474317547263	0.709381103515625	0.70916748046875	3.47015380859375E-06	-1.25E-05	-1.59701538085938E-05	2.46092008637788E-06	204361.984375	3.46893757523503E-05
160	97.1974317546001	0.704345703125	0.704254150390625	3.189697265625E-06	-1.3018798828125E-05	-1.620849609375E-05	2.24635755330382E-06	220790.28125	3.48558714904357E-05
161	97.2474317544738	0.699310302734375	0.69915771484375	2.86651611328125E-06	-1.34796142578125E-05	-1.63461303710938E-05	2.00414683604322E-06	243905.046875	3.50072768924292E-05
162	97.2974317543476	0.69427490234375	0.694122314453125	2.515869140625E-06	-1.3873291015625E-05	-1.638916015625E-05	1.7463207768742E-06	275897.625	3.51418384525459E-05
163	97.3474317542214	0.689239501953125	0.689056396484375	2.14080810546875E-06	-1.4190673828125E-05	-1.63314819335938E-05	1.47513742376759E-06	321867.4375	3.52582537743729E-05
164	97.3974317540951	0.6842041015625	0.683929443359375	1.74530029296875E-06	-1.44195556640625E-05	-1.61648559570312E-05	1.19366222861572E-06	391869.21875	3.53554059984162E-05
165	97.4474317539689	0.679168701171875	0.678955078125	1.34033203125E-06	-1.455078125E-05	-1.589111328125E-05	9.10025221401156E-07	506557.375	3.54325457010418E-05
166	97.4974317538426	0.67413330078125	0.6739501953125	9.307861328125E-07	-1.4581298828125E-05	-1.55120849609375E-05	6.27303450073669E-07	724065.625	3.54893236362841E-05
167	97.5474317537164	0.669097900390625	0.668914794921875	5.2337646484375E-07	-1.4495849609375E-05	-1.50192260742188E-05	3.50094268242174E-07	1278075.875	3.55256779585034E-05
168	97.5974317535902	0.6640625	0.663909912109375	1.16882324218751E-07	-1.429443359375E-05	-1.44113159179688E-05	7.75993314050538E-08	5680157	3.55416850652546E-05
169	97.6474317534639	0.659027099609375	0.65887451171875	-2.8045654296875E-07	-1.39801025390625E-05	-1.36996459960937E-05	-1.84785662327158E-07	-2349292.75	3.55375959770754E-05
170	97.6974317533377	0.65399169921875	0.653839111328125	-6.61621093750001E-07	-1.356201171875E-05	-1.2900390625E-05	-4.32593736832132E-07	-988238.0625	3.55140437022783E-05
171	97.7474317532115	0.648956298828125	0.648834228515625	-1.0302734375E-06	-1.30462646484375E-05	-1.20159912109375E-05	-6.68476673126861E-07	-629768.9375	3.5471748560667E-05
172	97.7974317530852	0.6439208984375	0.64373779296875	-1.38397216796875E-06	-1.2451171875E-05	-1.10671997070313E-05	-8.90915202944598E-07	-465137.8125	3.54113908542786E-05
173	97.847431752959	0.638885498046875	0.63873291015625	-1.71844482421875E-06	-1.180419921875E-05	-1.00857543945313E-05	-1.09762720512663E-06	-371692.4375	3.53338291461114E-05
174	97.8974317528327	0.63385009765625	0.63372802734375	-2.0343017578125E-06	-1.1126708984375E-05	-9.0924072265625E-06	-1.28919407416106E-06	-311521.15625	3.52400129486341E-05
175	97.9474317527065	0.628814697265625	0.628662109375	-2.3291015625E-06	-1.0443115234375E-05	-8.114013671875E-06	-1.46421791669127E-06	-269916.15625	3.51309281541035E-05
176	97.9974317525803	0.623779296875	0.623687744140625	-2.5994873046875E-06	-9.77783203125E-06	-7.1783447265625E-06	-1.62126832492504E-06	-239927.21875	3.50077134498861E-05
177	98.047431752454	0.618743896484375	0.61865234375	-2.83905029296875E-06	-9.1400146484375E-06	-6.30096435546875E-06	-1.75638513155718E-06	-217908.203125	3.48717476299498E-05
178	98.0974317523278	0.61370849609375	0.6136474609375	-3.04840087890625E-06	-8.551025390625E-06	-5.50262451171875E-06	-1.87064347301202E-06	-201301.421875	3.47245622833725E-05
179	98.1474317522016	0.608673095703125	0.608612060546875	-3.22479248046875E-06	-8.001708984375E-06	-4.77691650390625E-06	-1.96264750229602E-06	-188729.0625	3.45677326549776E-05
180	98.1974317520753	0.6036376953125	0.603515625	-3.36639404296875E-06	-7.501220703125E-06	-4.13482666015625E-06	-2.03167132895032E-06	-179276.59375	3.44029540428892E-05
181	98.2474317519491	0.598602294921875	0.598480224609375	-3.475341796875E-06	-7.049560546875E-06	-3.57421875E-06	-2.07992320611083E-06	-172207.59375	3.4231910831295E-05
182	98.2974317518228	0.59356689453125	0.593475341796875	-3.551025390625E-06	-6.6375732421875E-06	-3.0865478515625E-06	-2.10744588002854E-06	-167127.890625	3.40562510245945E-05
183	98.3474317516966	0.588531494140625	0.588409423828125	-3.597412109375E-06	-6.268310546875E-06	-2.6708984375E-06	-2.11675114769605E-06	-163564.65625	3.3877538953675E-05
184	98.3974317515704	0.58349609375	0.5833740234375	-3.6187744140625E-06	-5.9326171875E-06	-2.3138427734375E-06	-2.11109886549821E-06	-161207.625	3.36971352226101E-05
185	98.4474317514441	0.578460693359375	0.578369140625	-3.61541748046875E-06	-5.633544921875E-06	-2.01812744140625E-06	-2.09104587156617E-06	-159972.984375	3.35162803821731E-05
186	98.4974317513179	0.57342529296875	0.5733642578125	-3.59405517578125E-06	-5.364990234375E-06	-1.77093505859375E-06	-2.06070262720459E-06	-159531.296875	3.33360439981334E-05
187	98.5474317511917	0.568389892578125	0.568359375	-3.5577392578125E-06	-5.1239013671875E-06	-1.566162109375E-06	-2.02207434085722E-06	-159752.96875	3.31572482537013E-05
188	98.5974317510654	0.5633544921875	0.56329345703125	-3.5089111328125E-06	-4.9041748046875E-06	-1.395263671875E-06	-1.97654662770219E-06	-160532.265625	3.29805807268713E-05
189	98.6474317509392	0.558319091796875	0.5582275390625	-3.45123291015625E-06	-4.703369140625E-06	-1.25213623046875E-06	-1.92657307707123E-06	-161747.296875	3.28065798385069E-05
190	98.6974317508129	0.55328369140625	0.55316162109375	-3.38714599609375E-06	-4.52362060546875E-06	-1.136474609375E-06	-1.87363912118599E-06	-163312.015625	3.26356203004252E-05
191	98.7474317506867	0.548248291015625	0.548187255859375	-3.3184814453125E-06	-4.36065673828125E-06	-1.04217529296875E-06	-1.81914913355286E-06	-165192.203125	3.24679785990156E-05
192	98.7974317505605	0.543212890625	0.543212890625	-3.24676513671875E-06	-4.2108154296875E-06	-9.6405029296875E-07	-1.76368462234677E-06	-167308.953125	3.23038475471549E-05
193	98.8474317504342	0.538177490234375	0.538116455078125	-3.17291259765625E-06	-4.07470703125E-06	-9.01794433593749E-07	-1.7073964500014E-06	-169597	3.21433544741012E-05
194	98.897431750308	0.53314208984375	0.53314208984375	-3.09814453125E-06	-3.94927978515625E-06	-8.5113525390625E-07	-1.65175117672334E-06	-172084.328125	3.19865794153884E-05
195	98.9474317501817	0.528106689453125	0.528106689453125	-3.0242919921875E-06	-3.8330078125E-06	-8.087158203125E-07	-1.59714886649454E-06	-174621.59375	3.18335187330376E-05
196	98.9974317500555	0.5230712890625	0.5230712890625	-2.9510498046875E-06	-3.7261962890625E-06	-7.75146484375E-07	-1.54360941451159E-06	-177249.234375	3.16841360472608E-05
197	99.0474317499293	0.518035888671875	0.51806640625	-2.8790283203125E-06	-3.6260986328125E-06	-7.47070312500001E-07	-1.49152776884875E-06	-179944.890625	3.15383840643335E-05
198	99.097431749803	0.51300048828125	0.513031005859375	-2.808837890625E-06	-3.53302001953125E-06	-7.24182128906251E-07	-1.4410207995752E-06	-182648.859375	3.13961863867007E-05
199	99.1474317496768	0.507965087890625	0.5079345703125	-2.74078369140625E-06	-3.44696044921875E-06	-7.061767578125E-07	-1.3921387562732E-06	-185324.578125	3.12574447889347E-05
200	99.1974317495506	0.5029296875	0.50286865234375	-2.67425537109375E-06	-3.36517333984375E-06	-6.9091796875E-07	-1.34479910229857E-06	-188040.640625	3.11220683215652E-05
201	99.2474317494243	0.497894287109375	0.49786376953125	-2.6092529296875E-06	-3.28857421875E-06	-6.793212890625E-07	-1.29905242829409E-06	-190807.03125	3.09899805870373E-05
202	99.2974317492981	0.49285888671875	0.49285888671875	-2.5469970703125E-06	-3.21624755859375E-06	-6.69250488281251E-07	-1.25531005323865E-06	-193505.875	3.08610760839656E-05
203	99.3474317491718	0.487823486328125	0.48785400390625	-2.486572265625E-06	-3.14788818359375E-06	-6.61315917968749E-07	-1.21308414691157E-06	-196195.390625	3.07352347590495E-05
204	99.3974317490456	0.4827880859375	0.4827880859375	-2.427978515625E-06	-3.08441162109375E-06	-6.56433105468751E-07	-1.17219906314858E-06	-198843.640625	3.06123729387764E-05
205	99.4474317489194	0.477752685546875	0.477783203125	-2.371826171875E-06	-3.0230712890625E-06	-6.512451171875E-07	-1.13321868866478E-06	-201441.0625	3.04923778458033E-05
206	99.4974317487931	0.47271728515625	0.472686767578125	-2.31689453125E-06	-2.965087890625E-06	-6.48193359375E-07	-1.0951654303426E-06	-204017.390625	3.037515853066E-05
207	99.5474317486669	0.467681884765625	0.4676513671875	-2.26409912109375E-06	-2.90985107421875E-06	-6.45751953125E-07	-1.05880906176026E-06	-206550.75	3.02606349578127E-05
208	99.5974317485407	0.462646484375	0.462646484375	-2.213134765625E-06	-2.85797119140625E-06	-6.44836425781251E-07	-1.02389890344057E-06	-209045.796875	3.01487034448655E-05
209	99.6474317484144	0.457611083984375	0.457489013671875	-2.1636962890625E-06	-2.80792236328125E-06	-6.4422607421875E-07	-9.89867317002791E-07	-211438.640625	3.00392821372952E-05
210	99.6974317482882	0.45257568359375	0.45257568359375	-2.115478515625E-06	-2.7593994140625E-06	-6.43920898437502E-07	-9.5741415861994E-07	-213935.375	2.99323037324939E-05
211	99.7474317481619	0.447540283203125	0.447479248046875	-2.069091796875E-06	-2.71392822265625E-06	-6.44836425781251E-07	-9.25875667689979E-07	-216268.4375	2.98276900139172E-05
212	99.7974317480357	0.4425048828125	0.4425048828125	-2.02484130859375E-06	-2.6702880859375E-06	-6.4544677734375E-07	-8.96002120498451E-07	-218538.0625	2.97253409371478E-05
213	99.8474317479095	0.437469482421875	0.4375	-1.98150634765625E-06	-2.628173828125E-06	-6.4666748046875E-07	-8.66909033447882E-07	-220791.625	2.96251819236204E-05
214	99.8974317477832	0.43243408203125	0.4324951171875	-1.94000244140625E-06	-2.58758544921875E-06	-6.47583007812501E-07	-8.3904160419479E-07	-222935.34375	2.95271438517375E-05
215	99.947431747657	0.427398681640625	0.42742919921875	-1.9000244140625E-06	-2.5482177734375E-06	-6.48193359375E-07	-8.12125904303684E-07	-224959.859375	2.94311430479866E-05
216	99.9974317475308	0.42236328125	0.42236328125	-1.86126708984375E-06	-2.510986328125E-06	-6.4971923828125E-07	-7.86130840424448E-07	-226922.453125	2.93371122097597E-05
217	100.047431747405	0.417327880859375	0.417327880859375	-1.8243408203125E-06	-2.47406005859375E-06	-6.49719238281249E-07	-7.61348246669513E-07	-228755.4375	2.9244971301523E-05
218	100.097431747278	0.41229248046875	0.4122314453125	-1.788330078125E-06	-2.43896484375E-06	-6.50634765625E-07	-7.37205880341207E-07	-230511.953125	2.91546548396582E-05
219	100.147431747152	0.407257080078125	0.407257080078125	-1.75384521484375E-06	-2.4053955078125E-06	-6.5155029296875E-07	-7.14265866008645E-07	-232208.125	2.90661009785254E-05
220	100.197431747026	0.4022216796875	0.40216064453125	-1.72088623046875E-06	-2.3724365234375E-06	-6.5155029296875E-07	-6.92072717356496E-07	-233693.921875	2.89792315015802E-05
221	100.2474317469	0.397186279296875	0.397216796875	-1.68853759765625E-06	-2.3394775390625E-06	-6.50939941406249E-07	-6.70715451178694E-07	-235243.09375	2.88939954771195E-05
222	100.297431746773	0.39215087890625	0.39215087890625	-1.65679931640625E-06	-2.3089599609375E-06	-6.52160644531249E-07	-6.49715332201595E-07	-236691.84375	2.88103619823232E-05
223	100.347431746647	0.387115478515625	0.387115478515625	-1.62689208984375E-06	-2.27874755859375E-06	-6.5185546875E-07	-6.29795124496013E-07	-237947.859375	2.87282709905412E-05
224	100.397431746521	0.382080078125	0.38214111328125	-1.59759521484375E-06	-2.249755859375E-06	-6.52160644531249E-07	-6.10506788234488E-07	-239197.703125	2.86476588371443E-05
225	100.447431746395	0.377044677734375	0.377044677734375	-1.5692138671875E-06	-2.2210693359375E-06	-6.51855468750001E-07	-5.916637064729E-07	-240276.15625	2.85684873233549E-05
226	100.497431746268	0.37200927734375	0.372100830078125	-1.5411376953125E-06	-2.19390869140625E-06	-6.5277099609375E-07	-5.73458578401187E-07	-241445.546875	2.84907291643322E-05
227	100.547431746142	0.366973876953125	0.36700439453125	-1.514892578125E-06	-2.1685791015625E-06	-6.536865234375E-07	-5.55972235360969E-07	-242264.296875	2.84143279714044E-05
228	100.597431746016	0.3619384765625	0.361968994140625	-1.4886474609375E-06	-2.14385986328125E-06	-6.5521240234375E-07	-5.3884417638983E-07	-243152.9375	2.8339240088826E-05
229	100.64743174589	0.356903076171875	0.356964111328125	-1.4630126953125E-06	-2.11944580078125E-06	-6.5643310546875E-07	-5.22242999068112E-07	-243992.5	2.82654491456924E-05
230	100.697431745763	0.35186767578125	0.35186767578125	-1.43829345703125E-06	-2.09564208984375E-06	-6.57348632812499E-07	-5.06088952079153E-07	-244642.484375	2.81929151242366E-05
231	100.747431745637	0.346832275390625	0.346771240234375	-1.4141845703125E-06	-2.07305908203125E-06	-6.5887451171875E-07	-4.90398520014423E-07	-245209.328125	2.812160346366E-05
232	100.797431745511	0.341796875	0.341827392578125	-1.39068603515625E-06	-2.05169677734375E-06	-6.61010742187501E-07	-4.75374548614127E-07	-245797.6875	2.80514814221533E-05
233	100.847431745385	0.336761474609375	0.33673095703125	-1.3671875E-06	-2.03125E-06	-6.640625E-07	-4.60374337762914E-07	-246294.65625	2.79825362667907E-05
234	100.897431745258	0.33172607421875	0.33172607421875	-1.34521484375E-06	-2.0111083984375E-06	-6.65893554687499E-07	-4.46242836460442E-07	-246597.09375	2.79147261608159E-05
235	100.947431745132	0.326690673828125	0.326690673828125	-1.32354736328125E-06	-1.99249267578125E-06	-6.68945312500001E-07	-4.32390550031414E-07	-246829.625	2.78480056294939E-05
236	100.997431745006	0.3216552734375	0.3216552734375	-1.3018798828125E-06	-1.97479248046875E-06	-6.7291259765625E-07	-4.18756513909102E-07	-247069.859375	2.77823710348457E-05
237	101.04743174488	0.316619873046875	0.316650390625	-1.280517578125E-06	-1.9573974609375E-06	-6.76879882812501E-07	-4.05476356490908E-07	-247283.140625	2.77178114629351E-05
238	101.097431744754	0.31158447265625	0.311553955078125	-1.26068115234375E-06	-1.94091796875E-06	-6.8023681640625E-07	-3.92770175494661E-07	-247131.453125	2.76542814390268E-05
239	101.147431744627	0.306549072265625	0.3065185546875	-1.2408447265625E-06	-1.92596435546875E-06	-6.8511962890625E-07	-3.80341901973225E-07	-247024.109375	2.75917427643435E-05
240	101.197431744501	0.301513671875	0.301513671875	-1.22161865234375E-06	-1.9110107421875E-06	-6.89392089843749E-07	-3.68334724498709E-07	-246814.890625	2.75301808869699E-05
241	101.247431744375	0.296478271484375	0.296417236328125	-1.20208740234375E-06	-1.89727783203125E-06	-6.95190429687499E-07	-3.56319418415296E-07	-246585.4375	2.74695885309484E-05
242	101.297431744249	0.29144287109375	0.291412353515625	-1.18377685546875E-06	-1.88385009765625E-06	-7.000732421875E-07	-3.44967190812895E-07	-246171.703125	2.74099420494167E-05
243	101.347431744122	0.286407470703125	0.286346435546875	-1.16546630859375E-06	-1.87225341796875E-06	-7.06787109375E-07	-3.33727115275906E-07	-245692.59375	2.7351210519555E-05
244	101.397431743996	0.2813720703125	0.281402587890625	-1.14837646484375E-06	-1.8609619140625E-06	-7.1258544921875E-07	-3.23156115200618E-07	-245043.859375	2.72933648375329E-05
245	101.44743174387	0.276336669921875	0.276397705078125	-1.13037109375E-06	-1.85028076171875E-06	-7.1990966796875E-07	-3.12431978954919E-07	-244519.453125	2.72363959084032E-05
246	101.497431743744	0.27130126953125	0.27130126953125	-1.1138916015625E-06	-1.8408203125E-06	-7.26928710937499E-07	-3.02200191981683E-07	-243561.640625	2.71802891802508E-05
247	101.547431743617	0.266265869140625	0.26629638671875	-1.09771728515625E-06	-1.8316650390625E-06	-7.3394775390625E-07	-2.92318134142988E-07	-242591.0625	2.71249991783407E-05
248	101.597431743491	0.26123046875	0.261199951171875	-1.08154296875E-06	-1.82373046875E-06	-7.42187499999999E-07	-2.82498945125553E-07	-241506.78125	2.70705168077257E-05
249	101.647431743365	0.256195068359375	0.25616455078125	-1.0662841796875E-06	-1.81732177734375E-06	-7.5103759765625E-07	-2.7314422368363E-07	-240240.40625	2.70168220595224E-05
250	101.697431743239	0.25115966796875	0.25115966796875	-1.051025390625E-06	-1.81060791015625E-06	-7.5958251953125E-07	-2.63975181269416E-07	-238966.328125	2.69638894678792E-05
251	101.747431743112	0.246124267578125	0.24609375	-1.03515625E-06	-1.8060302734375E-06	-7.70874023437501E-07	-2.54745458505568E-07	-237735.859375	2.69117354037007E-05
252	101.797431742986	0.2410888671875	0.2410888671875	-1.02081298828125E-06	-1.8023681640625E-06	-7.8155517578125E-07	-2.46106651502487E-07	-236173.390625	2.68603362201247E-05
253	101.84743174286	0.236053466796875	0.236114501953125	-1.005859375E-06	-1.7999267578125E-06	-7.94067382812501E-07	-2.37497971511402E-07	-234739.09375	2.6809668270289E-05
254	101.897431742734	0.23101806640625	0.231048583984375	-9.9212646484375E-07	-1.7987060546875E-06	-8.06579589843751E-07	-2.29229399906217E-07	-232882.203125	2.67597188212676E-05
255	101.947431742607	0.225982666015625	0.22601318359375	-9.783935546875E-07	-1.7999267578125E-06	-8.21533203125001E-07	-2.21129852207014E-07	-231004.359375	2.67104551312514E-05
256	101.997431742481	0.220947265625	0.220947265625	-9.6435546875E-07	-1.8017578125E-06	-8.3740234375E-07	-2.13071700727596E-07	-229113.9375	2.66618881141767E-05
257	102.047431742355	0.215911865234375	0.2159423828125	-9.50012207031251E-07	-1.805419921875E-06	-8.55407714843749E-07	-2.05147898668656E-07	-227304.859375	2.661402868398E-05
258	102.097431742229	0.21087646484375	0.210906982421875	-9.35974121093749E-07	-1.8115234375E-06	-8.7554931640625E-07	-1.97403466017931E-07	-225334.21875	2.65668786596507E-05
259	102.147431742103	0.205841064453125	0.205841064453125	-9.22241210937499E-07	-1.820068359375E-06	-8.97827148437501E-07	-1.89835120067983E-07	-223196.5625	2.65204234892735E-05
260	102.197431741976	0.2008056640625	0.2008056640625	-9.0850830078125E-07	-1.8310546875E-06	-9.22546386718751E-07	-1.8243360955239E-07	-221027.875	2.64746540779015E-05
261	102.24743174185	0.195770263671875	0.19580078125	-8.94775390624999E-07	-1.84417724609375E-06	-9.49401855468751E-07	-1.75197712337649E-07	-218826.734375	2.6429572244524E-05
262	102.297431741724	0.19073486328125	0.190765380859375	-8.807373046875E-07	-1.8603515625E-06	-9.796142578125E-07	-1.68014182122533E-07	-216597.375	2.63851852650987E-05
263	102.347431741598	0.185699462890625	0.18572998046875	-8.6639404296875E-07	-1.88018798828125E-06	-1.0137939453125E-06	-1.6091534860152E-07	-214371.265625	2.63415058725514E-05
264	102.397431741471	0.1806640625	0.18072509765625	-8.52050781249999E-07	-1.90277099609375E-06	-1.05072021484375E-06	-1.53986945861107E-07	-212106.03125	2.62985449808184E-05
265	102.447431741345	0.175628662109375	0.175750732421875	-8.3740234375E-07	-1.93023681640625E-06	-1.09283447265625E-06	-1.47174063158673E-07	-209876.109375	2.62563080468681E-05
266	102.497431741219	0.17059326171875	0.170623779296875	-8.23364257812501E-07	-1.96258544921875E-06	-1.13922119140625E-06	-1.40485525434997E-07	-207227.578125	2.62147896137321E-05
267	102.547431741093	0.165557861328125	0.165557861328125	-8.0902099609375E-07	-2.000732421875E-06	-1.19171142578125E-06	-1.33939792590354E-07	-204639.75	2.61739805864636E-05
268	102.597431740966	0.1605224609375	0.160491943359375	-7.94372558593751E-07	-2.0440673828125E-06	-1.24969482421875E-06	-1.27490380918971E-07	-202036.125	2.61338955169776E-05
269	102.64743174084	0.155487060546875	0.155548095703125	-7.794189453125E-07	-2.09564208984375E-06	-1.31622314453125E-06	-1.21237135886076E-07	-199569.296875	2.60945507761789E-05
270	102.697431740714	0.15045166015625	0.1505126953125	-7.63854980468751E-07	-2.15545654296875E-06	-1.3916015625E-06	-1.14969871845005E-07	-197043.546875	2.60559681919403E-05
271	102.747431740588	0.145416259765625	0.145538330078125	-7.4798583984375E-07	-2.22503662109375E-06	-1.47705078125E-06	-1.08860611192085E-07	-194573.640625	2.60181732301135E-05
272	102.797431740461	0.140380859375	0.140472412109375	-7.305908203125E-07	-2.3065185546875E-06	-1.575927734375E-06	-1.02627851106263E-07	-192272.359375	2.59812077274546E-05
273	102.847431740335	0.135345458984375	0.1353759765625	-7.11669921874999E-07	-2.40081787109375E-06	-1.68914794921875E-06	-9.63430082379091E-08	-190223	2.59451517194975E-05
274	102.897431740209	0.13031005859375	0.13031005859375	-6.89697265625E-07	-2.51190185546875E-06	-1.82220458984375E-06	-8.98744900723614E-08	-188938.0625	2.59101179835852E-05
275	102.947431740083	0.125274658203125	0.125335693359375	-6.640625E-07	-2.6409912109375E-06	-1.9769287109375E-06	-8.32307307518931E-08	-188740.8125	2.58762738667428E-05
276	102.997431739956	0.1202392578125	0.120269775390625	-6.329345703125E-07	-2.78839111328125E-06	-2.15545654296875E-06	-7.61228946544179E-08	-190019.296875	2.58438485616352E-05
277	103.04743173983	0.115203857421875	0.115234375	-5.95703124999999E-07	-2.95806884765625E-06	-2.36236572265625E-06	-6.86454768583644E-08	-193442.625	2.5813133106567E-05
278	103.097431739704	0.11016845703125	0.11016845703125	-5.51757812500001E-07	-3.1512451171875E-06	-2.5994873046875E-06	-6.07863057666691E-08	-199668.140625	2.57844458246836E-05
279	103.147431739578	0.105133056640625	0.105194091796875	-4.99572753906249E-07	-3.36639404296875E-06	-2.8668212890625E-06	-5.25521031136122E-08	-210568.109375	2.57581632467918E-05
280	103.197431739452	0.10009765625	0.100128173828125	-4.40673828125E-07	-3.60321044921875E-06	-3.16253662109375E-06	-4.4123865450274E-08	-227216.0625	2.57346564467298E-05
281	103.247431739325	0.095062255859375	0.095062255859375	-3.75976562499999E-07	-3.8555908203125E-06	-3.4796142578125E-06	-3.57411806817254E-08	-252840.921875	2.57142401096644E-05
282	103.297431739199	0.09002685546875	0.090087890625	-3.02734374999999E-07	-4.12750244140625E-06	-3.82476806640625E-06	-2.72727014305474E-08	-297580.65625	2.56972725765081E-05
283	103.347431739073	0.084991455078125	0.08502197265625	-2.288818359375E-07	-4.412841796875E-06	-4.1839599609375E-06	-1.94599856229161E-08	-371466.6875	2.56839812209364E-05
284	103.397431738947	0.0799560546875	0.0799560546875	-1.544189453125E-07	-4.7027587890625E-06	-4.54833984375E-06	-1.23467289725454E-08	-517786.5625	2.56743987847585E-05
285	103.44743173882	0.074920654296875	0.074859619140625	-8.30078124999995E-08	-4.9957275390625E-06	-4.9127197265625E-06	-6.21393336786014E-09	-901838.25	2.56684634223348E-05
286	103.497431738694	0.06988525390625	0.06988525390625	-1.678466796875E-08	-5.2825927734375E-06	-5.26580810546875E-06	-1.17300080759719E-09	-4163636.5	2.56659695878625E-05
287	103.547431738568	0.064849853515625	0.06488037109375	3.99780273437497E-08	-5.55419921875E-06	-5.59417724609375E-06	2.593789183436E-09	1622900.75	2.56665480264928E-05
288	103.597431738442	0.059814453125	0.059814453125	8.33129882812506E-08	-5.8074951171875E-06	-5.89080810546875E-06	4.98332042297989E-09	717948.75	2.56696312135318E-05
289	103.647431738315	0.054779052734375	0.0548095703125	1.080322265625E-07	-6.0272216796875E-06	-6.13525390625E-06	5.9211999747788E-09	507344.625	2.56744151556632E-05
290	103.697431738189	0.04974365234375	0.0498291015625	1.068115234375E-07	-6.2164306640625E-06	-6.3232421875E-06	5.32232213856787E-09	466514.3125	2.56797866313718E-05
291	103.747431738063	0.044708251953125	0.0448333740234375	8.94165039062506E-08	-6.35986328125E-06	-6.44927978515625E-06	4.00884347939723E-09	501399.3125	2.56846924457932E-05
292	103.797431737937	0.0396728515625	0.0397430419921875	4.02832031249994E-08	-6.4544677734375E-06	-6.4947509765625E-06	1.60097701762396E-09	986591	2.56879338849103E-05
293	103.84743173781	0.034637451171875	0.0347320556640625	-3.63159179687503E-08	-6.5032958984375E-06	-6.46697998046875E-06	-1.26132648770039E-09	-956386.5625	2.56880339293275E-05
294	103.897431737684	0.02960205078125	0.02967529296875	-1.3702392578125E-07	-6.500244140625E-06	-6.36322021484375E-06	-4.06622513438037E-09	-216570.171875	2.56836992775789E-05
295	103.947431737558	0.024566650390625	0.0246002197265625	-2.6092529296875E-07	-6.451416015625E-06	-6.19049072265625E-06	-6.41881880980577E-09	-94280.703125	2.56737512245309E-05
296	103.997431737432	0.01953125	0.019598388671875	-4.0740966796875E-07	-6.3568115234375E-06	-5.94940185546875E-06	-7.98457300277278E-09	-48104.87109375	2.56570419878699E-05
297	104.047431737305	0.014495849609375	0.014544677734375	-5.68542480468751E-07	-6.2255859375E-06	-5.65704345703125E-06	-8.2692670488882E-09	-25582.39453125	2.56326438830001E-05
298	104.097431737179	0.00946044921875	0.00954589843750001	-7.39440917968751E-07	-6.0638427734375E-06	-5.32440185546875E-06	-7.05862746031016E-09	-12909.6162109375	2.55999439104926E-05
299	104.147431737053	0.004425048828125	0.00450744628906249	-9.16748046875E-07	-5.8807373046875E-06	-4.9639892578125E-06	-4.13219236605755E-09	-4916.77783203125	2.55585400736891E-05
300	104.197431736927	-0.0006103515625	-0.000518798828125	-1.0943603515625E-06	-5.6884765625E-06	-4.5941162109375E-06	5.67752844737868E-10	474.065826416016	2.55082613875857E-05
301	104.247431736801	-0.005645751953125	-0.0055267333984375	-1.270751953125E-06	-5.487060546875E-06	-4.21630859375E-06	7.02310742894952E-09	4349.18359375	2.5449133318034E-05
302	104.297431736674	-0.01068115234375	-0.0105743408203125	-1.43341064453125E-06	-5.28564453125E-06	-3.85223388671875E-06	1.51573722462217E-08	7377.04931640625	2.53815305768512E-05
303	104.347431736548	-0.015716552734375	-0.015606689453125	-1.58355712890625E-06	-5.084228515625E-06	-3.50067138671875E-06	2.47140832243531E-08	9855.4638671875	2.53061061812332E-05
304	104.397431736422	-0.020751953125	-0.0206512451171875	-1.71844482421875E-06	-4.8919677734375E-06	-3.17352294921875E-06	3.54880249631151E-08	12017.404296875	2.52235549851321E-05
305	104.447431736296	-0.025787353515625	-0.0256744384765625	-1.8359375E-06	-4.7119140625E-06	-2.8759765625E-06	4.71366625731662E-08	13984.375	2.51346955337794E-05
306	104.497431736169	-0.03082275390625	-0.030731201171875	-1.93603515625E-06	-4.5440673828125E-06	-2.6080322265625E-06	5.94966813594056E-08	15873.267578125	2.50403973041102E-05
307	104.547431736043	-0.035858154296875	-0.0357421875	-2.01812744140625E-06	-4.3865966796875E-06	-2.36846923828125E-06	7.21322805929958E-08	17710.5703125	2.49415425059851E-05
308	104.597431735917	-0.0408935546875	-0.0407806396484375	-2.0849609375E-06	-4.2431640625E-06	-2.158203125E-06	8.50260448714835E-08	19559.427734375	2.48389660555404E-05
309	104.647431735791	-0.045928955078125	-0.0458251953125	-2.1356201171875E-06	-4.11285400390625E-06	-1.97723388671875E-06	9.7865203940728E-08	21457.560546875	2.47334519372089E-05
310	104.697431735664	-0.05096435546875	-0.0509033203125	-2.17041015625E-06	-3.9947509765625E-06	-1.8243408203125E-06	1.10481082060687E-07	23453.318359375	2.46258005063282E-05
311	104.747431735538	-0.055999755859375	-0.055908203125	-2.19696044921875E-06	-3.88885498046875E-06	-1.69189453125E-06	1.22828112125717E-07	25447.98046875	2.45166156673804E-05
312	104.797431735412	-0.06103515625	-0.060943603515625	-2.21221923828125E-06	-3.7933349609375E-06	-1.58111572265625E-06	1.34820609787312E-07	27548.626953125	2.44063867285149E-05
313	104.847431735286	-0.066070556640625	-0.065948486328125	-2.21893310546875E-06	-3.70697021484375E-06	-1.488037109375E-06	1.46335281669963E-07	29720.80859375	2.42956084548496E-05
314	104.897431735159	-0.07110595703125	-0.07098388671875	-2.2186279296875E-06	-3.63037109375E-06	-1.4117431640625E-06	1.57486837792931E-07	31994.498046875	2.41846682911273E-05
315	104.947431735033	-0.076141357421875	-0.0760498046875	-2.213134765625E-06	-3.56048583984375E-06	-1.34735107421875E-06	1.68308460501976E-07	34362.9375	2.40738754655467E-05
316	104.997431734907	-0.0811767578125	-0.0810546875	-2.20306396484375E-06	-3.4979248046875E-06	-1.29486083984375E-06	1.78568669184642E-07	36791.796875	2.39634700847091E-05
317	105.047431734781	-0.086212158203125	-0.086151123046875	-2.18963623046875E-06	-3.4417724609375E-06	-1.25213623046875E-06	1.88639617704212E-07	39344.94921875	2.38536522374488E-05
318	105.097431734654	-0.09124755859375	-0.091156005859375	-2.1728515625E-06	-3.39111328125E-06	-1.21826171875E-06	1.98068462964329E-07	41952.25	2.3744589270791E-05
319	105.147431734528	-0.096282958984375	-0.096221923828125	-2.15606689453125E-06	-3.3447265625E-06	-1.18865966796875E-06	2.07460900014667E-07	44628.453125	2.36363666772377E-05
320	105.197431734402	-0.101318359375	-0.1011962890625	-2.1368408203125E-06	-3.3026123046875E-06	-1.165771484375E-06	2.16240351846864E-07	47357.8984375	2.35290444834391E-05
321	105.247431734276	-0.106353759765625	-0.10626220703125	-2.11700439453125E-06	-3.26507568359375E-06	-1.1480712890625E-06	2.24957560135408E-07	50194.609375	2.34226990869502E-05
322	105.29743173415	-0.11138916015625	-0.11126708984375	-2.0965576171875E-06	-3.23028564453125E-06	-1.13372802734375E-06	2.33277873462612E-07	53071.32421875	2.33173595916014E-05
323	105.347431734023	-0.116424560546875	-0.116363525390625	-2.07611083984375E-06	-3.19793701171875E-06	-1.121826171875E-06	2.41583563820313E-07	56048.80078125	2.32130423682975E-05
324	105.397431733897	-0.1214599609375	-0.121337890625	-2.05535888671875E-06	-3.16864013671875E-06	-1.11328125E-06	2.49392911655377E-07	59034.890625	2.31097565119853E-05
325	105.447431733771	-0.126495361328125	-0.126373291015625	-2.03460693359375E-06	-3.14178466796875E-06	-1.107177734375E-06	2.5711997864164E-07	62111.89453125	2.30075056606438E-05
326	105.497431733645	-0.13153076171875	-0.131378173828125	-2.01446533203125E-06	-3.11676025390625E-06	-1.102294921875E-06	2.64656762283266E-07	65217.39453125	2.29062789003365E-05
327	105.547431733518	-0.136566162109375	-0.136444091796875	-1.99493408203125E-06	-3.0938720703125E-06	-1.09893798828125E-06	2.72196984951734E-07	68395.2890625	2.28060453082435E-05
328	105.597431733392	-0.1416015625	-0.1414794921875	-1.9757080078125E-06	-3.0718994140625E-06	-1.09619140625E-06	2.79522140544941E-07	71609.5234375	2.27067794185132E-05
329	105.647431733266	-0.146636962890625	-0.146575927734375	-1.95648193359375E-06	-3.05267333984375E-06	-1.09619140625E-06	2.86773143898245E-07	74918.1171875	2.26084739551879E-05
330	105.69743173314	-0.15167236328125	-0.151580810546875	-1.93817138671875E-06	-3.03436279296875E-06	-1.09619140625E-06	2.93789582883619E-07	78208.15625	2.25111070903949E-05
331	105.747431733013	-0.156707763671875	-0.15655517578125	-1.92047119140625E-06	-3.01666259765625E-06	-1.09619140625E-06	3.00659678487136E-07	81519.15625	2.24146424443461E-05
332	105.797431732887	-0.1617431640625	-0.161590576171875	-1.90399169921875E-06	-3.00079345703125E-06	-1.0968017578125E-06	3.07667107790621E-07	84869.3671875	2.23190290853381E-05
333	105.847431732761	-0.166778564453125	-0.16656494140625	-1.8865966796875E-06	-2.98583984375E-06	-1.0992431640625E-06	3.14240850229908E-07	88288.5859375	2.22242651943816E-05
334	105.897431732635	-0.17181396484375	-0.171630859375	-1.87042236328125E-06	-2.9718017578125E-06	-1.10137939453125E-06	3.21022184834874E-07	91760.484375	2.21303398575401E-05
335	105.947431732508	-0.176849365234375	-0.176727294921875	-1.85455322265625E-06	-2.95806884765625E-06	-1.103515625E-06	3.27750171891239E-07	95293.734375	2.20372148760362E-05
336	105.997431732382	-0.181884765625	-0.181671142578125	-1.839599609375E-06	-2.94586181640625E-06	-1.10626220703125E-06	3.34202155727326E-07	98755.8046875	2.19448611460393E-05
337	106.047431732256	-0.186920166015625	-0.186767578125	-1.82525634765625E-06	-2.9345703125E-06	-1.10931396484375E-06	3.40898708373061E-07	102324.03125	2.18532404687721E-05
338	106.09743173213	-0.19195556640625	-0.19183349609375	-1.8115234375E-06	-2.92388916015625E-06	-1.11236572265625E-06	3.47510848541788E-07	105896.234375	2.17623201024253E-05
339	106.147431732003	-0.196990966796875	-0.1968994140625	-1.798095703125E-06	-2.91351318359375E-06	-1.11541748046875E-06	3.54043976358298E-07	109504.4140625	2.16720800381154E-05
340	106.197431731877	-0.2020263671875	-0.201904296875	-1.7852783203125E-06	-2.90435791015625E-06	-1.11907958984375E-06	3.60455373993318E-07	113094.015625	2.15824966289802E-05
