Potential - Start -0.205 V, Stop 1.505 V, Step 0.005 V; Modulation - Amplitude 0.05 V, Time 0.025 s, Interval time 0.05 s
Index	Base.Time (s)	Potential applied (V)	WE(1).Base.Potential (V)	WE(1).Base.Current (A)	WE(1).Pulse.Current (A)	WE(1).δ.Current (A)	WE(1).Base.Power (W)	WE(1).Base.Resistance (Ω)	WE(1).Base.Charge (C)
1	65.803164833863	-0.204925537109375		-2.7923583984375E-07	1.8798828125E-07	4.6722412109375E-07	5.7179942558605E-08	733333.375	0
2	65.8531648337367	-0.19989013671875		-4.0557861328125E-07	1.62353515624999E-07	5.6793212890625E-07	8.1021653386415E-08	492550.8125	-1.71203602405967E-08
3	65.9031648336105	-0.194854736328125		-4.107666015625E-07	1.6448974609375E-07	5.7525634765625E-07	8.00022093017105E-08	474145.625	-3.75289914700261E-08
4	65.9531648334843	-0.1898193359375		-4.0618896484375E-07	1.7242431640625E-07	5.7861328125E-07	7.70529311466817E-08	467017.3125	-5.79528780519922E-08
5	66.003164833358	-0.184783935546875		-3.9947509765625E-07	1.8157958984375E-07	5.810546875E-07	7.37556220542501E-08	462184.875	-7.80944802158956E-08
6	66.0531648332318	-0.17974853515625		-3.924560546875E-07	1.9195556640625E-07	5.8441162109375E-07	7.04954956631809E-08	457698.28125	-9.78927587880207E-08
7	66.1031648331056	-0.174713134765625		-3.857421875E-07	2.0263671875E-07	5.88378906250001E-07	6.73589113375783E-08	452689.90625	-1.17347710215654E-07
8	66.1531648329793	-0.169677734375		-3.79638671875E-07	2.16064453125001E-07	5.95703125000001E-07	6.43583035753181E-08	446543.40625	-1.36482228185741E-07
9	66.2031648328531	-0.164642333984375		-3.741455078125E-07	2.301025390625E-07	6.04248046875E-07	6.15545161508635E-08	439722.6875	-1.55326844719639E-07
10	66.2531648327268	-0.15960693359375		-3.69873046874999E-07	2.45361328125E-07	6.15234375E-07	5.89891513413932E-08	431188.125	-1.73927304558674E-07
11	66.3031648326006	-0.154571533203125		-3.6651611328125E-07	2.62451171875E-07	6.2896728515625E-07	5.6641770385113E-08	421648.625	-1.92337026305722E-07
12	66.3531648324744	-0.1495361328125		-3.6346435546875E-07	2.82897949218749E-07	6.46362304687499E-07	5.43066853708751E-08	411083.125	-2.10586534876711E-07
13	66.4031648323481	-0.144500732421875		-3.619384765625E-07	3.05786132812499E-07	6.67724609374999E-07	5.22561940385913E-08	398903.875	-2.28721617645533E-07
14	66.4531648322219	-0.13946533203125		-3.6163330078125E-07	3.3233642578125E-07	6.939697265625E-07	5.04242692045409E-08	385569.625	-2.46810913040463E-07
15	66.5031648320956	-0.134429931640625		-3.6285400390625E-07	3.6285400390625E-07	7.25708007812501E-07	4.87341438315525E-08	370143	-2.64923102122339E-07
16	66.5531648319694	-0.12939453125		-3.6651611328125E-07	3.9947509765625E-07	7.659912109375E-07	4.73804391276644E-08	352706.09375	-2.83157334024509E-07
17	66.6031648318432	-0.124359130859375		-3.7200927734375E-07	4.4219970703125E-07	8.14208984375001E-07	4.62286919855615E-08	334044.28125	-3.01620474374431E-07
18	66.6531648317169	-0.11932373046875		-3.80554199218749E-07	4.925537109375E-07	8.7310791015625E-07	4.53626896046444E-08	313231.78125	-3.204345659924E-07
19	66.7031648315907	-0.114288330078125		-3.91235351562499E-07	5.511474609375E-07	9.42382812499999E-07	4.46778152252136E-08	291887.6875	-3.39729297138547E-07
20	66.7531648314645	-0.1092529296875		-4.0557861328125E-07	6.21337890625E-07	1.02691650390625E-06	4.42858940630231E-08	269225	-3.59649646952676E-07
21	66.8031648313382	-0.104217529296875		-4.2388916015625E-07	7.0343017578125E-07	1.1273193359375E-06	4.41637446613186E-08	245788.328125	-3.80386353526774E-07
22	66.853164831212	-0.09918212890625		-4.473876953125E-07	7.9803466796875E-07	1.24542236328125E-06	4.43592114152125E-08	221623.46875	-4.02168268465175E-07
23	66.9031648310857	-0.094146728515625		-4.7576904296875E-07	9.10339355468751E-07	1.3861083984375E-06	4.47195027675207E-08	197562.546875	-4.25247179691723E-07
24	66.9531648309595	-0.089111328125		-5.0933837890625E-07	1.04034423828125E-06	1.5496826171875E-06	4.53567281510914E-08	174835.234375	-4.49874875130263E-07
25	67.0031648308333	-0.084075927734375		-5.4901123046875E-07	1.19232177734375E-06	1.7413330078125E-06	4.61083615732605E-08	152973.890625	-4.76333610777147E-07
26	67.053164830707	-0.07904052734375		-5.950927734375E-07	1.3641357421875E-06	1.959228515625E-06	4.70001246810625E-08	132717.953125	-5.04936224388075E-07
27	67.1031648305808	-0.074005126953125		-6.4849853515625E-07	1.55853271484375E-06	2.20703125E-06	4.79328434721538E-08	113976.46875	-5.36025993369549E-07
28	67.1531648304546	-0.0689697265625		-7.0831298828125E-07	1.77642822265625E-06	2.4847412109375E-06	4.88305360590857E-08	97328.734375	-5.69946280393197E-07
29	67.2031648303283	-0.063934326171875		-7.7545166015625E-07	2.01751708984375E-06	2.79296875E-06	4.95069834016704E-08	82329.7890625	-6.07040419708937E-07
30	67.2531648302021	-0.05889892578125		-8.4869384765625E-07	2.279052734375E-06	3.12774658203125E-06	4.9909456123487E-08	69291.625	-6.47644014861726E-07
31	67.3031648300758	-0.053863525390625		-9.27124023437501E-07	2.559814453125E-06	3.4869384765625E-06	4.99098753437011E-08	58064.515625	-6.92039463956462E-07
32	67.3531648299496	-0.048828125		-1.005859375E-06	2.8564453125E-06	3.8623046875E-06	4.9006786184691E-08	48437.50390625	-7.40364043849695E-07
33	67.4031648298234	-0.043792724609375		-1.0906982421875E-06	3.162841796875E-06	4.2535400390625E-06	4.75915626907408E-08	40005.59765625	-7.92777996139193E-07
34	67.4531648296971	-0.03875732421875		-1.171875E-06	3.4722900390625E-06	4.6441650390625E-06	4.51970088022335E-08	32911.4609375	-8.49342313813395E-07
35	67.5031648295709	-0.033721923828125		-1.24786376953125E-06	3.77899169921875E-06	5.02685546875E-06	4.18633021581627E-08	26884.32421875	-9.09835819129512E-07
36	67.5531648294447	-0.0286865234375		-1.31378173828125E-06	4.07501220703125E-06	5.3887939453125E-06	3.74753348353352E-08	21711.962890625	-9.73876922216732E-07
37	67.6031648293184	-0.023651123046875		-1.3653564453125E-06	4.351806640625E-06	5.7171630859375E-06	3.20505435524865E-08	17192.669921875	-1.04085540897358E-06
38	67.6531648291922	-0.01861572265625		-1.3983154296875E-06	4.5989990234375E-06	5.997314453125E-06	2.58642245398732E-08	13227.8486328125	-1.10994722035684E-06
39	67.7031648290659	-0.013580322265625		-1.40625E-06	4.8126220703125E-06	6.2188720703125E-06	1.89943314410357E-08	9605.03515625	-1.1800613037849E-06
40	67.7531648289397	-0.008544921875		-1.3885498046875E-06	4.986572265625E-06	6.3751220703125E-06	1.17379235220483E-08	6087.912109375	-1.24993130157236E-06
41	67.8031648288135	-0.003509521484375		-1.34185791015625E-06	5.1116943359375E-06	6.45355224609375E-06	4.57414328636219E-09	2540.36840820313	-1.31819149373769E-06
42	67.8531648286872	0.00152587890625		-1.2646484375E-06	5.1910400390625E-06	6.4556884765625E-06	-2.05320116464236E-09	-1283.78381347656	-1.38335417432245E-06
43	67.903164828561	0.006561279296875		-1.1529541015625E-06	5.2154541015625E-06	6.368408203125E-06	-7.70911334768698E-09	-5799.365234375	-1.44379418998142E-06
44	67.9531648284348	0.0115966796875		-1.0205078125E-06	5.1849365234375E-06	6.2054443359375E-06	-1.19902185957699E-08	-11513.1591796875	-1.49813081407046E-06
45	68.0031648283085	0.016632080078125		-8.636474609375E-07	5.108642578125E-06	5.9722900390625E-06	-1.44960354830914E-08	-19434.630859375	-1.54523468154366E-06
46	68.0531648281823	0.02166748046875		-6.8817138671875E-07	4.986572265625E-06	5.67474365234375E-06	-1.49760435164126E-08	-31623.05859375	-1.58403008754249E-06
47	68.103164828056	0.026702880859375		-4.98352050781251E-07	4.833984375E-06	5.33233642578125E-06	-1.33530608792398E-08	-53766.07421875	-1.61369314355397E-06
48	68.1531648279298	0.03173828125		-3.009033203125E-07	4.65087890625E-06	4.9517822265625E-06	-9.57402868095869E-09	-105740.3671875	-1.63367462846509E-06
49	68.2031648278036	0.036773681640625		-1.01318359374999E-07	4.4525146484375E-06	4.5538330078125E-06	-3.73017794430552E-09	-363373.5	-1.64373011557473E-06
50	68.2531648276773	0.04180908203125		9.82666015624995E-08	4.24530029296875E-06	4.14703369140625E-06	4.11263467725576E-09	425900.65625	-1.64380639944284E-06
51	68.3031648275511	0.046844482421875		2.89001464843749E-07	4.03472900390625E-06	3.7457275390625E-06	1.3567229117939E-08	162439.28125	-1.63412471465563E-06
52	68.3531648274248	0.0518798828125		4.6417236328125E-07	3.8262939453125E-06	3.36212158203125E-06	2.41237039233511E-08	111965.8125	-1.61529533215798E-06
53	68.4031648272986	0.056915283203125		6.2896728515625E-07	3.62518310546875E-06	2.9962158203125E-06	3.58170453296225E-08	90538.578125	-1.58796683535911E-06
54	68.4531648271724	0.06195068359375		7.7362060546875E-07	3.4344482421875E-06	2.66082763671875E-06	4.79735398073444E-08	80157.796875	-1.55290217662696E-06
55	68.5031648270461	0.066986083984375		8.9996337890625E-07	3.2562255859375E-06	2.35626220703125E-06	6.03948819843936E-08	74567.6484375	-1.51106257817446E-06
56	68.5531648269199	0.072021484375		1.00738525390625E-06	3.0914306640625E-06	2.08404541015625E-06	7.26763502711947E-08	71614.6640625	-1.46337890782888E-06
57	68.6031648267937	0.077056884765625		1.09527587890625E-06	2.93975830078125E-06	1.844482421875E-06	8.44319671955418E-08	70381.7265625	-1.41081238780316E-06
58	68.6531648266674	0.08209228515625		1.1669921875E-06	2.80120849609375E-06	1.63421630859375E-06	9.58722878863227E-08	70397.4921875	-1.35425568714709E-06
59	68.7031648265412	0.087127685546875		1.22283935546875E-06	2.67608642578125E-06	1.4532470703125E-06	1.0650583703864E-07	71225.359375	-1.29450984331925E-06
60	68.7531648264149	0.0921630859375		1.26434326171875E-06	2.56378173828125E-06	1.2994384765625E-06	1.16525775695209E-07	72894.0390625	-1.2323303053563E-06
61	68.8031648262887	0.097198486328125		1.29486083984375E-06	2.4627685546875E-06	1.16790771484375E-06	1.25898026226423E-07	75088.3828125	-1.16835019525752E-06
62	68.8531648261625	0.10223388671875		1.3153076171875E-06	2.37274169921875E-06	1.05743408203125E-06	1.34469004819948E-07	77726.21875	-1.10309599676839E-06
63	68.9031648260362	0.107269287109375		1.32781982421875E-06	2.29095458984375E-06	9.63134765625E-07	1.42393759006154E-07	80763.046875	-1.03701779607945E-06
64	68.95316482591	0.1123046875		1.3323974609375E-06	2.218017578125E-06	8.85620117187501E-07	1.49593816445304E-07	84264.7734375	-9.70512360254361E-07
65	69.0031648257838	0.117340087890625		1.3330078125E-06	2.1527099609375E-06	8.197021484375E-07	1.56537282691716E-07	88095.2421875	-9.03877264590847E-07
66	69.0531648256575	0.12237548828125		1.3299560546875E-06	2.09442138671875E-06	7.6446533203125E-07	1.62754020038847E-07	92014.6875	-8.3730316191577E-07
67	69.1031648255313	0.127410888671875		1.32354736328125E-06	2.04132080078125E-06	7.17773437500001E-07	1.68715118320506E-07	96310.8203125	-7.70965584706573E-07
68	69.153164825405	0.1324462890625		1.31439208984375E-06	1.993408203125E-06	6.7901611328125E-07	1.74166572719514E-07	100812.6328125	-7.05017100699479E-07
69	69.2031648252788	0.137481689453125		1.3037109375E-06	1.95037841796875E-06	6.4666748046875E-07	1.79355723162189E-07	105524.3515625	-6.39564518678526E-07
70	69.2531648251526	0.14251708984375		1.29180908203125E-06	1.9110107421875E-06	6.19201660156249E-07	1.84104877121172E-07	110323.6484375	-5.74676505493699E-07
71	69.3031648250263	0.147552490234375		1.27899169921875E-06	1.87530517578125E-06	5.963134765625E-07	1.88718416893607E-07	115366.2578125	-5.10406493958726E-07
72	69.3531648249001	0.152587890625		1.265869140625E-06	1.84295654296875E-06	5.7708740234375E-07	1.93194921394024E-07	120564.1328125	-4.46784980567827E-07
73	69.4031648247739	0.157623291015625		1.25244140625E-06	1.81365966796875E-06	5.6121826171875E-07	1.97413939417856E-07	125852.828125	-3.83827199357256E-07
74	69.4531648246476	0.16265869140625		1.23931884765625E-06	1.78680419921875E-06	5.474853515625E-07	2.01585990566855E-07	131248.453125	-3.21533207170432E-07
75	69.5031648245214	0.167694091796875		1.22650146484375E-06	1.761474609375E-06	5.34973144531249E-07	2.05639622663512E-07	136700.671875	-2.59887684705973E-07
76	69.5531648243951	0.1727294921875		1.21307373046875E-06	1.73858642578125E-06	5.255126953125E-07	2.09570615083976E-07	142415.09375	-1.98898320036278E-07
77	69.6031648242689	0.177764892578125		1.1993408203125E-06	1.71783447265625E-06	5.1849365234375E-07	2.13310485719376E-07	148295.171875	-1.38587950004876E-07
78	69.6531648241427	0.18280029296875		1.1865234375E-06	1.697998046875E-06	5.11474609375E-07	2.16969240796061E-07	154115.234375	-7.89413476809386E-08
79	69.7031648240164	0.187835693359375		1.17431640625E-06	1.6802978515625E-06	5.05981445312499E-07	2.20614367663075E-07	159979.21875	-1.99203551431992E-08
80	69.7531648238902	0.19287109375		1.1614990234375E-06	1.66351318359375E-06	5.0201416015625E-07	2.24055028752446E-07	166079.875	3.84750293846992E-08
81	69.803164823764	0.197906494140625		1.14990234375E-06	1.64794921875E-06	4.98046874999999E-07	2.27573139000015E-07	172107.21875	9.62600594789365E-08
82	69.8531648236377	0.20294189453125		1.1383056640625E-06	1.63299560546875E-06	4.9468994140625E-07	2.31009892104339E-07	178284.1875	1.53465265384511E-07
83	69.9031648235115	0.207977294921875		1.1273193359375E-06	1.6192626953125E-06	4.91943359375E-07	2.34387997011254E-07	184434.234375	2.10105881137679E-07
84	69.9531648233852	0.2130126953125		1.11663818359375E-06	1.6064453125E-06	4.8980712890625E-07	2.37858102991595E-07	190762.515625	2.66204807530812E-07
85	70.003164823259	0.218048095703125		1.10565185546875E-06	1.59393310546875E-06	4.8828125E-07	2.41119010979673E-07	197239.875	3.21762058774766E-07
86	70.0531648231328	0.22308349609375		1.09588623046875E-06	1.5826416015625E-06	4.8675537109375E-07	2.44507560864804E-07	203592.3125	3.76800528556487E-07
87	70.1031648230065	0.228118896484375		1.0858154296875E-06	1.57135009765625E-06	4.8553466796875E-07	2.47728138447201E-07	210118.0625	4.31343067930356E-07
88	70.1531648228803	0.233154296875		1.07696533203125E-06	1.5618896484375E-06	4.8492431640625E-07	2.51099095294194E-07	216491.921875	4.85412556372466E-07
89	70.203164822754	0.238189697265625		1.068115234375E-06	1.55181884765625E-06	4.8370361328125E-07	2.544140329519E-07	223000	5.39039604063873E-07
90	70.2531648226278	0.24322509765625		1.05926513671875E-06	1.54327392578125E-06	4.840087890625E-07	2.57639840128832E-07	229616.84375	5.9222406889603E-07
91	70.3031648225016	0.248260498046875		1.05072021484375E-06	1.5350341796875E-06	4.84313964843749E-07	2.60820257835803E-07	236247.453125	6.4497373841732E-07
92	70.3531648223753	0.2532958984375		1.0430908203125E-06	1.5264892578125E-06	4.83398437499999E-07	2.64210626710337E-07	242832.0625	6.97319023856835E-07
93	70.4031648222491	0.258331298828125		1.03515625E-06	1.5191650390625E-06	4.84008789062501E-07	2.6735006031231E-07	249498.84375	7.49275159250828E-07
94	70.4531648221229	0.26336669921875		1.02752685546875E-06	1.512451171875E-06	4.8492431640625E-07	2.70584990857969E-07	256281.546875	8.00842258286139E-07
95	70.5031648219966	0.268402099609375		1.02020263671875E-06	1.50634765625E-06	4.86145019531249E-07	2.73824525720556E-07	263087.0625	8.52035498155601E-07
96	70.5531648218704	0.2734375		1.01287841796875E-06	1.500244140625E-06	4.8736572265625E-07	2.7698985149982E-07	269990.96875	9.02862495877343E-07
97	70.6031648217441	0.278472900390625		1.00555419921875E-06	1.4947509765625E-06	4.89196777343751E-07	2.80019577303392E-07	276934.75	9.53323308294785E-07
98	70.6531648216179	0.28350830078125		9.9853515625E-07	1.48956298828125E-06	4.9102783203125E-07	2.83062519201849E-07	283893.65625	1.00342560926947E-06
99	70.7031648214917	0.288543701171875		9.918212890625E-07	1.4849853515625E-06	4.931640625E-07	2.86183762909786E-07	290923.09375	1.05318451915082E-06
100	70.7531648213654	0.2935791015625		9.857177734375E-07	1.48101806640625E-06	4.9530029296875E-07	2.89356052007861E-07	297801.875	1.10262294583663E-06
101	70.8031648212392	0.298614501953125		9.7930908203125E-07	1.4776611328125E-06	4.98352050781249E-07	2.92465784923479E-07	304954.8125	1.15174862003187E-06
102	70.853164821113	0.30364990234375		9.72900390625001E-07	1.47369384765625E-06	5.0079345703125E-07	2.95332029054407E-07	312013.8125	1.20055381103157E-06
103	70.9031648209867	0.308685302734375		9.6710205078125E-07	1.4715576171875E-06	5.04455566406249E-07	2.98441619861478E-07	319091.21875	1.24905386655882E-06
104	70.9531648208605	0.313720703125		9.613037109375E-07	1.46942138671875E-06	5.0811767578125E-07	3.01580882933195E-07	326349.1875	1.29726402064989E-06
105	71.0031648207342	0.318756103515625		9.55810546875E-07	1.46759033203125E-06	5.11779785156251E-07	3.04670436435117E-07	333493	1.34519189032289E-06
106	71.053164820608	0.32379150390625		9.4970703125E-07	1.466064453125E-06	5.16357421875001E-07	3.074780750012E-07	340906.1875	1.39282985855971E-06
107	71.1031648204818	0.328826904296875		9.43908691406251E-07	1.4654541015625E-06	5.21545410156249E-07	3.10382574753021E-07	348367.28125	1.44017019465537E-06
108	71.1531648203555	0.3338623046875		9.3841552734375E-07	1.46453857421875E-06	5.26123046875E-07	3.13330190238048E-07	355804.875	1.4872283600198E-06
109	71.2031648202293	0.338897705078125		9.32922363281249E-07	1.46453857421875E-06	5.31616210937501E-07	3.1625063456886E-07	363362.78125	1.53401174429746E-06
110	71.2531648201031	0.34393310546875		9.2742919921875E-07	1.46514892578125E-06	5.37719726562499E-07	3.19001912885142E-07	370878.59375	1.58052057486202E-06
111	71.3031648199768	0.348968505859375		9.22241210937499E-07	1.46575927734375E-06	5.43518066406251E-07	3.21833141470051E-07	378391.78125	1.62676235504478E-06
112	71.3531648198506	0.35400390625		9.173583984375E-07	1.46636962890625E-06	5.4901123046875E-07	3.24720446087667E-07	385861.625	1.67275231888198E-06
113	71.4031648197243	0.359039306640625		9.11865234375001E-07	1.46759033203125E-06	5.5572509765625E-07	3.2742326538937E-07	393775.125	1.71848296304233E-06
114	71.4531648195981	0.36407470703125		9.06982421874999E-07	1.4691162109375E-06	5.62133789062501E-07	3.30126312064749E-07	401312.25	1.76395406015217E-06
115	71.5031648194719	0.369110107421875		9.02709960937501E-07	1.47125244140625E-06	5.68542480468749E-07	3.33144271280617E-07	408823.53125	1.80919641934452E-06
116	71.5531648193456	0.3741455078125		8.9752197265625E-07	1.4727783203125E-06	5.7525634765625E-07	3.35776405790966E-07	416831.03125	1.85420219622756E-06
117	71.6031648192194	0.379180908203125		8.9385986328125E-07	1.474609375E-06	5.80749511718749E-07	3.38961882562216E-07	424240.34375	1.8989867385244E-06
118	71.6531648190931	0.38421630859375		8.89892578125E-07	1.47705078125E-06	5.87158203125E-07	3.41884060617303E-07	431721.5625	1.94358062799438E-06
119	71.7031648189669	0.389251708984375		8.85925292968751E-07	1.4788818359375E-06	5.92956542968749E-07	3.44874962365793E-07	439407.53125	1.9879760202457E-06
120	71.7531648188407	0.394287109375		8.831787109375E-07	1.480712890625E-06	5.97534179687499E-07	3.48252939375016E-07	446475.46875	2.03220361072454E-06
121	71.8031648187144	0.399322509765625		8.795166015625E-07	1.4825439453125E-06	6.03027343750001E-07	3.51157069644614E-07	453955.59375	2.07627090276219E-06
122	71.8531648185882	0.40435791015625		8.76464843749999E-07	1.48529052734375E-06	6.0882568359375E-07	3.54405472080543E-07	461351	2.12017062040104E-06
123	71.903164818462	0.409393310546875		8.73718261718751E-07	1.48773193359375E-06	6.14013671874999E-07	3.57667744310675E-07	468529.53125	2.16392504626128E-06
124	71.9531648183357	0.4144287109375		8.70666503906251E-07	1.49078369140625E-06	6.201171875E-07	3.60802630439139E-07	475955.125	2.20753463509027E-06
125	72.0031648182095	0.419464111328125		8.685302734375E-07	1.49444580078125E-06	6.2591552734375E-07	3.64343776482201E-07	482993.6875	2.25101462092425E-06
126	72.0531648180832	0.42449951171875		8.66088867187501E-07	1.49810791015625E-06	6.3201904296875E-07	3.67627848163465E-07	490098.6875	2.29438001042581E-06
127	72.103164817957	0.429534912109375		8.6334228515625E-07	1.502685546875E-06	6.3934326171875E-07	3.70809289051977E-07	497490.28125	2.33761579693237E-06
128	72.1531648178308	0.4345703125		8.6029052734375E-07	1.5087890625E-06	6.4849853515625E-07	3.73856721580523E-07	505143.65625	2.38070674640767E-06
129	72.2031648177045	0.439605712890625		8.575439453125E-07	1.5155029296875E-06	6.57958984375E-07	3.77007381757721E-07	512669.0625	2.42365263147803E-06
130	72.2531648175783	0.44464111328125		8.544921875E-07	1.5234375E-06	6.689453125E-07	3.79890195745247E-07	520285.71875	2.46645345214347E-06
131	72.3031648174521	0.449676513671875		8.4991455078125E-07	1.53289794921875E-06	6.82983398437501E-07	3.82186613023805E-07	529084.375	2.50906373366888E-06
132	72.3531648173258	0.4547119140625		8.4564208984375E-07	1.54388427734375E-06	6.98242187500001E-07	3.84471917413975E-07	537639.8125	2.55145255323441E-06
133	72.4031648171996	0.459747314453125		8.4075927734375E-07	1.55731201171875E-06	7.16552734375001E-07	3.86511146643898E-07	546787.6875	2.59361263488245E-06
134	72.4531648170733	0.46478271484375		8.349609375E-07	1.573486328125E-06	7.38525390625E-07	3.88126380812537E-07	556725.125	2.63550555246184E-06
135	72.5031648169471	0.469818115234375		8.2855224609375E-07	1.591796875E-06	7.6324462890625E-07	3.89294143587904E-07	567071.8125	2.67709333456878E-06
136	72.5531648168209	0.474853515625		8.2061767578125E-07	1.61376953125E-06	7.9315185546875E-07	3.89623068031142E-07	578579.4375	2.71832277576323E-06
137	72.6031648166946	0.479888916015625		8.1207275390625E-07	1.63970947265625E-06	8.27636718750001E-07	3.89729507332959E-07	590980.8125	2.75913998848409E-06
138	72.6531648165684	0.48492431640625		8.026123046875E-07	1.67083740234375E-06	8.6822509765625E-07	3.89132736700049E-07	604068.4375	2.79950700132758E-06
139	72.7031648164422	0.489959716796875		7.9071044921875E-07	1.70806884765625E-06	9.173583984375E-07	3.87343874308499E-07	619529.125	2.83934014078113E-06
140	72.7531648163159	0.4949951171875		7.77282714843749E-07	1.75201416015625E-06	9.747314453125E-07	3.84727428581755E-07	636788.375	2.87854004454857E-06
141	72.8031648161897	0.500030517578125		7.60498046875E-07	1.80633544921875E-06	1.04583740234375E-06	3.80249019826806E-07	657463.875	2.91698438559251E-06
142	72.8531648160634	0.50506591796875		7.40966796875001E-07	1.87164306640625E-06	1.13067626953125E-06	3.74237060896121E-07	681631	2.95452105092409E-06
143	72.9031648159372	0.510101318359375		7.17773437499999E-07	1.95068359375E-06	1.23291015625E-06	3.66180984201492E-07	710756.8125	2.99098951472843E-06
144	72.953164815811	0.51513671875		6.884765625E-07	2.0452880859375E-06	1.3568115234375E-06	3.54596494389625E-07	748094	3.02614580505178E-06
145	73.0031648156847	0.520172119140625		6.5277099609375E-07	2.159423828125E-06	1.50665283203125E-06	3.39493510637112E-07	796727.4375	3.05967705571675E-06
146	73.0531648155585	0.52520751953125		6.085205078125E-07	2.2955322265625E-06	1.68701171875E-06	3.19599536169335E-07	863089.25	3.09120923702721E-06
147	73.1031648154323	0.530242919921875		5.5572509765625E-07	2.4566650390625E-06	1.90093994140625E-06	2.94635384534558E-07	954036.25	3.12031556859438E-06
148	73.153164815306	0.5352783203125		4.93469238281249E-07	2.64678955078125E-06	2.1533203125E-06	2.64098190427831E-07	1084539.375	3.14654539579351E-06
149	73.2031648151798	0.540313720703125		4.2388916015625E-07	2.86956787109375E-06	2.4456787109375E-06	2.29007255825309E-07	1274514	3.16947921419342E-06
150	73.2531648150535	0.54534912109375		3.4637451171875E-07	3.12652587890625E-06	2.7801513671875E-06	1.88895029396008E-07	1574449.375	3.18873594551405E-06
151	73.3031648149273	0.550384521484375		2.60314941406251E-07	3.42132568359375E-06	3.1610107421875E-06	1.43265367569256E-07	2114185.25	3.20390313390817E-06
152	73.3531648148011	0.555419921875		1.64184570312501E-07	3.7591552734375E-06	3.594970703125E-06	9.11863722308226E-08	3382713.75	3.21451557283581E-06
153	73.4031648146748	0.560455322265625		5.52368164062497E-08	4.1436767578125E-06	4.08843994140625E-06	3.09560803657405E-08	10145857	3.22000119012955E-06
154	73.4531648145486	0.56549072265625		-6.65283203125006E-08	4.571533203125E-06	4.6380615234375E-06	-3.7615055958895E-08	-8498624	3.21971879202465E-06
155	73.5031648144223	0.570526123046875		-2.02026367187499E-07	5.0537109375E-06	5.2557373046875E-06	-1.1524281973152E-07	-2823565	3.21300490213616E-06
156	73.5531648142961	0.5755615234375		-3.48815917968751E-07	5.5816650390625E-06	5.93048095703125E-06	-2.00733083488558E-07	-1649781.25	3.19923401548294E-06
157	73.6031648141699	0.580596923828125		-5.0628662109375E-07	6.158447265625E-06	6.66473388671875E-06	-2.93886643021324E-07	-1146534.125	3.17785634251777E-06
158	73.6531648140436	0.58563232421875		-6.70166015625E-07	6.77490234375E-06	7.445068359375E-06	-3.92429967632779E-07	-873770.5	3.14844510285184E-06
159	73.7031648139174	0.590667724609375		-8.3465576171875E-07	7.4310302734375E-06	8.26568603515625E-06	-4.93004222335003E-07	-707678.25	3.11082453663403E-06
160	73.7531648137912	0.595703125		-9.95483398437499E-07	8.123779296875E-06	9.1192626953125E-06	-5.92951778344286E-07	-598344.625	3.06507104141929E-06
161	73.8031648136649	0.600738525390625		-1.1431884765625E-06	8.843994140625E-06	9.9871826171875E-06	-6.86687599227298E-07	-525440.5	3.01160412163881E-06
162	73.8531648135387	0.60577392578125		-1.26922607421875E-06	9.58251953125E-06	1.08517456054688E-05	-7.68786549087963E-07	-477230.125	2.95129393634852E-06
163	73.9031648134124	0.610809326171875		-1.363525390625E-06	1.03424072265625E-05	1.17059326171875E-05	-8.32729199373716E-07	-447896.15625	2.88547516902327E-06
164	73.9531648132862	0.6158447265625		-1.4190673828125E-06	1.11114501953125E-05	1.2530517578125E-05	-8.73795215738937E-07	-433914	2.81591019302141E-06
165	74.00316481316	0.620880126953125		-1.4276123046875E-06	1.18865966796875E-05	1.3314208984375E-05	-8.86201803496078E-07	-434822.59375	2.74474336947605E-06
166	74.0531648130337	0.62591552734375		-1.385498046875E-06	1.2652587890625E-05	1.40380859375E-05	-8.67077858401899E-07	-451696.0625	2.67441555479309E-06
167	74.1031648129075	0.630950927734375		-1.28570556640625E-06	1.34124755859375E-05	1.46981811523438E-05	-8.11138590961491E-07	-490695.5	2.60763545156806E-06
168	74.1531648127813	0.635986328125		-1.13128662109375E-06	1.4154052734375E-05	1.52853393554688E-05	-7.19344711797021E-07	-562071.75	2.54721066994534E-06
169	74.203164812655	0.641021728515625		-9.21630859375E-07	1.4874267578125E-05	1.57958984375E-05	-5.90701006331074E-07	-695430.5	2.49588765655062E-06
170	74.2531648125288	0.64605712890625		-6.60095214843751E-07	1.55609130859375E-05	1.62210083007813E-05	-4.26439072498397E-07	-978687	2.45634464590694E-06
171	74.3031648124025	0.651092529296875		-3.50341796875001E-07	1.62109375E-05	1.6561279296875E-05	-2.28094236831566E-07	-1858362.375	2.43108365793887E-06
172	74.3531648122763	0.6561279296875		-4.27246093750028E-09	1.68212890625E-05	1.68255615234375E-05	-2.80288992016153E-09	-153550000	2.42221835833334E-06
173	74.4031648121501	0.661163330078125		3.79638671875E-07	1.737060546875E-05	1.6990966796875E-05	2.50945248581047E-07	1741157.625	2.43160252466623E-06
174	74.4531648120238	0.66619873046875		7.95898437500001E-07	1.78558349609375E-05	1.70599365234375E-05	5.30129341314023E-07	836886.5	2.46099079959095E-06
175	74.5031648118976	0.671234130859375		1.22894287109375E-06	1.8267822265625E-05	1.70388793945312E-05	8.2472087115093E-07	546064.0625	2.51161191044957E-06
176	74.5531648117714	0.67626953125		1.6729736328125E-06	1.8597412109375E-05	1.69244384765625E-05	1.13112571398233E-06	404140.84375	2.58415980169957E-06
177	74.6031648116451	0.681304931640625		2.12615966796875E-06	1.88323974609375E-05	1.67062377929687E-05	1.44836837989715E-06	320396.15625	2.67913810603204E-06
178	74.6531648115189	0.68634033203125		2.576904296875E-06	1.89666748046875E-05	1.63897705078125E-05	1.76824016762112E-06	266283.75	2.79671462521947E-06
179	74.7031648113926	0.691375732421875		3.02154541015625E-06	1.89910888671875E-05	1.59695434570313E-05	2.08856204153562E-06	228764.78125	2.9366758553806E-06
180	74.7531648112664	0.6964111328125		3.4539794921875E-06	1.89056396484375E-05	1.545166015625E-05	2.40517897509562E-06	201608.0625	3.09856409330678E-06
181	74.8031648111402	0.701446533203125		3.86993408203125E-06	1.8701171875E-05	1.48312377929687E-05	2.71396129392087E-06	181216	3.28166197505197E-06
182	74.8531648110139	0.70648193359375		4.27154541015625E-06	1.83746337890625E-05	1.41030883789063E-05	3.01711770589463E-06	165356.875	3.48519893123012E-06
183	74.9031648108877	0.711517333984375		4.638671875E-06	1.7950439453125E-05	1.3311767578125E-05	3.29992917613708E-06	153361.84375	3.70795441995142E-06
184	74.9531648107615	0.716552734375		4.99267578125E-06	1.74468994140625E-05	1.24542236328125E-05	3.57675367013144E-06	143490.21875	3.94873814002494E-06
185	75.0031648106352	0.721588134765625		5.3253173828125E-06	1.688232421875E-05	1.15570068359375E-05	3.84171062250971E-06	135467.0625	4.20668766309973E-06
186	75.053164810509	0.72662353515625		5.6304931640625E-06	1.62811279296875E-05	1.0650634765625E-05	4.09056156058796E-06	129029.8125	4.48058290203335E-06
187	75.1031648103827	0.731658935546875		5.908203125E-06	1.5679931640625E-05	9.771728515625E-06	4.32188790000509E-06	123811.984375	4.76905051982612E-06
188	75.1531648102565	0.7366943359375		6.1553955078125E-06	1.51031494140625E-05	8.94775390625E-06	4.53351776741329E-06	119652.9453125	5.07064032717608E-06
189	75.2031648101303	0.741729736328125		6.365966796875E-06	1.4569091796875E-05	8.203125E-06	4.72046713184682E-06	116481.3046875	5.38367430635844E-06
190	75.253164810004	0.74676513671875		6.54296875E-06	1.41021728515625E-05	7.5592041015625E-06	4.88506248075282E-06	114109.1484375	5.7063980420935E-06
191	75.3031648098778	0.751800537109375		6.67724609375E-06	1.370849609375E-05	7.03125E-06	5.02301372762304E-06	112659.96875	6.03690341449692E-06
192	75.3531648097515	0.7568359375		6.7626953125E-06	1.33941650390625E-05	6.6314697265625E-06	5.12031465405016E-06	111958.484375	6.3729016801517E-06
193	75.4031648096253	0.761871337890625		6.805419921875E-06	1.3165283203125E-05	6.35986328125E-06	5.18589240527945E-06	111973.1015625	6.71210455038818E-06
194	75.4531648094991	0.76690673828125		6.805419921875E-06	1.30157470703125E-05	6.2103271484375E-06	5.21912215845077E-06	112690.5859375	7.05237562215189E-06
195	75.5031648093728	0.771942138671875		6.7596435546875E-06	1.29425048828125E-05	6.182861328125E-06	5.219084869168E-06	114221.21875	7.39150209483341E-06
196	75.5531648092466	0.7769775390625		6.6802978515625E-06	1.2945556640625E-05	6.2652587890625E-06	5.19247987540439E-06	116354.5	7.72750081523554E-06
197	75.6031648091204	0.782012939453125		6.5704345703125E-06	1.3006591796875E-05	6.4361572265625E-06	5.13916711497586E-06	119043.1953125	8.0587687989464E-06
198	75.6531648089941	0.78704833984375		6.43310546875E-06	1.312255859375E-05	6.689453125E-06	5.06316473547486E-06	122343.4609375	8.38385767565342E-06
199	75.7031648088679	0.792083740234375		6.2744140625E-06	1.328125E-05	7.0068359375E-06	4.97081873618299E-06	126264.59375	8.7015450844774E-06
200	75.7531648087416	0.797119140625		6.109619140625E-06	1.3470458984375E-05	7.36083984375E-06	4.87009401695104E-06	130469.5390625	9.01114617590792E-06
201	75.8031648086154	0.802154541015625		5.9478759765625E-06	1.36749267578125E-05	7.72705078125E-06	4.77202320325887E-06	134889.6875	9.31258364289533E-06
202	75.8531648084892	0.80718994140625		5.7952880859375E-06	1.3885498046875E-05	8.0902099609375E-06	4.67966674477793E-06	139336.5	9.60616307565942E-06
203	75.9031648083629	0.812225341796875		5.6640625E-06	1.40869140625E-05	8.4228515625E-06	4.60135925095528E-06	143426.71875	9.89264663076028E-06
204	75.9531648082367	0.8172607421875		5.5633544921875E-06	1.42669677734375E-05	8.70361328125E-06	4.54671135230456E-06	146900.71875	1.01733321571373E-05
205	76.0031648081105	0.822296142578125		5.499267578125E-06	1.44134521484375E-05	8.9141845703125E-06	4.521187292994E-06	149500.5625	1.04498976725154E-05
206	76.0531648079842	0.82733154296875		5.46875E-06	1.4520263671875E-05	9.051513671875E-06	4.5261381274031E-06	151339.296875	1.07240975921741E-05
207	76.103164807858	0.832366943359375		5.4779052734375E-06	1.45782470703125E-05	9.100341796875E-06	4.56046291219536E-06	151977.71875	1.09977645479375E-05
208	76.1531648077317	0.83740234375		5.5267333984375E-06	1.4581298828125E-05	9.0545654296875E-06	4.63147262053099E-06	151628.9375	1.12728803287609E-05
209	76.2031648076055	0.842437744140625		5.6060791015625E-06	1.4520263671875E-05	8.9141845703125E-06	4.72362808068283E-06	150299.40625	1.15512002594187E-05
210	76.2531648074793	0.84747314453125		5.718994140625E-06	1.44012451171875E-05	8.6822509765625E-06	4.84669408251648E-06	148185.703125	1.183432777907E-05
211	76.303164807353	0.852508544921875		5.8563232421875E-06	1.422119140625E-05	8.3648681640625E-06	4.99345924254158E-06	145596.671875	1.21237098937854E-05
212	76.3531648072268	0.8575439453125		6.011962890625E-06	1.39862060546875E-05	7.9742431640625E-06	5.15919191457215E-06	142741.125	1.24204170788289E-05
213	76.4031648071006	0.862579345703125		6.18896484375E-06	1.36993408203125E-05	7.5103759765625E-06	5.33941738467547E-06	139398.421875	1.27254406834254E-05
214	76.4531648069743	0.86761474609375		6.3720703125E-06	1.33758544921875E-05	7.0037841796875E-06	5.52850178792141E-06	136159.015625	1.30394664665801E-05
215	76.5031648068481	0.872650146484375		6.561279296875E-06	1.30279541015625E-05	6.4666748046875E-06	5.72469980397727E-06	132976.75	1.33628000185126E-05
216	76.5531648067218	0.877685546875		6.7474365234375E-06	1.26617431640625E-05	5.914306640625E-06	5.92418655287474E-06	130122.125	1.36955177367781E-05
217	76.6031648065956	0.882720947265625		6.9305419921875E-06	1.229248046875E-05	5.3619384765625E-06	6.1187920437078E-06	127388.8125	1.40374677357613E-05
218	76.6531648064694	0.88775634765625		7.1014404296875E-06	1.19293212890625E-05	4.827880859375E-06	6.30434851700556E-06	125010.75	1.43882671181927E-05
219	76.7031648063431	0.892791748046875		7.2540283203125E-06	1.15753173828125E-05	4.3212890625E-06	6.47522983854287E-06	123054.2734375	1.47471537275123E-05
220	76.7531648062169	0.8978271484375		7.391357421875E-06	1.12396240234375E-05	3.8482666015625E-06	6.63616083329543E-06	121469.8671875	1.51132881001104E-05
221	76.8031648060906	0.902862548828125		7.50732421875E-06	1.09222412109375E-05	3.4149169921875E-06	6.77464504406089E-06	120203.2578125	1.54857552843168E-05
222	76.8531648059644	0.90789794921875		7.6019287109375E-06	1.06292724609375E-05	3.02734375E-06	6.90177557771676E-06	119429.9453125	1.58634866238572E-05
223	76.9031648058382	0.912933349609375		7.672119140625E-06	1.0357666015625E-05	2.685546875E-06	7.00998680258635E-06	119093.078125	1.62453379743965E-05
224	76.9531648057119	0.91796875		7.720947265625E-06	1.0107421875E-05	2.386474609375E-06	7.08523202774813E-06	118853.7578125	1.66301651916001E-05
225	77.0031648055857	0.923004150390625		7.7545166015625E-06	9.8785400390625E-06	2.1240234375E-06	7.15626765668276E-06	119008.265625	1.70170515048085E-05
226	77.0531648054595	0.92803955078125		7.7667236328125E-06	9.66796875E-06	1.9012451171875E-06	7.20782691132626E-06	119489.1953125	1.74050819623517E-05
227	77.1031648053332	0.933074951171875		7.7667236328125E-06	9.478759765625E-06	1.7120361328125E-06	7.24812025509891E-06	120157.171875	1.77934180101147E-05
228	77.153164805207	0.9381103515625		7.7545166015625E-06	9.3048095703125E-06	1.55029296875E-06	7.27695851310273E-06	121015.3515625	1.81814502866473E-05
229	77.2031648050807	0.943145751953125		7.7301025390625E-06	9.1461181640625E-06	1.416015625E-06	7.29179237168864E-06	122029.2265625	1.85685657925205E-05
230	77.2531648049545	0.94818115234375		7.6995849609375E-06	9.002685546875E-06	1.3031005859375E-06	7.30060128262267E-06	123147.046875	1.89543079613941E-05
231	77.3031648048283	0.953216552734375		7.659912109375E-06	8.868408203125E-06	1.20849609375E-06	7.30506098989281E-06	124502	1.93382948054932E-05
232	77.353164804702	0.958251953125		7.6171875E-06	8.746337890625E-06	1.129150390625E-06	7.29686007616692E-06	125761.21875	1.97202225535875E-05
233	77.4031648045758	0.963287353515625		7.5714111328125E-06	8.636474609375E-06	1.0650634765625E-06	7.29459998183302E-06	127247.078125	2.00999365915777E-05
234	77.4531648044496	0.96832275390625		7.5225830078125E-06	8.53271484375E-06	1.0101318359375E-06	7.28428813090432E-06	128722.109375	2.04772859433433E-05
235	77.5031648043233	0.973358154296875		7.470703125E-06	8.4381103515625E-06	9.674072265625E-07	7.27280939827324E-06	130310.4609375	2.08521196327638E-05
236	77.5531648041971	0.9783935546875		7.421875E-06	8.349609375E-06	9.27734375E-07	7.26830921848887E-06	131949.015625	2.12244340218604E-05
237	77.6031648040708	0.983428955078125		7.3699951171875E-06	8.2672119140625E-06	8.97216796875E-07	7.24674191587837E-06	133416.15625	2.15942309296224E-05
238	77.6531648039446	0.98846435546875		7.318115234375E-06	8.19091796875E-06	8.72802734375E-07	7.235928933369E-06	135112.59375	2.19614321395056E-05
239	77.7031648038184	0.993499755859375		7.2662353515625E-06	8.1207275390625E-06	8.544921875E-07	7.22011145626311E-06	136749.265625	2.23260412894888E-05
240	77.7531648036921	0.99853515625		7.2174072265625E-06	8.050537109375E-06	8.33129882812501E-07	7.20683465260663E-06	138350.953125	2.26881329581374E-05
241	77.8031648035659	1.00357055664063		7.1685791015625E-06	7.989501953125E-06	8.20922851562501E-07	7.18870569471619E-06	139889.3125	2.30477817240171E-05
242	77.8531648034397	1.00860595703125		7.1197509765625E-06	7.928466796875E-06	8.08715820312501E-07	7.18319597581285E-06	141705.953125	2.34049912251066E-05
243	77.9031648033134	1.01364135742188		7.073974609375E-06	7.8704833984375E-06	7.965087890625E-07	7.1715521698934E-06	143313.203125	2.37598342209822E-05
244	77.9531648031872	1.0186767578125		7.0281982421875E-06	7.818603515625E-06	7.90405273437501E-07	7.15946180207538E-06	144941.390625	2.41123871091986E-05
245	78.0031648030609	1.02371215820313		6.9854736328125E-06	7.7667236328125E-06	7.8125E-07	7.15004853191203E-06	146526.875	2.44627299252898E-05
246	78.0531648029347	1.02874755859375		6.9427490234375E-06	7.7178955078125E-06	7.75146484375E-07	7.14021689418587E-06	148131.875	2.48109354288317E-05
247	78.1031648028085	1.03378295898438		6.9000244140625E-06	7.672119140625E-06	7.720947265625E-07	7.1341805778502E-06	149845.203125	2.51570054388139E-05
248	78.1531648026822	1.038818359375		6.8603515625E-06	7.6263427734375E-06	7.659912109375E-07	7.12875225872267E-06	151467.984375	2.55010145338019E-05
249	78.203164802556	1.04385375976563		6.8206787109375E-06	7.5836181640625E-06	7.62939453125E-07	7.12083192411228E-06	153064.875	2.58430391113507E-05
250	78.2531648024298	1.04888916015625		6.7840576171875E-06	7.5439453125E-06	7.598876953125E-07	7.11572420186712E-06	154610.890625	2.61831573880045E-05
251	78.3031648023035	1.05392456054688		6.7474365234375E-06	7.5042724609375E-06	7.568359375E-07	7.11025904820417E-06	156173.6875	2.65214457613183E-05
252	78.3531648021773	1.0589599609375		6.7108154296875E-06	7.464599609375E-06	7.537841796875E-07	7.10648464519181E-06	157799	2.68579024123028E-05
253	78.403164802051	1.06399536132813		6.67724609375E-06	7.427978515625E-06	7.50732421874999E-07	7.10353970134747E-06	159323.59375	2.71926037385128E-05
254	78.4531648019248	1.06903076171875		6.640625E-06	7.3944091796875E-06	7.537841796875E-07	7.09903179085813E-06	160983.46875	2.75255497399485E-05
255	78.5031648017986	1.07406616210938		6.610107421875E-06	7.36083984375E-06	7.50732421874999E-07	7.10070116838324E-06	162511.546875	2.7856818633154E-05
256	78.5531648016723	1.0791015625		6.5765380859375E-06	7.330322265625E-06	7.53784179687501E-07	7.09675259713549E-06	164083.53125	2.81864849966951E-05
257	78.6031648015461	1.08413696289063		6.5460205078125E-06	7.2967529296875E-06	7.50732421874999E-07	7.09778169039055E-06	165641.03125	2.85145488305716E-05
258	78.6531648014198	1.08917236328125		6.5185546875E-06	7.269287109375E-06	7.50732421875E-07	7.09982941771159E-06	167088.015625	2.88411629298935E-05
259	78.7031648012936	1.09420776367188		6.488037109375E-06	7.23876953125E-06	7.50732421875E-07	7.10025051375851E-06	168673.578125	2.91663272946607E-05
260	78.7531648011674	1.0992431640625		6.4605712890625E-06	7.2113037109375E-06	7.50732421875E-07	7.10173844709061E-06	170146.4375	2.94900437438628E-05
261	78.8031648010411	1.10427856445313		6.43310546875E-06	7.183837890625E-06	7.50732421874999E-07	7.10884842192172E-06	171774.203125	2.98123850370757E-05
262	78.8531648009149	1.10931396484375		6.40869140625E-06	7.159423828125E-06	7.50732421874999E-07	7.10925087332726E-06	173095.25	3.0133429390844E-05
263	78.9031648007887	1.11434936523438		6.3812255859375E-06	7.135009765625E-06	7.537841796875E-07	7.11188795321505E-06	174653.28125	3.04531768051675E-05
264	78.9531648006624	1.119384765625		6.3568115234375E-06	7.110595703125E-06	7.537841796875E-07	7.11571783540421E-06	176092.171875	3.07716290990356E-05
265	79.0031648005362	1.12442016601563		6.3323974609375E-06	7.086181640625E-06	7.537841796875E-07	7.12124165147543E-06	177590.359375	3.10888572130352E-05
266	79.0531648004099	1.12945556640625		6.31103515625E-06	7.0648193359375E-06	7.537841796875E-07	7.12610790287727E-06	178916.828125	3.14049430016894E-05
267	79.1031648002837	1.13449096679688		6.28662109375E-06	7.04345703125E-06	7.568359375E-07	7.13499275661889E-06	180533.984375	3.17198864649981E-05
268	79.1531648001575	1.1395263671875		6.2652587890625E-06	7.0220947265625E-06	7.568359375E-07	7.13942699803738E-06	181880.1875	3.20336839649826E-05
269	79.2031648000312	1.14456176757813		6.243896484375E-06	7.0037841796875E-06	7.598876953125E-07	7.14747784513747E-06	183333.34375	3.23464118991978E-05
270	79.253164799905	1.14959716796875		6.2225341796875E-06	6.982421875E-06	7.598876953125E-07	7.15720534572029E-06	184845.515625	3.26580739056226E-05
271	79.3031647997788	1.15463256835938		6.2042236328125E-06	6.964111328125E-06	7.598876953125E-07	7.16454542271094E-06	186128.875	3.2968742743833E-05
272	79.3531647996525	1.15966796875		6.182861328125E-06	6.94580078125E-06	7.62939453125001E-07	7.16817930879188E-06	187512.34375	3.32784184138291E-05
273	79.4031647995263	1.16470336914063		6.16455078125E-06	6.927490234375E-06	7.62939453125E-07	7.18269484423217E-06	189009.90625	3.35871045535896E-05
274	79.4531647994	1.16973876953125		6.146240234375E-06	6.9122314453125E-06	7.65991210937499E-07	7.18949559086468E-06	190317.78125	3.38948739226907E-05
275	79.5031647992738	1.17477416992188		6.1279296875E-06	6.89697265625E-06	7.6904296875E-07	7.19612853572471E-06	191633.46875	3.42017265211325E-05
276	79.5531647991476	1.1798095703125		6.1126708984375E-06	6.878662109375E-06	7.659912109375E-07	7.21365267963847E-06	193060.421875	3.45077423844486E-05
277	79.6031647990213	1.18484497070313		6.0943603515625E-06	6.866455078125E-06	7.720947265625E-07	7.21994229024858E-06	194391.59375	3.48129178746603E-05
278	79.6531647988951	1.18988037109375		6.0791015625E-06	6.8511962890625E-06	7.720947265625E-07	7.23154789739056E-06	195682.734375	3.51172566297464E-05
279	79.7031647987689	1.19491577148438		6.0638427734375E-06	6.8359375E-06	7.720947265625E-07	7.24485607861425E-06	197030.703125	3.54208277713042E-05
280	79.7531647986426	1.199951171875		6.048583984375E-06	6.82373046875E-06	7.75146484375E-07	7.25800555301248E-06	198385.46875	3.57236385752913E-05
281	79.8031647985164	1.20498657226563		6.0333251953125E-06	6.8115234375E-06	7.781982421875E-07	7.26915504856152E-06	199696.515625	3.60256890417077E-05
282	79.8531647983901	1.21002197265625		6.01806640625E-06	6.79931640625E-06	7.8125E-07	7.28382929082727E-06	201115.625	3.63269718945958E-05
283	79.9031647982639	1.21505737304688		6.005859375E-06	6.787109375E-06	7.8125E-07	7.29654720998951E-06	202286.59375	3.66275708074681E-05
284	79.9531647981377	1.2200927734375		5.9906005859375E-06	6.77490234375E-06	7.843017578125E-07	7.3072601480817E-06	203616.90625	3.6927482142346E-05
285	80.0031647980114	1.22512817382813		5.9783935546875E-06	6.7626953125E-06	7.843017578125E-07	7.32338594389148E-06	204900.46875	3.72267058992293E-05
286	80.0531647978852	1.23016357421875		5.9661865234375E-06	6.7535400390625E-06	7.87353515625001E-07	7.33938531993772E-06	206189.25	3.75253221136518E-05
287	80.103164797759	1.23519897460938		5.9539794921875E-06	6.744384765625E-06	7.904052734375E-07	7.35525782147306E-06	207483.34375	3.78233235096559E-05
288	80.1531647976327	1.240234375		5.9417724609375E-06	6.7352294921875E-06	7.9345703125E-07	7.36737683837418E-06	208680.03125	3.81207173631992E-05
289	80.2031647975065	1.24526977539063		5.9326171875E-06	6.72607421875E-06	7.9345703125E-07	7.38861399440793E-06	209927.984375	3.84175800718367E-05
290	80.2531647973802	1.25030517578125		5.92041015625E-06	6.7169189453125E-06	7.965087890625E-07	7.40593259251909E-06	211288.671875	3.87139043596108E-05
291	80.303164797254	1.25534057617188		5.908203125E-06	6.7108154296875E-06	8.026123046875E-07	7.41590565667138E-06	212448.34375	3.9009621104924E-05
292	80.3531647971278	1.2603759765625		5.8990478515625E-06	6.70166015625E-06	8.02612304687501E-07	7.43501777833444E-06	213657.53125	3.93047994293738E-05
293	80.4031647970015	1.26541137695313		5.889892578125E-06	6.695556640625E-06	8.056640625E-07	7.45583292882657E-06	214922.296875	3.95995230064727E-05
294	80.4531647968753	1.27044677734375		5.8807373046875E-06	6.689453125E-06	8.087158203125E-07	7.4729582593136E-06	216087.1875	3.98937918362208E-05
295	80.503164796749	1.27548217773438		5.87158203125E-06	6.683349609375E-06	8.11767578125E-07	7.48820184526267E-06	217203.75	4.01875986426603E-05
296	80.5531647966228	1.280517578125		5.8624267578125E-06	6.6802978515625E-06	8.1787109375E-07	7.50872914068168E-06	218479.96875	4.04809470637701E-05
297	80.6031647964966	1.28555297851563		5.8563232421875E-06	6.6741943359375E-06	8.1787109375E-07	7.52593314246042E-06	219437.203125	4.0773917135084E-05
298	80.6531647963703	1.29058837890625		5.84716796875E-06	6.671142578125E-06	8.23974609375E-07	7.54450229578651E-06	220668.0625	4.10665052186232E-05
299	80.7031647962441	1.29562377929688		5.841064453125E-06	6.6680908203125E-06	8.270263671875E-07	7.56693043513224E-06	221786.84375	4.13587113143876E-05
300	80.7531647961179	1.3006591796875		5.8349609375E-06	6.6650390625E-06	8.30078125E-07	7.5910757004749E-06	222960.265625	4.16506118199322E-05
301	80.8031647959916	1.30569458007813		5.828857421875E-06	6.6619873046875E-06	8.33129882812501E-07	7.60981811254169E-06	223979.0625	4.19422067352571E-05
302	80.8531647958654	1.31072998046875		5.82275390625E-06	6.6619873046875E-06	8.39233398437501E-07	7.63028128858423E-06	225052.421875	4.22334960603621E-05
303	80.9031647957391	1.31576538085938		5.816650390625E-06	6.658935546875E-06	8.4228515625E-07	7.65600998420268E-06	226285.421875	4.25244834332261E-05
304	80.9531647956129	1.32080078125		5.810546875E-06	6.658935546875E-06	8.48388671875E-07	7.67634810472373E-06	227363.453125	4.28151615778916E-05
305	81.0031647954867	1.32583618164063		5.804443359375E-06	6.658935546875E-06	8.544921875E-07	7.69839789427351E-06	228496.3125	4.3105537770316E-05
306	81.0531647953604	1.33087158203125		5.8013916015625E-06	6.658935546875E-06	8.575439453125E-07	7.71913710195804E-06	229352.96875	4.33956811320968E-05
307	81.1031647952342	1.33590698242188		5.7952880859375E-06	6.658935546875E-06	8.636474609375E-07	7.73931242292747E-06	230437.078125	4.36855989391916E-05
308	81.153164795108	1.3409423828125		5.792236328125E-06	6.658935546875E-06	8.6669921875E-07	7.76351953390986E-06	231401.484375	4.39752875536215E-05
309	81.2031647949817	1.34597778320313		5.7891845703125E-06	6.6619873046875E-06	8.72802734375E-07	7.79299716668902E-06	232525.046875	4.42648233729415E-05
310	81.2531647948555	1.35101318359375		5.7861328125E-06	6.6619873046875E-06	8.758544921875E-07	7.81714152253699E-06	233491.578125	4.45542063971516E-05
311	81.3031647947292	1.35604858398438		5.7830810546875E-06	6.6650390625E-06	8.819580078125E-07	7.84125586505979E-06	234459.109375	4.48434366262518E-05
312	81.353164794603	1.361083984375		5.780029296875E-06	6.6680908203125E-06	8.880615234375E-07	7.86710552347358E-06	235480.46875	4.51325140602421E-05
313	81.4031647944768	1.36611938476563		5.7769775390625E-06	6.671142578125E-06	8.94165039062501E-07	7.8876337283873E-06	236344.421875	4.54214386991225E-05
314	81.4531647943505	1.37115478515625		5.7769775390625E-06	6.6741943359375E-06	8.97216796875E-07	7.9211304182536E-06	237348.125	4.5710286940448E-05
315	81.5031647942243	1.37619018554688		5.77392578125E-06	6.6802978515625E-06	9.063720703125E-07	7.945139259391E-06	238319.234375	4.59990587842185E-05
316	81.5531647940981	1.3812255859375		5.77392578125E-06	6.6864013671875E-06	9.124755859375E-07	7.97685606812593E-06	239270.609375	4.62877578684129E-05
317	81.6031647939718	1.38626098632813		5.7708740234375E-06	6.689453125E-06	9.185791015625E-07	7.9990568337962E-06	240190.375	4.65763769170735E-05
318	81.6531647938456	1.39129638671875		5.7708740234375E-06	6.695556640625E-06	9.246826171875E-07	8.02899648988387E-06	241089.375	4.68649195681792E-05
319	81.7031647937193	1.39633178710938		5.7708740234375E-06	6.7047119140625E-06	9.33837890625E-07	8.05541276349686E-06	241882.609375	4.71534658572637E-05
320	81.7531647935931	1.4013671875		5.7708740234375E-06	6.7138671875E-06	9.42993164062499E-07	8.08887489256449E-06	242887.359375	4.74420085083693E-05
321	81.8031647934669	1.40640258789063		5.7708740234375E-06	6.7230224609375E-06	9.521484375E-07	8.11705285741482E-06	243733.484375	4.7730551159475E-05
322	81.8531647933406	1.41143798828125		5.77392578125E-06	6.7352294921875E-06	9.613037109375E-07	8.14953818917274E-06	244450.3125	4.80191702081356E-05
323	81.9031647932144	1.41647338867188		5.77392578125E-06	6.7474365234375E-06	9.735107421875E-07	8.17949330667034E-06	245348.84375	4.830786929233E-05
324	81.9531647930881	1.4215087890625		5.7769775390625E-06	6.7626953125E-06	9.85717773437501E-07	8.21202411316335E-06	246064.453125	4.85966411361005E-05
325	82.0031647929619	1.42654418945313		5.780029296875E-06	6.781005859375E-06	1.0009765625E-06	8.24634935270296E-06	246832.09375	4.88855657749809E-05
326	82.0531647928357	1.43157958984375		5.7830810546875E-06	6.8023681640625E-06	1.019287109375E-06	8.28070551506244E-06	247598.953125	4.91746432089712E-05
327	82.1031647927094	1.43661499023438		5.7861328125E-06	6.8267822265625E-06	1.0406494140625E-06	8.31332727102563E-06	248312.25	4.94638734380715E-05
328	82.1531647925832	1.441650390625		5.792236328125E-06	6.854248046875E-06	1.06201171875E-06	8.35037917568116E-06	248893.578125	4.97533328598365E-05
329	82.203164792457	1.44668579101563		5.79833984375E-06	6.884765625E-06	1.08642578125E-06	8.38926007418195E-06	249526.3125	5.00430978718214E-05
330	82.2531647923307	1.45172119140625		5.804443359375E-06	6.9183349609375E-06	1.1138916015625E-06	8.42820463731186E-06	250157.734375	5.0333168474026E-05
331	82.3031647922045	1.45675659179688		5.816650390625E-06	6.9580078125E-06	1.141357421875E-06	8.47610590426484E-06	250524.671875	5.06236938235816E-05
332	82.3531647920782	1.4617919921875		5.8258056640625E-06	7.0037841796875E-06	1.177978515625E-06	8.51967160997447E-06	251021.484375	5.09147539560217E-05
333	82.403164791952	1.46682739257813		5.841064453125E-06	7.0556640625E-06	1.214599609375E-06	8.56694168760441E-06	251097.1875	5.12064289068803E-05
334	82.4531647918258	1.47186279296875		5.8563232421875E-06	7.110595703125E-06	1.2542724609375E-06	8.62149136082735E-06	251380.921875	5.14988605573308E-05
335	82.5031647916995	1.47689819335938		5.8746337890625E-06	7.1746826171875E-06	1.300048828125E-06	8.67533981363522E-06	251376.625	5.17921362188645E-05
336	82.5531647915733	1.48193359375		5.8990478515625E-06	7.244873046875E-06	1.3458251953125E-06	8.74379747983767E-06	251267.46875	5.20864778081886E-05
337	82.6031647914471	1.48696899414063		5.926513671875E-06	7.318115234375E-06	1.3916015625E-06	8.81163759913761E-06	250875.390625	5.2382118155947E-05
338	82.6531647913208	1.49200439453125		5.9539794921875E-06	7.4005126953125E-06	1.446533203125E-06	8.88518025021767E-06	250640.703125	5.26791300217155E-05
339	82.7031647911946	1.49703979492188		5.987548828125E-06	7.4859619140625E-06	1.4984130859375E-06	8.96451274456922E-06	250050.96875	5.29776662006043E-05
340	82.7531647910683	1.5020751953125		6.024169921875E-06	7.58056640625E-06	1.556396484375E-06	9.04875560081564E-06	249341.453125	5.32779595232569E-05
