Potential - Start -0.205 V, Stop 1.505 V, Step 0.005 V; Modulation - Amplitude 0.05 V, Time 0.025 s, Interval time 0.05 s
Index	Base.Time (s)	Potential applied (V)	WE(1).Base.Potential (V)	WE(1).Base.Current (A)	WE(1).Pulse.Current (A)	WE(1).δ.Current (A)	WE(1).Base.Power (W)	WE(1).Base.Resistance (Ω)	WE(1).Base.Charge (C)
1	140.251358645899	-0.204925537109375		-5.0689697265625E-07	2.5146484375E-07	7.5836181640625E-07	1.03798790007659E-07	403973.5	0
2	140.301358645773	-0.19989013671875		-7.09228515625E-07	2.2247314453125E-07	9.31701660156251E-07	1.4170285567161E-07	281712.5625	-3.0403136008772E-08
3	140.351358645647	-0.194854736328125		-7.0556640625E-07	2.31018066406249E-07	9.36584472656249E-07	1.37353751483715E-07	275908.3125	-6.57730083730712E-08
4	140.401358645521	-0.1898193359375		-6.91833496093749E-07	2.46582031250001E-07	9.3841552734375E-07	1.3121780284564E-07	274150.875	-1.00708007266803E-07
5	140.451358645394	-0.184783935546875		-6.7626953125E-07	2.63366699218751E-07	9.3963623046875E-07	1.24881182728132E-07	273059.5625	-1.34910578708514E-07
6	140.501358645268	-0.17974853515625		-6.6131591796875E-07	2.8106689453125E-07	9.42382812499999E-07	1.18749468924761E-07	271527.46875	-1.68350211993129E-07
7	140.551358645142	-0.174713134765625		-6.47888183593751E-07	2.9876708984375E-07	9.46655273437501E-07	1.13075941499119E-07	269382.96875	-2.01080311512669E-07
8	140.601358645016	-0.169677734375		-6.35681152343751E-07	3.1768798828125E-07	9.53369140625E-07	1.07802740956231E-07	266778.6875	-2.33169544117118E-07
9	140.651358644889	-0.164642333984375		-6.24694824218749E-07	3.38134765625001E-07	9.6282958984375E-07	1.02794018630448E-07	263409.875	-2.64678959638331E-07
10	140.701358644763	-0.15960693359375		-6.15234375E-07	3.5980224609375E-07	9.7503662109375E-07	9.81017862500266E-08	259176.59375	-2.9567718229373E-07
11	140.751358644637	-0.154571533203125		-6.06689453125001E-07	3.83605957031249E-07	9.9029541015625E-07	9.36843420618061E-08	254527.1875	-3.2622526191517E-07
12	140.801358644511	-0.1495361328125		-5.999755859375E-07	4.0924072265625E-07	1.00921630859375E-06	8.96630965030454E-08	249084.4375	-3.56391893774344E-07
13	140.851358644385	-0.144500732421875		-5.9478759765625E-07	4.376220703125E-07	1.03240966796875E-06	8.59109405837444E-08	242842.484375	-3.86260978757491E-07
14	140.901358644258	-0.13946533203125		-5.91430664062501E-07	4.7027587890625E-07	1.06170654296875E-06	8.24299277724094E-08	235655.328125	-4.1591641775085E-07
15	140.951358644132	-0.134429931640625		-5.89904785156251E-07	5.07202148437499E-07	1.09710693359375E-06	7.92288474826819E-08	227677.203125	-4.45449813923915E-07
16	141.001358644006	-0.12939453125		-5.902099609375E-07	5.4931640625E-07	1.1395263671875E-06	7.62798819664567E-08	218976.21875	-4.74952685181051E-07
17	141.05135864388	-0.124359130859375		-5.9356689453125E-07	5.98754882812499E-07	1.19232177734375E-06	7.37792333893594E-08	209408.75	-5.04547074342554E-07
18	141.101358643753	-0.11932373046875		-5.999755859375E-07	6.55212402343749E-07	1.25518798828125E-06	7.15913230919796E-08	198880.984375	-5.34385662831482E-07
19	141.151358643627	-0.114288330078125		-6.0943603515625E-07	7.2052001953125E-07	1.3299560546875E-06	6.95956288154775E-08	187381.078125	-5.64620961540641E-07
20	141.201358643501	-0.1092529296875		-6.21948242187501E-07	7.97424316406251E-07	1.41937255859375E-06	6.78737421822007E-08	175466.140625	-5.95405538206251E-07
21	141.251358643375	-0.104217529296875		-6.396484375E-07	8.880615234375E-07	1.5277099609375E-06	6.65649722009221E-08	162690.84375	-6.26945450221683E-07
22	141.301358643248	-0.09918212890625		-6.61621093750001E-07	9.906005859375E-07	1.6522216796875E-06	6.55806076110821E-08	149815.5	-6.59477223052818E-07
23	141.351358643122	-0.094146728515625		-6.915283203125E-07	1.11175537109375E-06	1.80328369140625E-06	6.50840235039141E-08	136098.84375	-6.93305935328681E-07
24	141.401358642996	-0.089111328125		-7.25402832031249E-07	1.2530517578125E-06	1.97845458984375E-06	6.46194706632741E-08	122801.859375	-7.28729219190427E-07
25	141.45135864287	-0.084075927734375		-7.66601562499999E-07	1.416015625E-06	2.1826171875E-06	6.44527347049006E-08	109673.5703125	-7.6602935905612E-07
26	141.501358642743	-0.07904052734375		-8.160400390625E-07	1.6009521484375E-06	2.4169921875E-06	6.44753299638978E-08	96821.2421875	-8.05595391284442E-07
27	141.551358642617	-0.074005126953125		-8.7249755859375E-07	1.81060791015625E-06	2.68310546875E-06	6.44894129209206E-08	84714.9375	-8.47808792059368E-07
28	141.601358642491	-0.0689697265625		-9.37805175781251E-07	2.04620361328125E-06	2.9840087890625E-06	6.46229239009699E-08	73478.6875	-8.93066385287966E-07
29	141.651358642365	-0.063934326171875		-1.011962890625E-06	2.3065185546875E-06	3.3184814453125E-06	6.46065103637739E-08	63088.0625	-9.4181058329923E-07
30	141.701358642238	-0.05889892578125		-1.09344482421875E-06	2.5921630859375E-06	3.68560791015625E-06	6.44027196017305E-08	53865.4765625	-9.94445713331515E-07
31	141.751358642112	-0.053863525390625		-1.181640625E-06	2.900390625E-06	4.08203125E-06	6.35752073208096E-08	45532.0234375	-1.05132289718313E-06
32	141.801358641986	-0.048828125		-1.273193359375E-06	3.22784423828125E-06	4.50103759765625E-06	6.19422806380499E-08	38211.88671875	-1.11269378066936E-06
33	141.85135864186	-0.043792724609375		-1.3751220703125E-06	3.57025146484375E-06	4.94537353515625E-06	6.00189054011935E-08	31739.90234375	-1.1789015843533E-06
34	141.901358641734	-0.03875732421875		-1.47430419921875E-06	3.91998291015625E-06	5.394287109375E-06	5.69511229286945E-08	26201.615234375	-1.25013730212231E-06
35	141.951358641607	-0.033721923828125		-1.56982421875E-06	4.2694091796875E-06	5.8392333984375E-06	5.27554426810184E-08	21407.462890625	-1.32624052184838E-06
36	142.001358641481	-0.0286865234375		-1.65771484375E-06	4.6173095703125E-06	6.2750244140625E-06	4.73668926304072E-08	17236.744140625	-1.40692895911343E-06
37	142.051358641355	-0.023651123046875		-1.73248291015625E-06	4.9468994140625E-06	6.67938232421875E-06	4.08006890495471E-08	13593.4482421875	-1.49168397456378E-06
38	142.101358641229	-0.01861572265625		-1.788330078125E-06	5.255126953125E-06	7.04345703125E-06	3.30782086166437E-08	10343.00390625	-1.57970418968034E-06
39	142.151358641102	-0.013580322265625		-1.81915283203125E-06	5.52978515625E-06	7.34893798828125E-06	2.44826168227519E-08	7398.087890625	-1.66989127592387E-06
40	142.201358640976	-0.008544921875		-1.822509765625E-06	5.7647705078125E-06	7.5872802734375E-06	1.53785375545112E-08	4629.93994140625	-1.76093283243972E-06
41	142.25135864085	-0.003509521484375		-1.79443359375E-06	5.950927734375E-06	7.745361328125E-06	6.13879391764272E-09	1906.46264648438	-1.85135650099255E-06
42	142.301358640724	0.00152587890625		-1.73370361328125E-06	6.0882568359375E-06	7.82196044921875E-06	-2.84647372339464E-09	-947.016357421875	-1.93955997929152E-06
43	142.351358640597	0.006561279296875		-1.630859375E-06	6.1614990234375E-06	7.7923583984375E-06	-1.08796953668389E-08	-4090.56909179688	-2.02367391466396E-06
44	142.401358640471	0.0115966796875		-1.50360107421875E-06	6.1737060546875E-06	7.67730712890625E-06	-1.76111480953978E-08	-7789.72998046875	-2.10203552342136E-06
45	142.451358640345	0.016632080078125		-1.34735107421875E-06	6.1248779296875E-06	7.47222900390625E-06	-2.25449383606247E-08	-12419.0263671875	-2.17330921259418E-06
46	142.501358640219	0.02166748046875		-1.16607666015625E-06	6.024169921875E-06	7.19024658203125E-06	-2.53620253687359E-08	-18652.185546875	-2.23614506467129E-06
47	142.551358640092	0.026702880859375		-9.6435546875E-07	5.87158203125E-06	6.8359375E-06	-2.5818756910212E-08	-27762.66015625	-2.28940575652814E-06
48	142.601358639966	0.03173828125		-7.4951171875E-07	5.682373046875E-06	6.431884765625E-06	-2.38316726353105E-08	-42422.640625	-2.33225250667601E-06
49	142.65135863984	0.036773681640625		-5.25817871093751E-07	5.462646484375E-06	5.98846435546875E-06	-1.93731679587472E-08	-70069.6484375	-2.36413575294137E-06
50	142.701358639714	0.04180908203125		-2.9754638671875E-07	5.218505859375E-06	5.51605224609375E-06	-1.24737384865625E-08	-140892.296875	-2.38471989177924E-06
51	142.751358639587	0.046844482421875		-7.32421875E-08	4.96826171875E-06	5.04150390625E-06	-3.43926220836011E-09	-641125	-2.39398946177971E-06
52	142.801358639461	0.0518798828125		1.38244628906251E-07	4.7119140625E-06	4.57366943359375E-06	7.18055304105292E-09	375717.4375	-2.39236442212132E-06
53	142.851358639335	0.056915283203125		3.436279296875E-07	4.4647216796875E-06	4.12109375E-06	1.95786551415722E-08	165808.171875	-2.38031771004898E-06
54	142.901358639209	0.06195068359375		5.30090332031249E-07	4.22607421875E-06	3.69598388671875E-06	3.28556346573805E-08	116925.734375	-2.35847460317018E-06
55	142.951358639083	0.066986083984375		6.9732666015625E-07	3.99871826171875E-06	3.3013916015625E-06	4.67963054973097E-08	96236.328125	-2.32778916142706E-06
56	143.001358638956	0.072021484375		8.43200683593751E-07	3.78662109375E-06	2.94342041015625E-06	6.07800316743123E-08	85486.7890625	-2.28927615353314E-06
57	143.05135863883	0.077056884765625		9.68322753906251E-07	3.59100341796875E-06	2.6226806640625E-06	7.4645484460234E-08	79609.203125	-2.24398786485835E-06
58	143.101358638704	0.08209228515625		1.07421875E-06	3.4112548828125E-06	2.3370361328125E-06	8.82506370203373E-08	76477.2734375	-2.19292451220099E-06
59	143.151358638578	0.087127685546875		1.15997314453125E-06	3.2476806640625E-06	2.08770751953125E-06	1.01101164773354E-07	75138.125	-2.13706971408101E-06
60	143.201358638451	0.0921630859375		1.2286376953125E-06	3.0999755859375E-06	1.871337890625E-06	1.13310029803415E-07	75062.1015625	-2.07735433832568E-06
61	143.251358638325	0.097198486328125		1.28082275390625E-06	2.9669189453125E-06	1.68609619140625E-06	1.2461129017538E-07	75959.015625	-2.01461784854473E-06
62	143.301358638199	0.10223388671875		1.32080078125E-06	2.847900390625E-06	1.527099609375E-06	1.35111207555383E-07	77449.171875	-1.94957738131052E-06
63	143.351358638073	0.107269287109375		1.34918212890625E-06	2.74078369140625E-06	1.3916015625E-06	1.44766971743593E-07	79529.5234375	-1.882827746158E-06
64	143.401358637946	0.1123046875		1.36749267578125E-06	2.645263671875E-06	1.27777099609375E-06	1.53575825834196E-07	82124.53125	-1.81491088824259E-06
65	143.45135863782	0.117340087890625		1.37847900390625E-06	2.55889892578125E-06	1.180419921875E-06	1.61792911512748E-07	85145.0078125	-1.74626154603175E-06
66	143.501358637694	0.12237548828125		1.38336181640625E-06	2.48291015625E-06	1.09954833984375E-06	1.69416225048735E-07	88528.5703125	-1.67721555044409E-06
67	143.551358637568	0.127410888671875		1.38275146484375E-06	2.41363525390625E-06	1.0308837890625E-06	1.76261977458125E-07	92187.15625	-1.60806268922897E-06
68	143.601358637441	0.1324462890625		1.37847900390625E-06	2.35198974609375E-06	9.735107421875E-07	1.82700617301634E-07	96147.890625	-1.53903192767757E-06
69	143.651358637315	0.137481689453125		1.3714599609375E-06	2.29583740234375E-06	9.2437744140625E-07	1.88592480299121E-07	100267.0234375	-1.47028345054423E-06
70	143.701358637189	0.14251708984375		1.36199951171875E-06	2.2454833984375E-06	8.8348388671875E-07	1.94108196183151E-07	104638.140625	-1.40194697451079E-06
71	143.751358637063	0.147552490234375		1.35040283203125E-06	2.19970703125E-06	8.4930419921875E-07	1.99296508185398E-07	109288.1328125	-1.33413698222284E-06
72	143.801358636936	0.152587890625		1.3385009765625E-06	2.15850830078125E-06	8.20007324218751E-07	2.04239043455345E-07	113999.0859375	-1.26691429613857E-06
73	143.85135863681	0.157623291015625		1.32537841796875E-06	2.12005615234375E-06	7.94677734374999E-07	2.089105066716E-07	118927.0078125	-1.20031734240911E-06
74	143.901358636684	0.16265869140625		1.3116455078125E-06	2.08526611328125E-06	7.7362060546875E-07	2.13310514141085E-07	123987.8984375	-1.13439170945639E-06
75	143.951358636558	0.167694091796875		1.29791259765625E-06	2.0538330078125E-06	7.55920410156249E-07	2.1773149683213E-07	129249.9375	-1.06915274500352E-06
76	144.001358636432	0.1727294921875		1.28448486328125E-06	2.02423095703125E-06	7.39746093750001E-07	2.21868404537418E-07	134473.75	-1.00459283203236E-06
77	144.051358636305	0.177764892578125		1.27044677734375E-06	1.99737548828125E-06	7.269287109375E-07	2.25840835810232E-07	139923.125	-9.40719587561034E-07
78	144.101358636179	0.18280029296875		1.25762939453125E-06	1.97235107421875E-06	7.14721679687501E-07	2.29856638611636E-07	145328.8125	-8.77517663866456E-07
79	144.151358636053	0.187835693359375		1.24420166015625E-06	1.94976806640625E-06	7.05566406250001E-07	2.33819378081535E-07	151042.4375	-8.14971883755788E-07
80	144.201358635927	0.19287109375		1.231689453125E-06	1.92779541015625E-06	6.9610595703125E-07	2.37632463040427E-07	156640.234375	-7.53074630210904E-07
81	144.2513586358	0.197906494140625		1.21978759765625E-06	1.9073486328125E-06	6.8756103515625E-07	2.41441114212648E-07	162271.703125	-6.91787704454327E-07
82	144.301358635674	0.20294189453125		1.2078857421875E-06	1.888427734375E-06	6.805419921875E-07	2.45093758621806E-07	167988.890625	-6.31095872449805E-07
83	144.351358635548	0.207977294921875		1.1962890625E-06	1.87103271484375E-06	6.7474365234375E-07	2.4880097271307E-07	173852.03125	-5.70991517179209E-07
84	144.401358635422	0.2130126953125		1.18499755859375E-06	1.85394287109375E-06	6.689453125E-07	2.52455663485307E-07	179783.6875	-5.11459347762866E-07
85	144.451358635295	0.218048095703125		1.17431640625E-06	1.83837890625E-06	6.640625E-07	2.56093272810176E-07	185706.859375	-4.52476484724684E-07
86	144.501358635169	0.22308349609375		1.1651611328125E-06	1.82342529296875E-06	6.5826416015625E-07	2.59999325180615E-07	191513.890625	-3.93989552094354E-07
87	144.551358635043	0.228118896484375		1.1553955078125E-06	1.8096923828125E-06	6.54296875E-07	2.63567528691055E-07	197437.9375	-3.35975641974073E-07
88	144.601358634917	0.233154296875		1.146240234375E-06	1.796875E-06	6.50634765625001E-07	2.67250811702979E-07	203407.890625	-2.78434754363843E-07
89	144.65135863479	0.238189697265625		1.13739013671875E-06	1.7840576171875E-06	6.4666748046875E-07	2.70879894515019E-07	209390.9375	-2.21343995576717E-07
90	144.701358634664	0.24322509765625		1.12884521484375E-06	1.77215576171875E-06	6.43310546874999E-07	2.74597908855867E-07	215490.6875	-1.64688103154731E-07
91	144.751358634538	0.248260498046875		1.12060546875E-06	1.761474609375E-06	6.40869140625E-07	2.78270476883336E-07	221595.859375	-1.0845184306163E-07
92	144.801358634412	0.2532958984375		1.11297607421875E-06	1.7510986328125E-06	6.38122558593751E-07	2.81878300256722E-07	227556.890625	-5.26123038468995E-08
93	144.851358634285	0.258331298828125		1.10504150390625E-06	1.74041748046875E-06	6.35375976562501E-07	2.85534270005883E-07	233830.4375	2.83813550439049E-09
94	144.901358634159	0.26336669921875		1.0980224609375E-06	1.7315673828125E-06	6.33544921875E-07	2.8914902827637E-07	239827.703125	5.79147325652229E-08
95	144.951358634033	0.268402099609375		1.09130859375E-06	1.72332763671875E-06	6.3201904296875E-07	2.92842912585911E-07	245889.265625	1.1264801003108E-07
96	145.001358633907	0.2734375		1.08428955078125E-06	1.71478271484375E-06	6.304931640625E-07	2.96518521736289E-07	252209.390625	1.67037967457873E-07
97	145.051358633781	0.278472900390625		1.0784912109375E-06	1.7071533203125E-06	6.28662109375E-07	3.00330583513642E-07	258206	2.21107484321692E-07
98	145.101358633654	0.28350830078125		1.0723876953125E-06	1.6998291015625E-06	6.2744140625E-07	3.03998092476832E-07	264342.625	2.74879454309485E-07
99	145.151358633528	0.288543701171875		1.06597900390625E-06	1.69281005859375E-06	6.26831054687499E-07	3.07581501601817E-07	270684.25	3.28338614963286E-07
100	145.201358633402	0.2935791015625		1.0601806640625E-06	1.685791015625E-06	6.256103515625E-07	3.11279251263841E-07	276943	3.81492611722933E-07
101	145.251358633276	0.298614501953125		1.0546875E-06	1.6802978515625E-06	6.256103515625E-07	3.14977143034412E-07	283159.71875	4.34364324064518E-07
102	145.301358633149	0.30364990234375		1.0498046875E-06	1.67449951171875E-06	6.24694824218749E-07	3.1874103001428E-07	289215.125	4.86976603042422E-07
103	145.351358633023	0.308685302734375		1.04461669921875E-06	1.67022705078125E-06	6.256103515625E-07	3.22425933063641E-07	295471.84375	5.39337122518191E-07
104	145.401358632897	0.313720703125		1.0400390625E-06	1.6656494140625E-06	6.256103515625E-07	3.26281764273517E-07	301643.21875	5.91453556353372E-07
105	145.451358632771	0.318756103515625		1.0357666015625E-06	1.66168212890625E-06	6.2591552734375E-07	3.30220132127579E-07	307807.90625	6.43348698758928E-07
106	145.501358632644	0.32379150390625		1.0308837890625E-06	1.65771484375E-06	6.26831054687499E-07	3.33791376760928E-07	314091.1875	6.95014932716731E-07
107	145.551358632518	0.328826904296875		1.02630615234375E-06	1.65374755859375E-06	6.2744140625E-07	3.37477047196444E-07	320398.46875	7.46444698052073E-07
108	145.601358632392	0.3338623046875		1.02203369140625E-06	1.651611328125E-06	6.29577636718749E-07	3.41249688062817E-07	326694.5625	7.97653171957791E-07
109	145.651358632266	0.338897705078125		1.01806640625E-06	1.649169921875E-06	6.31103515625001E-07	3.45051432759647E-07	332913.65625	8.48655702156975E-07
110	145.701358632139	0.34393310546875		1.01409912109375E-06	1.6473388671875E-06	6.3323974609375E-07	3.48875090594447E-07	339241.65625	8.99459791980917E-07
111	145.751358632013	0.348968505859375		1.01043701171875E-06	1.64581298828125E-06	6.35375976562501E-07	3.52549022863968E-07	345303.53125	9.50073228977999E-07
112	145.801358631887	0.35400390625		1.007080078125E-06	1.64459228515625E-06	6.3751220703125E-07	3.56479546326227E-07	351484.84375	1.00051113349764E-06
113	145.851358631761	0.359039306640625		1.00341796875E-06	1.6436767578125E-06	6.40258789062499E-07	3.6029712191521E-07	357846.71875	1.05077356238326E-06
114	145.901358631634	0.36407470703125		1.0003662109375E-06	1.6424560546875E-06	6.42089843749999E-07	3.64269084229818E-07	364002.4375	1.1008681894964E-06
115	145.951358631508	0.369110107421875		9.9639892578125E-07	1.641845703125E-06	6.4544677734375E-07	3.67780899068748E-07	370444.125	1.15078728413209E-06
116	146.001358631382	0.3741455078125		9.930419921875E-07	1.64154052734375E-06	6.4849853515625E-07	3.71542199673058E-07	376767.03125	1.20052334295906E-06
117	146.051358631256	0.379180908203125		9.906005859375E-07	1.641845703125E-06	6.512451171875E-07	3.75616821202129E-07	382778.8125	1.25011445106793E-06
118	146.10135863113	0.38421630859375		9.87854003906249E-07	1.641845703125E-06	6.53991699218751E-07	3.79579745413139E-07	388971.3125	1.29957572880812E-06
119	146.151358631003	0.389251708984375		9.8541259765625E-07	1.64306640625E-06	6.5765380859375E-07	3.83603605769167E-07	395044.90625	1.34890740355331E-06
120	146.201358630877	0.394287109375		9.82666015625E-07	1.6436767578125E-06	6.610107421875E-07	3.87452502081942E-07	401242.28125	1.39810936161666E-06
121	146.251358630751	0.399322509765625		9.7991943359375E-07	1.6448974609375E-06	6.6497802734375E-07	3.91244043385086E-07	407443.1875	1.44717398598004E-06
122	146.301358630625	0.40435791015625		9.783935546875E-07	1.646728515625E-06	6.683349609375E-07	3.95591314372723E-07	413256.375	1.4961318584028E-06
123	146.351358630498	0.409393310546875		9.7625732421875E-07	1.64825439453125E-06	6.719970703125E-07	3.99702997810891E-07	419381.0625	1.54499809923436E-06
124	146.401358630372	0.4144287109375		9.74426269531251E-07	1.65130615234375E-06	6.76879882812499E-07	4.03859957032182E-07	425336.6875	1.59376520514343E-06
125	146.451358630246	0.419464111328125		9.722900390625E-07	1.654052734375E-06	6.817626953125E-07	4.07870430763069E-07	431450.125	1.64243317613E-06
126	146.50135863012	0.42449951171875		9.6954345703125E-07	1.6571044921875E-06	6.8756103515625E-07	4.11570709957232E-07	437834.46875	1.69097893376602E-06
127	146.551358629993	0.429534912109375		9.674072265625E-07	1.66168212890625E-06	6.9427490234375E-07	4.15535168940551E-07	444006.3125	1.73940270542516E-06
128	146.601358629867	0.4345703125		9.65576171875E-07	1.66778564453125E-06	7.0220947265625E-07	4.19669675011392E-07	450126.40625	1.78772734216182E-06
129	146.651358629741	0.439605712890625		9.63439941406249E-07	1.67388916015625E-06	7.10449218750001E-07	4.23533691673583E-07	456287.625	1.83595273028914E-06
130	146.701358629615	0.44464111328125		9.6099853515625E-07	1.68060302734375E-06	7.19604492187499E-07	4.27328757268697E-07	462718.34375	1.88406363577087E-06
131	146.751358629488	0.449676513671875		9.57336425781249E-07	1.68853759765625E-06	7.31201171875001E-07	4.30520913141663E-07	469748.1875	1.93202208720322E-06
132	146.801358629362	0.4547119140625		9.5489501953125E-07	1.69830322265625E-06	7.43408203125E-07	4.34231253620965E-07	476222.46875	1.97982785721251E-06
133	146.851358629236	0.459747314453125		9.50927734375E-07	1.7095947265625E-06	7.586669921875E-07	4.3718645770241E-07	483472.40625	2.02747332878062E-06
134	146.90135862911	0.46478271484375		9.47265625E-07	1.722412109375E-06	7.75146484375E-07	4.4030159074282E-07	490689.4375	2.0749282612087E-06
135	146.951358628983	0.469818115234375		9.43603515624999E-07	1.73797607421875E-06	7.94372558593751E-07	4.43322022647408E-07	497897.8125	2.12219993045437E-06
136	147.001358628857	0.474853515625		9.3902587890625E-07	1.754150390625E-06	8.15124511718751E-07	4.45899729584198E-07	505687.34375	2.16926559915009E-06
137	147.051358628731	0.479888916015625		9.33227539062501E-07	1.77337646484375E-06	8.40148925781249E-07	4.47788579549524E-07	514159.59375	2.21607206185581E-06
138	147.101358628605	0.48492431640625		9.2681884765625E-07	1.796875E-06	8.70056152343751E-07	4.49465261453952E-07	523246.65625	2.26257316171541E-06
139	147.151358628479	0.489959716796875		9.197998046875E-07	1.82281494140625E-06	9.0301513671875E-07	4.50692908771089E-07	532714	2.30873865803005E-06
140	147.201358628352	0.4949951171875		9.11560058593749E-07	1.8536376953125E-06	9.42077636718751E-07	4.51189947625608E-07	542986.25	2.3545226213173E-06
141	147.251358628226	0.500030517578125		9.02404785156249E-07	1.88995361328125E-06	9.87548828125001E-07	4.51229908549067E-07	554108.9375	2.3998718461371E-06
142	147.3013586281	0.50506591796875		8.9111328125E-07	1.93206787109375E-06	1.04095458984375E-06	4.50043728505989E-07	566746.625	2.44470970756083E-06
143	147.351358627974	0.510101318359375		8.7860107421875E-07	1.98272705078125E-06	1.1041259765625E-06	4.48148739451426E-07	580548.8125	2.48895253207593E-06
144	147.401358627847	0.51513671875		8.63037109375001E-07	2.04132080078125E-06	1.17828369140625E-06	4.44608417637937E-07	596923.625	2.53249345405493E-06
145	147.451358627721	0.520172119140625		8.44421386718749E-07	2.11029052734375E-06	1.265869140625E-06	4.39218695191812E-07	615974	2.57517990576162E-06
146	147.501358627595	0.52520751953125		8.2275390625E-07	2.1923828125E-06	1.36962890625E-06	4.32091411539659E-07	638316.0625	2.61685931945976E-06
147	147.551358627469	0.530242919921875		7.965087890625E-07	2.2894287109375E-06	1.492919921875E-06	4.22343134687253E-07	665708.875	2.65734092863568E-06
148	147.601358627342	0.5352783203125		7.63854980468751E-07	2.403564453125E-06	1.63970947265625E-06	4.08851690281153E-07	700719.125	2.69635006588942E-06
149	147.651358627216	0.540313720703125		7.244873046875E-07	2.5372314453125E-06	1.812744140625E-06	3.91472525507197E-07	745829.875	2.73355863100733E-06
150	147.70135862709	0.54534912109375		6.7596435546875E-07	2.6922607421875E-06	2.01629638671875E-06	3.68595294730767E-07	806681.75	2.76856985692575E-06
151	147.751358626964	0.550384521484375		6.201171875E-07	2.87139892578125E-06	2.25128173828125E-06	3.41302893502871E-07	887549.1875	2.80097196991846E-06
152	147.801358626837	0.555419921875		5.5755615234375E-07	3.07769775390625E-06	2.5201416015625E-06	3.09677773202566E-07	996168.625	2.83041367765691E-06
153	147.851358626711	0.560455322265625		4.88891601562499E-07	3.31329345703125E-06	2.82440185546875E-06	2.74001905609111E-07	1146379.5	2.85657483800605E-06
154	147.901358626585	0.56549072265625		4.14428710937501E-07	3.5791015625E-06	3.1646728515625E-06	2.343682439232E-07	1364580.25	2.87915804619843E-06
155	147.951358626459	0.570526123046875		3.3294677734375E-07	3.878173828125E-06	3.54522705078125E-06	1.89944671546982E-07	1713473.875	2.8978422506043E-06
156	148.001358626332	0.5755615234375		2.4261474609375E-07	4.21295166015625E-06	3.9703369140625E-06	1.39632305717896E-07	2372201.5	2.91223136628105E-06
157	148.051358626206	0.580596923828125		1.416015625E-07	4.583740234375E-06	4.442138671875E-06	8.22134325062507E-08	4100215.5	2.92183676720015E-06
158	148.10135862608	0.58563232421875		2.96020507812494E-08	4.9957275390625E-06	4.96612548828125E-06	1.73332068698073E-08	19780412	2.92611684926669E-06
159	148.151358625954	0.590667724609375		-9.18579101562497E-08	5.4443359375E-06	5.53619384765625E-06	-5.42546985116132E-08	-6429900.5	2.92456047645828E-06
160	148.201358625828	0.595703125		-2.23693847656251E-07	5.9326171875E-06	6.15631103515625E-06	-1.33241471189649E-07	-2662755.75	2.91667174678878E-06
161	148.251358625701	0.600738525390625		-3.62243652343749E-07	6.451416015625E-06	6.81365966796875E-06	-2.17602661223282E-07	-1658298.25	2.90202319774835E-06
162	148.301358625575	0.60577392578125		-5.0384521484375E-07	7.000732421875E-06	7.50457763671875E-06	-3.05170175352032E-07	-1202119.875	2.88037108475692E-06
163	148.351358625449	0.610809326171875		-6.427001953125E-07	7.5714111328125E-06	8.214111328125E-06	-3.92528022530314E-07	-950284.9375	2.85170744973584E-06
164	148.401358625323	0.6158447265625		-7.7484130859375E-07	8.1634521484375E-06	8.93829345703125E-06	-4.7715826667627E-07	-794761.75	2.81626876130758E-06
165	148.451358625196	0.620880126953125		-8.92028808593751E-07	8.7615966796875E-06	9.65362548828125E-06	-5.53788481738593E-07	-695963.0625	2.7745970783144E-06
166	148.50135862507	0.62591552734375		-9.86633300781251E-07	9.36279296875E-06	1.03494262695313E-05	-6.17488865373161E-07	-634333.4375	2.72763054454117E-06
167	148.551358624944	0.630950927734375		-1.0528564453125E-06	9.954833984375E-06	1.10076904296875E-05	-6.64204321765283E-07	-599188.4375	2.67664336206508E-06
168	148.601358624818	0.635986328125		-1.08306884765625E-06	1.05377197265625E-05	1.16207885742188E-05	-6.88717818775331E-07	-587123.125	2.62324510913459E-06
169	148.651358624691	0.641021728515625		-1.07391357421875E-06	1.10931396484375E-05	1.21670532226562E-05	-6.88401883053302E-07	-596902.5625	2.56932071351912E-06
170	148.701358624565	0.64605712890625		-1.02081298828125E-06	1.1614990234375E-05	1.26358032226562E-05	-6.59410034131724E-07	-632795.1875	2.51695246333838E-06
171	148.751358624439	0.651092529296875		-9.234619140625E-07	1.20941162109375E-05	1.3017578125E-05	-6.01174576786434E-07	-704957.0625	2.46834565587051E-06
172	148.801358624313	0.6561279296875		-7.8338623046875E-07	1.25274658203125E-05	1.33108520507813E-05	-5.13905945354054E-07	-837397.75	2.42567443820008E-06
173	148.851358624186	0.661163330078125		-6.024169921875E-07	1.2896728515625E-05	1.34991455078125E-05	-3.98185733274659E-07	-1097213.75	2.39102928389912E-06
174	148.90135862406	0.66619873046875		-3.814697265625E-07	1.319580078125E-05	1.35772705078125E-05	-2.54099717267309E-07	-1746160.125	2.36643222706334E-06
175	148.951358623934	0.671234130859375		-1.28784179687499E-07	1.341552734375E-05	1.35443115234375E-05	-8.64404086087234E-08	-5211848.5	2.35367588174995E-06
176	149.001358623808	0.67626953125		1.507568359375E-07	1.3555908203125E-05	1.34051513671875E-05	1.0194764854532E-07	4485627.5	2.35422498917615E-06
177	149.051358623681	0.681304931640625		4.5318603515625E-07	1.3604736328125E-05	1.31515502929688E-05	3.0870256750859E-07	1503097.625	2.36932373809395E-06
178	149.101358623555	0.68634033203125		7.7239990234375E-07	1.356201171875E-05	1.27896118164063E-05	5.30034867551876E-07	888423.625	2.39996325035463E-06
179	149.151358623429	0.691375732421875		1.10443115234375E-06	1.3427734375E-05	1.23233032226563E-05	7.63475782150635E-07	625918.75	2.4468840820191E-06
180	149.201358623303	0.6964111328125		1.44134521484375E-06	1.3214111328125E-05	1.17727661132812E-05	1.00363683941396E-06	483103.96875	2.51052847488609E-06
181	149.251358623177	0.701446533203125		1.77978515625E-06	1.2908935546875E-05	1.1129150390625E-05	1.24820678593096E-06	394050.09375	2.59105672739679E-06
182	149.30135862305	0.70648193359375		2.1112060546875E-06	1.2548828125E-05	1.04376220703125E-05	1.49139998484316E-06	334605.40625	2.68833150585124E-06
183	149.351358622924	0.711517333984375		2.440185546875E-06	1.21490478515625E-05	9.7088623046875E-06	1.73608532350045E-06	291558.28125	2.80211634162697E-06
184	149.401358622798	0.716552734375		2.75604248046875E-06	1.17218017578125E-05	8.96575927734375E-06	1.97442932403646E-06	259937.984375	2.93202197099163E-06
185	149.451358622672	0.721588134765625		3.0535888671875E-06	1.12945556640625E-05	8.240966796875E-06	2.20306083065225E-06	236268.234375	3.07726281789655E-06
186	149.501358622545	0.72662353515625		3.3306884765625E-06	1.087646484375E-05	7.5457763671875E-06	2.4196483536798E-06	218114.359375	3.23686981573701E-06
187	149.551358622419	0.731658935546875		3.5791015625E-06	1.04888916015625E-05	6.9097900390625E-06	2.61813556790003E-06	204382.671875	3.40961446454457E-06
188	149.601358622293	0.7366943359375		3.79425048828125E-06	1.0137939453125E-05	6.34368896484375E-06	2.79473965747457E-06	194128.53125	3.59394834958948E-06
189	149.651358622167	0.741729736328125		3.974609375E-06	9.8358154296875E-06	5.8612060546875E-06	2.94747928819561E-06	186578.640625	3.78816980628471E-06
190	149.70135862204	0.74676513671875		4.12017822265625E-06	9.5855712890625E-06	5.46539306640625E-06	3.07605068883277E-06	181201.40625	3.99053942601313E-06
191	149.751358621914	0.751800537109375		4.228515625E-06	9.38720703125E-06	5.15869140625E-06	3.17835497298802E-06	177756.9375	4.19925663663889E-06
192	149.801358621788	0.7568359375		4.2919921875E-06	9.246826171875E-06	4.954833984375E-06	3.25095334119396E-06	176478.96875	4.41226939074113E-06
193	149.851358621662	0.761871337890625		4.32159423828125E-06	9.161376953125E-06	4.83978271484375E-06	3.29447698277363E-06	176399.96875	4.62760908703785E-06
194	149.901358621535	0.76690673828125		4.31854248046875E-06	9.130859375E-06	4.81231689453125E-06	3.31455498780997E-06	177725.96875	4.84361271446687E-06
195	149.951358621409	0.771942138671875		4.2822265625E-06	9.1552734375E-06	4.873046875E-06	3.30628472511307E-06	180302.15625	5.05863181388122E-06
196	150.001358621283	0.7769775390625		4.219970703125E-06	9.2254638671875E-06	5.0054931640625E-06	3.2801099223434E-06	184191.515625	5.27118663740112E-06
197	150.051358621157	0.782012939453125		4.13421630859375E-06	9.3353271484375E-06	5.20111083984375E-06	3.23364156429307E-06	189193.171875	5.48004118172685E-06
198	150.10135862103	0.78704833984375		4.03106689453125E-06	9.48486328125E-06	5.45379638671875E-06	3.17387480208708E-06	195321.375	5.68417362956097E-06
199	150.151358620904	0.792083740234375		3.91326904296875E-06	9.6588134765625E-06	5.74554443359375E-06	3.10023369820556E-06	202448.734375	5.88278180657653E-06
200	150.201358620778	0.797119140625		3.7890625E-06	9.8541259765625E-06	6.0650634765625E-06	3.02149055642076E-06	210454.25	6.0753400248359E-06
201	150.251358620652	0.802154541015625		3.66607666015625E-06	1.00555419921875E-05	6.38946533203125E-06	2.9413192805805E-06	218846.265625	6.26171868134406E-06
202	150.301358620526	0.80718994140625		3.5516357421875E-06	1.02569580078125E-05	6.705322265625E-06	2.86901240542647E-06	227444.578125	6.44216152068111E-06
203	150.351358620399	0.812225341796875		3.45306396484375E-06	1.04461669921875E-05	6.99310302734375E-06	2.80624681181507E-06	235351.296875	6.61727881379193E-06
204	150.401358620273	0.8172607421875		3.37615966796875E-06	1.0614013671875E-05	7.23785400390625E-06	2.75920274361852E-06	242068.15625	6.78800961395609E-06
205	150.451358620147	0.822296142578125		3.32855224609375E-06	1.07513427734375E-05	7.42279052734375E-06	2.73857926913479E-06	247180.71875	6.95562721375609E-06
206	150.501358620021	0.82733154296875		3.31085205078125E-06	1.085205078125E-05	7.54119873046875E-06	2.74018270829401E-06	249976.96875	7.1216122705664E-06
207	150.551358619894	0.832366943359375		3.3245849609375E-06	1.09130859375E-05	7.5885009765625E-06	2.76879654848017E-06	250504.875	7.28749819245422E-06
208	150.601358619768	0.83740234375		3.370361328125E-06	1.092529296875E-05	7.554931640625E-06	2.82337714452296E-06	248551.25	7.45487204767414E-06
209	150.651358619642	0.842437744140625		3.44696044921875E-06	1.0888671875E-05	7.44171142578125E-06	2.90332354779821E-06	244355.921875	7.62530498832348E-06
210	150.701358619516	0.84747314453125		3.55072021484375E-06	1.080322265625E-05	7.25250244140625E-06	3.00913984574436E-06	238676.421875	7.80024674895685E-06
211	150.751358619389	0.852508544921875		3.67645263671875E-06	1.06781005859375E-05	7.00164794921875E-06	3.13476812152658E-06	231924.96875	7.98092605691636E-06
212	150.801358619263	0.8575439453125		3.82354736328125E-06	1.0516357421875E-05	6.69281005859375E-06	3.28119335790689E-06	224439.3125	8.16842657513916E-06
213	150.851358619137	0.862579345703125		3.98529052734375E-06	1.03240966796875E-05	6.33880615234375E-06	3.43580472872418E-06	216325.921875	8.36364688439062E-06
214	150.901358619011	0.86761474609375		4.1534423828125E-06	1.0113525390625E-05	5.9600830078125E-06	3.60485523742682E-06	208964	8.56711540109245E-06
215	150.951358618884	0.872650146484375		4.32220458984375E-06	9.893798828125E-06	5.57159423828125E-06	3.77243190996523E-06	201934.625	8.7790067482274E-06
216	151.001358618758	0.877685546875		4.4866943359375E-06	9.674072265625E-06	5.1873779296875E-06	3.93653726860066E-06	195551.625	8.99922906683059E-06
217	151.051358618632	0.882720947265625		4.638671875E-06	9.466552734375E-06	4.827880859375E-06	4.09536050938186E-06	190328.953125	9.22736307984451E-06
218	151.101358618506	0.88775634765625		4.779052734375E-06	9.2742919921875E-06	4.4952392578125E-06	4.24117570219096E-06	185696.046875	9.46280670177657E-06
219	151.15135861838	0.892791748046875		4.901123046875E-06	9.1064453125E-06	4.205322265625E-06	4.37642984252307E-06	182191.796875	9.70481050899252E-06
220	151.201358618253	0.8978271484375		5.0018310546875E-06	8.966064453125E-06	3.9642333984375E-06	4.49077970188227E-06	179499.6875	9.95238497125683E-06
221	151.251358618127	0.902862548828125		5.078125E-06	8.8592529296875E-06	3.7811279296875E-06	4.58407384940074E-06	177764.421875	1.02043832157506E-05
222	151.301358618001	0.90789794921875		5.126953125E-06	8.7921142578125E-06	3.6651611328125E-06	4.65787934444961E-06	177202.390625	1.04595101220184E-05
223	151.351358617875	0.912933349609375		5.1483154296875E-06	8.7646484375E-06	3.6163330078125E-06	4.70242548544775E-06	177415.53125	1.07163923530607E-05
224	151.401358617748	0.91796875		5.1483154296875E-06	8.7799072265625E-06	3.631591796875E-06	4.7275634642574E-06	178363.96875	1.09738075479981E-05
225	151.451358617622	0.923004150390625		5.120849609375E-06	8.8409423828125E-06	3.7200927734375E-06	4.72890951641602E-06	180333.734375	1.12305369839305E-05
226	151.501358617496	0.92803955078125		5.0689697265625E-06	8.9447021484375E-06	3.875732421875E-06	4.7026574065967E-06	183022.28125	1.14852828119183E-05
227	151.55135861737	0.933074951171875		4.9957275390625E-06	9.0911865234375E-06	4.095458984375E-06	4.66215033156914E-06	186805.125	1.1736899978132E-05
228	151.601358617243	0.9381103515625		4.9041748046875E-06	9.271240234375E-06	4.3670654296875E-06	4.60065712104551E-06	191288.125	1.19843971333466E-05
229	151.651358617117	0.943145751953125		4.791259765625E-06	9.490966796875E-06	4.69970703125E-06	4.52104950454668E-06	196942.6875	1.2226783837832E-05
230	151.701358616991	0.94818115234375		4.6661376953125E-06	9.735107421875E-06	5.0689697265625E-06	4.42434384240187E-06	203204.71875	1.24632178994943E-05
231	151.751358616865	0.953216552734375		4.53582763671875E-06	1.0003662109375E-05	5.46783447265625E-06	4.32570232078433E-06	210253.65625	1.26932673083502E-05
232	151.801358616738	0.958251953125		4.39727783203125E-06	1.0284423828125E-05	5.88714599609375E-06	4.2136998672504E-06	217919.359375	1.29165955513599E-05
233	151.851358616612	0.963287353515625		4.26055908203125E-06	1.0565185546875E-05	6.30462646484375E-06	4.10349230151041E-06	226058.3125	1.31330407384667E-05
234	151.901358616486	0.96832275390625		4.134521484375E-06	1.08428955078125E-05	6.7083740234375E-06	4.00481303586275E-06	234278.125	1.33429184643319E-05
235	151.95135861636	0.973358154296875		4.02618408203125E-06	1.1102294921875E-05	7.07611083984375E-06	3.92076208299841E-06	241870.703125	1.35469354063389E-05
236	152.001358616233	0.9783935546875		3.94561767578125E-06	1.1334228515625E-05	7.38861083984375E-06	3.86157080356497E-06	248047.03125	1.37462302518543E-05
237	152.051358616107	0.983428955078125		3.89617919921875E-06	1.15325927734375E-05	7.63641357421875E-06	3.83339875043021E-06	252526.0625	1.39422754728002E-05
238	152.101358615981	0.98846435546875		3.8800048828125E-06	1.16851806640625E-05	7.80517578125E-06	3.83524638891686E-06	254758.53125	1.41366799653042E-05
239	152.151358615855	0.993499755859375		3.8958740234375E-06	1.17889404296875E-05	7.89306640625E-06	3.86995498047327E-06	254974.171875	1.43310771818506E-05
240	152.201358615729	0.99853515625		3.9501953125E-06	1.18377685546875E-05	7.8875732421875E-06	3.9444089452445E-06	252781.21875	1.45272288136766E-05
241	152.251358615602	1.00357055664063		4.03289794921875E-06	1.18316650390625E-05	7.79876708984375E-06	4.04668207920622E-06	248808.1875	1.47268065120443E-05
242	152.301358615476	1.00860595703125		4.14703369140625E-06	1.1767578125E-05	7.62054443359375E-06	4.18272247770801E-06	243211.4375	1.49313045767485E-05
243	152.35135861535	1.01364135742188		4.2877197265625E-06	1.16485595703125E-05	7.36083984375E-06	4.34686398875783E-06	236441.296875	1.51421736518387E-05
244	152.401358615224	1.0186767578125		4.45220947265625E-06	1.14776611328125E-05	7.02545166015625E-06	4.53536222266848E-06	228802.53125	1.53606706589926E-05
245	152.451358615097	1.02371215820313		4.6295166015625E-06	1.12640380859375E-05	6.634521484375E-06	4.73999853056739E-06	221160.203125	1.55877150973538E-05
246	152.501358614971	1.02874755859375		4.82177734375E-06	1.10198974609375E-05	6.1981201171875E-06	4.9633345042821E-06	213481.015625	1.58239963639062E-05
247	152.551358614845	1.03378295898438		5.023193359375E-06	1.0748291015625E-05	5.72509765625E-06	5.19365812579053E-06	205832.328125	1.60701220011106E-05
248	152.601358614719	1.038818359375		5.224609375E-06	1.04644775390625E-05	5.2398681640625E-06	5.43060878044344E-06	198948.609375	1.63263157446636E-05
249	152.651358614592	1.04385375976563		5.419921875E-06	1.0174560546875E-05	4.754638671875E-06	5.65843265576405E-06	192623.875	1.65924302564235E-05
250	152.701358614466	1.04888916015625		5.60302734375E-06	9.8876953125E-06	4.28466796875E-06	5.87524436923559E-06	187145.96875	1.68680035130819E-05
251	152.75135861434	1.05392456054688		5.77392578125E-06	9.6099853515625E-06	3.8360595703125E-06	6.08616301178699E-06	182558.140625	1.7152427972178E-05
252	152.801358614214	1.0589599609375		5.926513671875E-06	9.344482421875E-06	3.41796875E-06	6.27594044999569E-06	178681.78125	1.74449378391728E-05
253	152.851358614087	1.06399536132813		6.060791015625E-06	9.09423828125E-06	3.033447265625E-06	6.44957799522672E-06	175579.0625	1.77446199813858E-05
254	152.901358613961	1.06903076171875		6.1767578125E-06	8.8623046875E-06	2.685546875E-06	6.60314390188432E-06	173073.125	1.8050559447147E-05
255	152.951358613835	1.07406616210938		6.268310546875E-06	8.648681640625E-06	2.38037109375E-06	6.7335363382881E-06	171372.9375	1.8361686670687E-05
256	153.001358613709	1.0791015625		6.341552734375E-06	8.4503173828125E-06	2.1087646484375E-06	6.84317956256564E-06	170163.625	1.86769320862368E-05
257	153.051358613582	1.08413696289063		6.396484375E-06	8.270263671875E-06	1.873779296875E-06	6.92978528604726E-06	169370.234375	1.8995384380105E-05
258	153.101358613456	1.08917236328125		6.43310546875E-06	8.10546875E-06	1.67236328125E-06	7.00676037013181E-06	169307.40625	1.93161231436534E-05
259	153.15135861333	1.09420776367188		6.45751953125E-06	7.958984375E-06	1.50146484375E-06	7.06685295881471E-06	169470.703125	1.96383898583008E-05
260	153.201358613204	1.0992431640625		6.4697265625E-06	7.82470703125E-06	1.35498046875E-06	7.10982840246288E-06	169858.5	1.99615697056288E-05
261	153.251358613078	1.10427856445313		6.4697265625E-06	7.70263671875E-06	1.23291015625E-06	7.14141879143426E-06	170613.203125	2.0285056962166E-05
262	153.301358612951	1.10931396484375		6.463623046875E-06	7.5927734375E-06	1.129150390625E-06	7.17215971235419E-06	171671.390625	2.06083896046039E-05
263	153.351358612825	1.11434936523438		6.4483642578125E-06	7.4920654296875E-06	1.043701171875E-06	7.18277897249209E-06	172740.171875	2.09311892831465E-05
264	153.401358612699	1.119384765625		6.4300537109375E-06	7.403564453125E-06	9.735107421875E-07	7.19966601536726E-06	174133.84375	2.12531504075741E-05
265	153.451358612573	1.12442016601563		6.4056396484375E-06	7.3211669921875E-06	9.1552734375E-07	7.20360731065739E-06	175559.796875	2.15740419662325E-05
266	153.501358612446	1.12945556640625		6.3812255859375E-06	7.2479248046875E-06	8.6669921875E-07	7.20731031833566E-06	176996.65625	2.18937148019904E-05
267	153.55135861232	1.13449096679688		6.353759765625E-06	7.177734375E-06	8.23974609375001E-07	7.20537445886293E-06	178482.234375	2.22120888793143E-05
268	153.601358612194	1.1395263671875		6.3232421875E-06	7.11669921875E-06	7.9345703125E-07	7.20743037163629E-06	180260.625	2.25290132220834E-05
269	153.651358612068	1.14456176757813		6.292724609375E-06	7.061767578125E-06	7.6904296875E-07	7.20145135346684E-06	181862.28125	2.28444132517325E-05
270	153.701358611941	1.14959716796875		6.26220703125E-06	7.0098876953125E-06	7.476806640625E-07	7.19710442353971E-06	183528.265625	2.31582871492719E-05
271	153.751358611815	1.15463256835938		6.231689453125E-06	6.9610595703125E-06	7.29370117187499E-07	7.19816443961463E-06	185357.5	2.34706330957124E-05
272	153.801358611689	1.15966796875		6.201171875E-06	6.9183349609375E-06	7.171630859375E-07	7.18751562089892E-06	186909.453125	2.37814547290327E-05
273	153.851358611563	1.16470336914063		6.170654296875E-06	6.8756103515625E-06	7.04956054687499E-07	7.18415685696527E-06	188674.578125	2.40907502302434E-05
274	153.901358611436	1.16973876953125		6.1431884765625E-06	6.8389892578125E-06	6.9580078125E-07	7.18780029274058E-06	190462	2.43985978158889E-05
275	153.95135861131	1.17477416992188		6.1126708984375E-06	6.805419921875E-06	6.927490234375E-07	7.18380579201039E-06	192261.609375	2.47049938479904E-05
276	154.001358611184	1.1798095703125		6.085205078125E-06	6.7718505859375E-06	6.866455078125E-07	7.17752573109465E-06	193831.5	2.50099401455373E-05
277	154.051358611058	1.18484497070313		6.0577392578125E-06	6.7413330078125E-06	6.8359375E-07	7.18025466994732E-06	195667.515625	2.53135131060844E-05
278	154.101358610931	1.18988037109375		6.0333251953125E-06	6.7138671875E-06	6.805419921875E-07	7.18077626515878E-06	197268.59375	2.56157909461763E-05
279	154.151358610805	1.19491577148438		6.005859375E-06	6.6864013671875E-06	6.805419921875E-07	7.17557941243285E-06	198932.9375	2.5916770027834E-05
280	154.201358610679	1.199951171875		5.9814453125E-06	6.6619873046875E-06	6.805419921875E-07	7.17561670171563E-06	200561.234375	2.6216452170047E-05
281	154.251358610553	1.20498657226563		5.95703125E-06	6.6375732421875E-06	6.805419921875E-07	7.17905140845687E-06	202305.328125	2.65149155893596E-05
282	154.301358610427	1.21002197265625		5.9356689453125E-06	6.6162109375E-06	6.805419921875E-07	7.18228966434253E-06	203856.046875	2.6812233045348E-05
283	154.3513586103	1.21505737304688		5.914306640625E-06	6.597900390625E-06	6.8359375E-07	7.18531964594149E-06	205417.953125	2.71084809355671E-05
284	154.401358610174	1.2200927734375		5.8929443359375E-06	6.57958984375E-06	6.866455078125E-07	7.18993851478444E-06	207043	2.74036628979957E-05
285	154.451358610048	1.22512817382813		5.87158203125E-06	6.561279296875E-06	6.89697265624999E-07	7.19433637641487E-06	208679.84375	2.7697775294655E-05
286	154.501358609922	1.23016357421875		5.853271484375E-06	6.5460205078125E-06	6.92749023437501E-07	7.2004813773674E-06	210166.84375	2.79908981610788E-05
287	154.551358609795	1.23519897460938		5.8349609375E-06	6.53076171875E-06	6.9580078125E-07	7.20644675311632E-06	211663.1875	2.82831024378538E-05
288	154.601358609669	1.240234375		5.816650390625E-06	6.5155029296875E-06	6.988525390625E-07	7.21578453521943E-06	213273.875	2.85743935819482E-05
289	154.651358609543	1.24526977539063		5.8013916015625E-06	6.5032958984375E-06	7.01904296875E-07	7.2234124672832E-06	214623.890625	2.88648443529382E-05
290	154.701358609417	1.25030517578125		5.7861328125E-06	6.4910888671875E-06	7.04956054687499E-07	7.23443145034253E-06	216086.515625	2.91545329673681E-05
291	154.75135860929	1.25534057617188		5.7708740234375E-06	6.4788818359375E-06	7.080078125E-07	7.24353185432847E-06	217503.96875	2.94434576062486E-05
292	154.801358609164	1.2603759765625		5.755615234375E-06	6.4697265625E-06	7.14111328125E-07	7.25248219168861E-06	218928.96875	2.97316200885689E-05
293	154.851358609038	1.26541137695313		5.743408203125E-06	6.4605712890625E-06	7.171630859375E-07	7.26865027900203E-06	220350.6875	3.00190949928947E-05
294	154.901358608912	1.27044677734375		5.7281494140625E-06	6.451416015625E-06	7.232666015625E-07	7.27381211618194E-06	221683.546875	3.03058841382153E-05
295	154.951358608785	1.27548217773438		5.718994140625E-06	6.4453125E-06	7.26318359375E-07	7.29534758647787E-06	223052.296875	3.05920621030964E-05
296	155.001358608659	1.280517578125		5.706787109375E-06	6.439208984375E-06	7.32421875000001E-07	7.30938245396828E-06	224438.515625	3.08777089230716E-05
297	155.051358608533	1.28555297851563		5.6976318359375E-06	6.43310546875E-06	7.354736328125E-07	7.32547687221086E-06	225656.125	3.11628173221834E-05
298	155.101358608407	1.29058837890625		5.6854248046875E-06	6.4300537109375E-06	7.44628906249999E-07	7.3358078225283E-06	226945.796875	3.14473945763893E-05
299	155.15135860828	1.29562377929688		5.6793212890625E-06	6.427001953125E-06	7.476806640625E-07	7.35912999516586E-06	228156.921875	3.17315134452656E-05
300	155.201358608154	1.3006591796875		5.670166015625E-06	6.427001953125E-06	7.568359375E-07	7.3749533839873E-06	229386.4375	3.20152503263671E-05
301	155.251358608028	1.30569458007813		5.6610107421875E-06	6.427001953125E-06	7.659912109375E-07	7.38895960239461E-06	230566.046875	3.22985288221389E-05
302	155.301358607902	1.31072998046875		5.6549072265625E-06	6.427001953125E-06	7.720947265625E-07	7.41205622034613E-06	231786.296875	3.25814289681148E-05
303	155.351358607776	1.31576538085938		5.6488037109375E-06	6.427001953125E-06	7.781982421875E-07	7.43163809602265E-06	232901.140625	3.2864019885892E-05
304	155.401358607649	1.32080078125		5.6427001953125E-06	6.4300537109375E-06	7.87353515625E-07	7.45288298276137E-06	234072.46875	3.31463088514283E-05
305	155.451358607523	1.32583618164063		5.6396484375E-06	6.43310546875E-06	7.9345703125E-07	7.47638932807604E-06	235064.9375	3.3428364986321E-05
306	155.501358607397	1.33087158203125		5.6365966796875E-06	6.439208984375E-06	8.02612304687501E-07	7.4998661148129E-06	236058.484375	3.37102719640825E-05
307	155.551358607271	1.33590698242188		5.633544921875E-06	6.4422607421875E-06	8.087158203125E-07	7.52675123294466E-06	237161.4375	3.39920261467341E-05
308	155.601358607144	1.3409423828125		5.6304931640625E-06	6.4483642578125E-06	8.17871093750001E-07	7.55016662878916E-06	238157.1875	3.42736275342759E-05
309	155.651358607018	1.34597778320313		5.62744140625E-06	6.45751953125E-06	8.30078125E-07	7.57526959205279E-06	239208.25	3.45550761267077E-05
310	155.701358606892	1.35101318359375		5.62744140625E-06	6.463623046875E-06	8.36181640625E-07	7.60274724598275E-06	240075.9375	3.48364483215846E-05
311	155.751358606766	1.35604858398438		5.6243896484375E-06	6.4727783203125E-06	8.48388671875E-07	7.62780337026925E-06	241128.609375	3.51177441189066E-05
312	155.801358606639	1.361083984375		5.6243896484375E-06	6.48193359375E-06	8.575439453125E-07	7.65526601753663E-06	241996.75	3.53989635186736E-05
313	155.851358606513	1.36611938476563		5.62744140625E-06	6.4910888671875E-06	8.636474609375E-07	7.68861536926124E-06	242787.421875	3.56802593159955E-05
314	155.901358606387	1.37115478515625		5.62744140625E-06	6.5032958984375E-06	8.758544921875E-07	7.71781014918815E-06	243709.34375	3.59616315108724E-05
315	155.951358606261	1.37619018554688		5.6304931640625E-06	6.5155029296875E-06	8.85009765625001E-07	7.75120679463726E-06	244498.65625	3.62430801033042E-05
316	156.001358606134	1.3812255859375		5.6304931640625E-06	6.5277099609375E-06	8.97216796875E-07	7.7769809649908E-06	245311.65625	3.6524605093291E-05
317	156.051358606008	1.38626098632813		5.633544921875E-06	6.5399169921875E-06	9.063720703125E-07	7.80870414018864E-06	246045.515625	3.68062064808328E-05
318	156.101358605882	1.39129638671875		5.6365966796875E-06	6.5521240234375E-06	9.1552734375E-07	7.84389703767374E-06	246886.84375	3.70879570255056E-05
319	156.151358605756	1.39633178710938		5.6427001953125E-06	6.5673828125E-06	9.246826171875E-07	7.87822045822395E-06	247431.046875	3.73699404008221E-05
320	156.201358605629	1.4013671875		5.645751953125E-06	6.5826416015625E-06	9.368896484375E-07	7.91177171777235E-06	248216.21875	3.76521529688034E-05
321	156.251358605503	1.40640258789063		5.6488037109375E-06	6.597900390625E-06	9.490966796875E-07	7.94535390014062E-06	249000.5625	3.79345146939158E-05
322	156.301358605377	1.41143798828125		5.6549072265625E-06	6.6131591796875E-06	9.58251953124999E-07	7.98155087977648E-06	249595.265625	3.82171092496719E-05
323	156.351358605251	1.41647338867188		5.657958984375E-06	6.6314697265625E-06	9.735107421875E-07	8.01521127868909E-06	250377.5625	3.8499929360114E-05
324	156.401358605125	1.4215087890625		5.6640625E-06	6.6497802734375E-06	9.857177734375E-07	8.0549716585665E-06	251077.59375	3.87829823011998E-05
325	156.451358604998	1.42654418945313		5.6671142578125E-06	6.6680908203125E-06	1.0009765625E-06	8.08352433523396E-06	251696.28125	3.90662607969716E-05
326	156.501358604872	1.43157958984375		5.6732177734375E-06	6.6864013671875E-06	1.01318359375E-06	8.12166308605811E-06	252339.96875	3.93497684854083E-05
327	156.551358604746	1.43661499023438		5.67626953125E-06	6.7108154296875E-06	1.0345458984375E-06	8.15547991805943E-06	253118.296875	3.96335053665098E-05
328	156.60135860462	1.441650390625		5.682373046875E-06	6.7352294921875E-06	1.0528564453125E-06	8.19199522084091E-06	253705.703125	3.99174714402761E-05
329	156.651358604493	1.44668579101563		5.6884765625E-06	6.7596435546875E-06	1.0711669921875E-06	8.23204209154937E-06	254399.140625	4.02017431042623E-05
330	156.701358604367	1.45172119140625		5.6976318359375E-06	6.7901611328125E-06	1.092529296875E-06	8.26963423605775E-06	254740.21875	4.04863967560232E-05
331	156.751358604241	1.45675659179688		5.7037353515625E-06	6.82373046875E-06	1.1199951171875E-06	8.30808312457521E-06	255377.21875	4.077142875758E-05
332	156.801358604115	1.4617919921875		5.712890625E-06	6.8603515625E-06	1.1474609375E-06	8.35105765872868E-06	255876.078125	4.10568463848904E-05
333	156.851358603988	1.46682739257813		5.7220458984375E-06	6.9000244140625E-06	1.177978515625E-06	8.39412678033113E-06	256373.328125	4.13427187595516E-05
334	156.901358603862	1.47186279296875		5.7342529296875E-06	6.94580078125E-06	1.2115478515625E-06	8.44178339320933E-06	256732.3125	4.16291259170976E-05
335	156.951358603736	1.47689819335938		5.7464599609375E-06	6.99462890625E-06	1.2481689453125E-06	8.48430590849603E-06	256930.4375	4.19161442550831E-05
336	157.00135860361	1.48193359375		5.7586669921875E-06	7.049560546875E-06	1.2908935546875E-06	8.5322044469649E-06	257286.71875	4.22037737735081E-05
337	157.051358603483	1.48696899414063		5.7769775390625E-06	7.1075439453125E-06	1.33056640625E-06	8.59106785355834E-06	257422.078125	4.24921636295039E-05
338	157.101358603357	1.49200439453125		5.7952880859375E-06	7.1746826171875E-06	1.37939453125E-06	8.64836329128593E-06	257503.953125	4.27814702561591E-05
339	157.151358603231	1.49703979492188		5.816650390625E-06	7.2479248046875E-06	1.4312744140625E-06	8.70509393280372E-06	257292.765625	4.30717700510286E-05
340	157.201358603105	1.5020751953125		5.841064453125E-06	7.3272705078125E-06	1.4862060546875E-06	8.77371803653659E-06	257157.796875	4.33632121712435E-05
